7.450449999999999792e-05 3.497524178173682117e+02 3.497524178173703149e+02
1.228369999999999896e-04 5.667879310946395890e+02 5.667879310945812676e+02
2.025239999999999875e-04 9.181378943185616208e+02 9.181378943178237932e+02
3.339060000000000248e-04 1.485703535855085647e+03 1.485703535848244201e+03
5.505179999999999492e-04 2.397851475478468274e+03 2.397855446168998697e+03
9.076509999999999873e-04 3.847452672166037246e+03 3.847459075404760370e+03
1.496460000000000021e-03 6.102488120648625227e+03 6.102456938064457063e+03
2.467249999999999825e-03 9.472708869825299189e+03 9.472724535169374576e+03
4.067809999999999829e-03 1.415749717901870463e+04 1.415751955360029933e+04
4.609430000000000298e-03 1.551940916491973439e+04 1.551954671866148237e+04
5.223170000000000070e-03 1.693868751723522291e+04 1.693868126676153770e+04
5.918630000000000245e-03 1.839739078032928956e+04 1.839745157939115961e+04
6.706690000000000394e-03 1.987184506981407685e+04 1.987183244221771020e+04
7.599670000000000210e-03 2.133179612035425816e+04 2.133177835449165286e+04
8.611550000000000801e-03 2.273914139976911611e+04 2.273925568648808985e+04
9.758170000000000038e-03 2.404768664669358986e+04 2.404785419409592942e+04
1.105749999999999962e-02 2.520258959612657418e+04 2.520303627698931086e+04
1.252969999999999952e-02 2.614118431721006345e+04 2.614153204737628766e+04
1.419809999999999996e-02 2.679444619421539755e+04 2.679498979202640840e+04
1.608849999999999864e-02 2.708965885405095833e+04 2.709075525374564313e+04
1.823069999999999899e-02 2.695979406104950976e+04 2.696105388359252174e+04
2.065799999999999928e-02 2.635123888298014936e+04 2.635249324879035703e+04
2.340860000000000163e-02 2.524022802732137279e+04 2.524190751537241158e+04
2.652550000000000047e-02 2.365213423532256274e+04 2.365367804220871767e+04
3.005729999999999860e-02 2.167636537552921436e+04 2.167790711073210696e+04
3.405939999999999662e-02 1.947630216891062082e+04 1.947758503658851623e+04
3.859429999999999805e-02 1.750723065439315178e+04 1.750796095228352351e+04
4.373309999999999698e-02 1.553078794392427881e+04 1.553055226569508159e+04
4.955609999999999876e-02 1.381209908740548963e+04 1.381046718390789465e+04
5.615440000000000015e-02 1.272056532064487874e+04 1.270267133321705478e+04
6.363130000000000175e-02 1.175239961930674872e+04 1.174483415523350777e+04
7.108169999999999766e-02 1.072760611984887692e+04 1.072658839200719922e+04
7.853219999999999645e-02 9.631734255805355133e+03 9.620302660140187072e+03
8.598260000000000625e-02 8.381963881578629298e+03 8.373284802773008778e+03
9.343310000000000504e-02 7.241150828386870671e+03 7.232745103693068813e+03
1.008840000000000015e-01 6.372951163717021700e+03 6.360959974928230622e+03
1.083339999999999997e-01 5.790146790166109895e+03 5.779476212568246410e+03
1.157839999999999980e-01 5.423580486801800362e+03 5.413220470487515740e+03
1.232349999999999973e-01 5.160400425662596717e+03 5.147853090276466901e+03
1.306849999999999956e-01 4.884337855706074151e+03 4.872514835270106232e+03
1.381360000000000088e-01 4.541339474071802215e+03 4.530077676899245489e+03
1.455859999999999932e-01 4.146642124736825281e+03 4.134050670490625635e+03
1.530370000000000064e-01 3.751689897042002485e+03 3.739452915400209349e+03
1.604869999999999908e-01 3.417827581450761954e+03 3.406117395406306059e+03
1.679380000000000039e-01 3.175033885537483002e+03 3.162585462593359807e+03
1.753879999999999884e-01 3.008408940442428957e+03 2.996188310998802535e+03
1.828390000000000015e-01 2.887128150057772018e+03 2.875257516014250541e+03
1.902890000000000137e-01 2.777354549888918882e+03 2.764974660496699016e+03
1.977389999999999981e-01 2.650736941036667758e+03 2.638382998921796570e+03
2.051900000000000113e-01 2.501833026754512048e+03 2.489832641899869486e+03
2.126399999999999957e-01 2.343739028492364469e+03 2.331476057179631880e+03
2.200910000000000089e-01 2.194541649110797607e+03 2.182375330407757247e+03
2.334259999999999946e-01 1.992943153649459873e+03 1.980928617965873400e+03
2.475680000000000103e-01 1.858578222069822004e+03 1.846669179076148339e+03
2.625680000000000236e-01 1.733135567750774953e+03 1.721170271774568846e+03
2.784769999999999746e-01 1.580697126887389231e+03 1.568955888135813439e+03
2.953489999999999727e-01 1.440586822808248371e+03 1.429007067150979765e+03
3.132440000000000224e-01 1.338862734972341968e+03 1.327374276830815461e+03
3.322220000000000173e-01 1.244647180765871099e+03 1.233304048322690960e+03
3.523510000000000253e-01 1.145015330134049691e+03 1.133862886513751619e+03
3.736990000000000034e-01 1.062605421396932570e+03 1.051655334602159655e+03
3.963409999999999989e-01 9.916428830388557571e+02 9.808906708645160961e+02
4.203549999999999787e-01 9.217045685305304232e+02 9.111755333367418643e+02
4.458230000000000248e-01 8.616674812726091659e+02 8.513672095143467686e+02
6.221959999999999713e-01 6.118465082889763380e+02 6.032017660023241206e+02
8.683450000000000335e-01 4.585841869224231004e+02 4.519611872975310689e+02
1.211870000000000003e+00 3.441745552833046418e+02 3.396792943113297838e+02
1.691310000000000091e+00 2.427259689877408846e+02 2.401868782708783101e+02
2.360409999999999897e+00 1.542059887965325515e+02 1.532199569862306703e+02
3.294210000000000083e+00 8.874535261704663469e+01 8.865578942297864273e+01
4.597439999999999749e+00 4.811401724141951064e+01 4.817570069155581081e+01
6.416249999999999787e+00 2.500427637211896226e+01 2.511839820550688529e+01
