    0.10000E-03    0.32776E+03
    0.10202E-03    0.33427E+03
    0.10408E-03    0.34092E+03
    0.10618E-03    0.34770E+03
    0.10833E-03    0.35462E+03
    0.11052E-03    0.36168E+03
    0.11275E-03    0.36889E+03
    0.11503E-03    0.37625E+03
    0.11735E-03    0.38376E+03
    0.11972E-03    0.39143E+03
    0.12214E-03    0.39925E+03
    0.12461E-03    0.40724E+03
    0.12712E-03    0.41539E+03
    0.12969E-03    0.42372E+03
    0.13231E-03    0.43222E+03
    0.13499E-03    0.44090E+03
    0.13771E-03    0.44976E+03
    0.14049E-03    0.45880E+03
    0.14333E-03    0.46804E+03
    0.14623E-03    0.47747E+03
    0.14918E-03    0.48710E+03
    0.15220E-03    0.49693E+03
    0.15527E-03    0.50697E+03
    0.15841E-03    0.51723E+03
    0.16161E-03    0.52770E+03
    0.16487E-03    0.53840E+03
    0.16820E-03    0.54932E+03
    0.17160E-03    0.56048E+03
    0.17507E-03    0.57187E+03
    0.17860E-03    0.58351E+03
    0.18221E-03    0.59540E+03
    0.18589E-03    0.60754E+03
    0.18965E-03    0.61995E+03
    0.19348E-03    0.63262E+03
    0.19739E-03    0.64556E+03
    0.20138E-03    0.65878E+03
    0.20544E-03    0.67228E+03
    0.20959E-03    0.68607E+03
    0.21383E-03    0.70016E+03
    0.21815E-03    0.71455E+03
    0.22255E-03    0.72925E+03
    0.22705E-03    0.74426E+03
    0.23164E-03    0.75960E+03
    0.23632E-03    0.77526E+03
    0.24109E-03    0.79126E+03
    0.24596E-03    0.80760E+03
    0.25093E-03    0.82428E+03
    0.25600E-03    0.84132E+03
    0.26117E-03    0.85872E+03
    0.26645E-03    0.87648E+03
    0.27183E-03    0.89462E+03
    0.27732E-03    0.91313E+03
    0.28292E-03    0.93203E+03
    0.28864E-03    0.95132E+03
    0.29447E-03    0.97101E+03
    0.30042E-03    0.99110E+03
    0.30649E-03    0.10116E+04
    0.31268E-03    0.10325E+04
    0.31899E-03    0.10538E+04
    0.32544E-03    0.10756E+04
    0.33201E-03    0.10978E+04
    0.33872E-03    0.11204E+04
    0.34556E-03    0.11435E+04
    0.35254E-03    0.11670E+04
    0.35966E-03    0.11909E+04
    0.36693E-03    0.12153E+04
    0.37434E-03    0.12401E+04
    0.38190E-03    0.12654E+04
    0.38962E-03    0.12912E+04
    0.39749E-03    0.13174E+04
    0.40552E-03    0.13440E+04
    0.41371E-03    0.13712E+04
    0.42207E-03    0.13987E+04
    0.43060E-03    0.14268E+04
    0.43929E-03    0.14553E+04
    0.44817E-03    0.14842E+04
    0.45722E-03    0.15136E+04
    0.46646E-03    0.15435E+04
    0.47588E-03    0.15738E+04
    0.48550E-03    0.16045E+04
    0.49530E-03    0.16357E+04
    0.50531E-03    0.16673E+04
    0.51552E-03    0.16993E+04
    0.52593E-03    0.17318E+04
    0.53656E-03    0.17647E+04
    0.54739E-03    0.17980E+04
    0.55845E-03    0.18317E+04
    0.56973E-03    0.18658E+04
    0.58124E-03    0.19003E+04
    0.59299E-03    0.19351E+04
    0.60496E-03    0.19704E+04
    0.61719E-03    0.20060E+04
    0.62965E-03    0.20419E+04
    0.64237E-03    0.20782E+04
    0.65535E-03    0.21149E+04
    0.66859E-03    0.21519E+04
    0.68210E-03    0.21892E+04
    0.69588E-03    0.22268E+04
    0.70993E-03    0.22647E+04
    0.72427E-03    0.23029E+04
    0.73891E-03    0.23414E+04
    0.75383E-03    0.23802E+04
    0.76906E-03    0.24193E+04
    0.78460E-03    0.24586E+04
    0.80045E-03    0.24982E+04
    0.81662E-03    0.25381E+04
    0.83311E-03    0.25782E+04
    0.84994E-03    0.26186E+04
    0.86711E-03    0.26592E+04
    0.88463E-03    0.27001E+04
    0.90250E-03    0.27412E+04
    0.92073E-03    0.27825E+04
    0.93933E-03    0.28242E+04
    0.95831E-03    0.28660E+04
    0.97767E-03    0.29081E+04
    0.99742E-03    0.29505E+04
    0.10176E-02    0.29931E+04
    0.10381E-02    0.30360E+04
    0.10591E-02    0.30792E+04
    0.10805E-02    0.31226E+04
    0.11023E-02    0.31663E+04
    0.11246E-02    0.32103E+04
    0.11473E-02    0.32546E+04
    0.11705E-02    0.32992E+04
    0.11941E-02    0.33441E+04
    0.12182E-02    0.33893E+04
    0.12429E-02    0.34349E+04
    0.12680E-02    0.34807E+04
    0.12936E-02    0.35270E+04
    0.13197E-02    0.35735E+04
    0.13464E-02    0.36205E+04
    0.13736E-02    0.36678E+04
    0.14013E-02    0.37155E+04
    0.14296E-02    0.37636E+04
    0.14585E-02    0.38121E+04
    0.14880E-02    0.38610E+04
    0.15180E-02    0.39103E+04
    0.15487E-02    0.39601E+04
    0.15800E-02    0.40103E+04
    0.16119E-02    0.40609E+04
    0.16445E-02    0.41120E+04
    0.16777E-02    0.41635E+04
    0.17116E-02    0.42155E+04
    0.17462E-02    0.42680E+04
    0.17814E-02    0.43210E+04
    0.18174E-02    0.43744E+04
    0.18541E-02    0.44283E+04
    0.18916E-02    0.44827E+04
    0.19298E-02    0.45376E+04
    0.19688E-02    0.45930E+04
    0.20086E-02    0.46489E+04
    0.20491E-02    0.47053E+04
    0.20905E-02    0.47621E+04
    0.21328E-02    0.48195E+04
    0.21758E-02    0.48774E+04
    0.22198E-02    0.49357E+04
    0.22646E-02    0.49946E+04
    0.23104E-02    0.50539E+04
    0.23571E-02    0.51138E+04
    0.24047E-02    0.51741E+04
    0.24533E-02    0.52349E+04
    0.25028E-02    0.52962E+04
    0.25534E-02    0.53579E+04
    0.26050E-02    0.54201E+04
    0.26576E-02    0.54828E+04
    0.27113E-02    0.55459E+04
    0.27660E-02    0.56094E+04
    0.28219E-02    0.56733E+04
    0.28789E-02    0.57377E+04
    0.29371E-02    0.58025E+04
    0.29964E-02    0.58676E+04
    0.30569E-02    0.59332E+04
    0.31187E-02    0.59991E+04
    0.31817E-02    0.60653E+04
    0.32460E-02    0.61319E+04
    0.33115E-02    0.61988E+04
    0.33784E-02    0.62660E+04
    0.34467E-02    0.63335E+04
    0.35163E-02    0.64012E+04
    0.35874E-02    0.64692E+04
    0.36598E-02    0.65374E+04
    0.37338E-02    0.66057E+04
    0.38092E-02    0.66743E+04
    0.38861E-02    0.67430E+04
    0.39646E-02    0.68119E+04
    0.40447E-02    0.68809E+04
    0.41264E-02    0.69500E+04
    0.42098E-02    0.70191E+04
    0.42948E-02    0.70882E+04
    0.43816E-02    0.71573E+04
    0.44701E-02    0.72263E+04
    0.45604E-02    0.72951E+04
    0.46525E-02    0.73639E+04
    0.47465E-02    0.74324E+04
    0.48424E-02    0.75006E+04
    0.49402E-02    0.75686E+04
    0.50400E-02    0.76363E+04
    0.51419E-02    0.77037E+04
    0.52457E-02    0.77706E+04
    0.53517E-02    0.78371E+04
    0.54598E-02    0.79031E+04
    0.55701E-02    0.79685E+04
    0.56826E-02    0.80334E+04
    0.57974E-02    0.80976E+04
    0.59145E-02    0.81610E+04
    0.60340E-02    0.82237E+04
    0.61559E-02    0.82855E+04
    0.62803E-02    0.83465E+04
    0.64072E-02    0.84064E+04
    0.65366E-02    0.84653E+04
    0.66686E-02    0.85231E+04
    0.68033E-02    0.85796E+04
    0.69408E-02    0.86349E+04
    0.70810E-02    0.86888E+04
    0.72240E-02    0.87413E+04
    0.73700E-02    0.87922E+04
    0.75189E-02    0.88415E+04
    0.76708E-02    0.88890E+04
    0.78257E-02    0.89348E+04
    0.79838E-02    0.89786E+04
    0.81451E-02    0.90204E+04
    0.83096E-02    0.90600E+04
    0.84775E-02    0.90973E+04
    0.86488E-02    0.91323E+04
    0.88235E-02    0.91648E+04
    0.90017E-02    0.91947E+04
    0.91836E-02    0.92218E+04
    0.93691E-02    0.92460E+04
    0.95583E-02    0.92672E+04
    0.97514E-02    0.92852E+04
    0.99484E-02    0.92999E+04
    0.10149E-01    0.93111E+04
    0.10354E-01    0.93187E+04
    0.10564E-01    0.93225E+04
    0.10777E-01    0.93224E+04
    0.10995E-01    0.93182E+04
    0.11217E-01    0.93096E+04
    0.11443E-01    0.92966E+04
    0.11675E-01    0.92789E+04
    0.11910E-01    0.92563E+04
    0.12151E-01    0.92287E+04
    0.12397E-01    0.91960E+04
    0.12647E-01    0.91580E+04
    0.12902E-01    0.91146E+04
    0.13163E-01    0.90658E+04
    0.13429E-01    0.90111E+04
    0.13700E-01    0.89503E+04
    0.13977E-01    0.88829E+04
    0.14259E-01    0.88086E+04
    0.14547E-01    0.87272E+04
    0.14841E-01    0.86390E+04
    0.15141E-01    0.85446E+04
    0.15447E-01    0.84446E+04
    0.15759E-01    0.83398E+04
    0.16077E-01    0.82306E+04
    0.16402E-01    0.81164E+04
    0.16734E-01    0.79961E+04
    0.17072E-01    0.78686E+04
    0.17416E-01    0.77330E+04
    0.17768E-01    0.75886E+04
    0.18127E-01    0.74359E+04
    0.18493E-01    0.72759E+04
    0.18867E-01    0.71097E+04
    0.19248E-01    0.69383E+04
    0.19637E-01    0.67625E+04
    0.20034E-01    0.65826E+04
    0.20438E-01    0.63983E+04
    0.20851E-01    0.62096E+04
    0.21272E-01    0.60166E+04
    0.21702E-01    0.58193E+04
    0.22141E-01    0.56191E+04
    0.22588E-01    0.54175E+04
    0.23044E-01    0.52158E+04
    0.23510E-01    0.50153E+04
    0.23985E-01    0.48170E+04
    0.24469E-01    0.46217E+04
    0.24964E-01    0.44301E+04
    0.25468E-01    0.42426E+04
    0.25982E-01    0.40597E+04
    0.26507E-01    0.38818E+04
    0.27043E-01    0.37092E+04
    0.27589E-01    0.35419E+04
    0.28146E-01    0.33802E+04
    0.28715E-01    0.32242E+04
    0.29295E-01    0.30738E+04
    0.29887E-01    0.29293E+04
    0.30490E-01    0.27905E+04
    0.31106E-01    0.26575E+04
    0.31735E-01    0.25303E+04
    0.32376E-01    0.24087E+04
    0.33030E-01    0.22926E+04
    0.33697E-01    0.21817E+04
    0.34378E-01    0.20759E+04
    0.35072E-01    0.19748E+04
    0.35781E-01    0.18784E+04
    0.36504E-01    0.17866E+04
    0.37241E-01    0.16993E+04
    0.37993E-01    0.16163E+04
    0.38761E-01    0.15377E+04
    0.39544E-01    0.14632E+04
    0.40343E-01    0.13930E+04
    0.41158E-01    0.13269E+04
    0.41989E-01    0.12649E+04
    0.42838E-01    0.12069E+04
    0.43703E-01    0.11529E+04
    0.44586E-01    0.11027E+04
    0.45486E-01    0.10561E+04
    0.46405E-01    0.10131E+04
    0.47343E-01    0.97344E+03
    0.48299E-01    0.93698E+03
    0.49275E-01    0.90342E+03
    0.50270E-01    0.87246E+03
    0.51286E-01    0.84386E+03
    0.52322E-01    0.81738E+03
    0.53379E-01    0.79281E+03
    0.54457E-01    0.76992E+03
    0.55557E-01    0.74854E+03
    0.56680E-01    0.72848E+03
    0.57825E-01    0.70954E+03
    0.58993E-01    0.69150E+03
    0.60184E-01    0.67417E+03
    0.61400E-01    0.65739E+03
    0.62641E-01    0.64100E+03
    0.63906E-01    0.62488E+03
    0.65197E-01    0.60890E+03
    0.66514E-01    0.59285E+03
    0.67858E-01    0.57652E+03
    0.69229E-01    0.55970E+03
    0.70627E-01    0.54234E+03
    0.72054E-01    0.52452E+03
    0.73510E-01    0.50630E+03
    0.74994E-01    0.48761E+03
    0.76509E-01    0.46825E+03
    0.78055E-01    0.44807E+03
    0.79632E-01    0.42725E+03
    0.81241E-01    0.40616E+03
    0.82882E-01    0.38512E+03
    0.84556E-01    0.36433E+03
    0.86264E-01    0.34398E+03
    0.88007E-01    0.32423E+03
    0.89785E-01    0.30528E+03
    0.91598E-01    0.28730E+03
    0.93449E-01    0.27047E+03
    0.95337E-01    0.25490E+03
    0.97263E-01    0.24071E+03
    0.99227E-01    0.22797E+03
    0.10123E+00    0.21676E+03
    0.10328E+00    0.20713E+03
    0.10536E+00    0.19906E+03
    0.10749E+00    0.19245E+03
    0.10966E+00    0.18721E+03
    0.11188E+00    0.18318E+03
    0.11414E+00    0.18010E+03
    0.11644E+00    0.17769E+03
    0.11880E+00    0.17570E+03
    0.12120E+00    0.17381E+03
    0.12365E+00    0.17174E+03
    0.12614E+00    0.16925E+03
    0.12869E+00    0.16612E+03
    0.13129E+00    0.16219E+03
    0.13394E+00    0.15740E+03
    0.13665E+00    0.15171E+03
    0.13941E+00    0.14518E+03
    0.14223E+00    0.13795E+03
    0.14510E+00    0.13024E+03
    0.14803E+00    0.12234E+03
    0.15102E+00    0.11455E+03
    0.15407E+00    0.10719E+03
    0.15718E+00    0.10051E+03
    0.16036E+00    0.94714E+02
    0.16360E+00    0.89914E+02
    0.16690E+00    0.86110E+02
    0.17028E+00    0.83252E+02
    0.17371E+00    0.81201E+02
    0.17722E+00    0.79786E+02
    0.18080E+00    0.78778E+02
    0.18446E+00    0.77921E+02
    0.18818E+00    0.76925E+02
    0.19198E+00    0.75535E+02
    0.19586E+00    0.73554E+02
    0.19982E+00    0.70919E+02
    0.20386E+00    0.67684E+02
    0.20797E+00    0.64020E+02
    0.21218E+00    0.60172E+02
    0.21646E+00    0.56404E+02
    0.22083E+00    0.52969E+02
    0.22530E+00    0.50044E+02
    0.22985E+00    0.47715E+02
    0.23449E+00    0.45966E+02
    0.23923E+00    0.44703E+02
    0.24406E+00    0.43772E+02
    0.24899E+00    0.42962E+02
    0.25402E+00    0.42047E+02
    0.25915E+00    0.40865E+02
    0.26439E+00    0.39351E+02
    0.26973E+00    0.37540E+02
    0.27518E+00    0.35544E+02
    0.28074E+00    0.33525E+02
    0.28641E+00    0.31660E+02
    0.29219E+00    0.30082E+02
    0.29810E+00    0.28832E+02
    0.30412E+00    0.27865E+02
    0.31026E+00    0.27070E+02
    0.31653E+00    0.26311E+02
    0.32292E+00    0.25475E+02
    0.32945E+00    0.24496E+02
    0.33610E+00    0.23381E+02
    0.34289E+00    0.22206E+02
    0.34982E+00    0.21071E+02
    0.35689E+00    0.20060E+02
    0.36409E+00    0.19207E+02
    0.37145E+00    0.18495E+02
    0.37895E+00    0.17858E+02
    0.38661E+00    0.17220E+02
    0.39442E+00    0.16532E+02
    0.40239E+00    0.15799E+02
    0.41052E+00    0.15051E+02
    0.41881E+00    0.14341E+02
    0.42727E+00    0.13704E+02
    0.43590E+00    0.13143E+02
    0.44471E+00    0.12631E+02
    0.45369E+00    0.12128E+02
    0.46286E+00    0.11618E+02
    0.47221E+00    0.11097E+02
    0.48174E+00    0.10590E+02
    0.49148E+00    0.10118E+02
    0.50141E+00    0.96858E+01
    0.51153E+00    0.92810E+01
    0.52187E+00    0.88910E+01
    0.53241E+00    0.85024E+01
    0.54317E+00    0.81232E+01
    0.55414E+00    0.77592E+01
    0.56533E+00    0.74184E+01
    0.57675E+00    0.70943E+01
    0.58840E+00    0.67848E+01
    0.60029E+00    0.64880E+01
    0.61242E+00    0.62027E+01
    0.62479E+00    0.59284E+01
    0.63741E+00    0.56650E+01
    0.65029E+00    0.54125E+01
    0.66342E+00    0.51706E+01
    0.67683E+00    0.49393E+01
    0.69050E+00    0.47181E+01
    0.70445E+00    0.45066E+01
    0.71868E+00    0.43042E+01
    0.73320E+00    0.41106E+01
    0.74801E+00    0.39255E+01
    0.76312E+00    0.37483E+01
    0.77854E+00    0.35789E+01
    0.79426E+00    0.34168E+01
    0.81031E+00    0.32619E+01
    0.82668E+00    0.31137E+01
    0.84338E+00    0.29721E+01
    0.86041E+00    0.28366E+01
    0.87780E+00    0.27072E+01
    0.89553E+00    0.25834E+01
    0.91362E+00    0.24650E+01
    0.93208E+00    0.23519E+01
    0.95091E+00    0.22437E+01
    0.97011E+00    0.21404E+01
    0.98971E+00    0.20417E+01
    0.10097E+01    0.19475E+01
    0.10301E+01    0.18574E+01
    0.10509E+01    0.17714E+01
    0.10721E+01    0.16893E+01
    0.10938E+01    0.16108E+01
    0.11159E+01    0.15358E+01
    0.11384E+01    0.14642E+01
    0.11614E+01    0.13959E+01
    0.11849E+01    0.13307E+01
    0.12088E+01    0.12684E+01
    0.12333E+01    0.12091E+01
    0.12582E+01    0.11524E+01
    0.12836E+01    0.10984E+01
    0.13095E+01    0.10468E+01
    0.13360E+01    0.99758E+00
    0.13630E+01    0.95056E+00
    0.13905E+01    0.90567E+00
    0.14186E+01    0.86282E+00
    0.14472E+01    0.82194E+00
    0.14765E+01    0.78296E+00
    0.15063E+01    0.74578E+00
    0.15367E+01    0.71033E+00
    0.15678E+01    0.67654E+00
    0.15994E+01    0.64431E+00
    0.16318E+01    0.61358E+00
    0.16647E+01    0.58429E+00
    0.16984E+01    0.55636E+00
    0.17327E+01    0.52973E+00
    0.17677E+01    0.50434E+00
    0.18034E+01    0.48013E+00
    0.18398E+01    0.45706E+00
    0.18770E+01    0.43507E+00
    0.19149E+01    0.41412E+00
    0.19536E+01    0.39417E+00
    0.19930E+01    0.37517E+00
    0.20333E+01    0.35709E+00
    0.20744E+01    0.33987E+00
    0.21163E+01    0.32347E+00
    0.21590E+01    0.30785E+00
    0.22026E+01    0.29295E+00
    0.22471E+01    0.27875E+00
    0.22925E+01    0.26521E+00
    0.23388E+01    0.25231E+00
    0.23861E+01    0.24002E+00
    0.24343E+01    0.22832E+00
    0.24835E+01    0.21718E+00
    0.25336E+01    0.20657E+00
    0.25848E+01    0.19648E+00
    0.26370E+01    0.18686E+00
    0.26903E+01    0.17772E+00
    0.27447E+01    0.16901E+00
    0.28001E+01    0.16071E+00
    0.28567E+01    0.15282E+00
    0.29144E+01    0.14531E+00
    0.29733E+01    0.13816E+00
    0.30333E+01    0.13135E+00
    0.30946E+01    0.12487E+00
    0.31571E+01    0.11871E+00
    0.32209E+01    0.11285E+00
    0.32860E+01    0.10729E+00
    0.33523E+01    0.10200E+00
    0.34201E+01    0.96971E-01
    0.34892E+01    0.92190E-01
    0.35596E+01    0.87639E-01
    0.36316E+01    0.83306E-01
    0.37049E+01    0.79179E-01
    0.37798E+01    0.75248E-01
    0.38561E+01    0.71506E-01
    0.39340E+01    0.67946E-01
    0.40135E+01    0.64560E-01
    0.40946E+01    0.61342E-01
    0.41773E+01    0.58283E-01
    0.42617E+01    0.55375E-01
    0.43478E+01    0.52610E-01
    0.44356E+01    0.49981E-01
    0.45252E+01    0.47481E-01
    0.46166E+01    0.45105E-01
    0.47099E+01    0.42845E-01
    0.48050E+01    0.40697E-01
    0.49021E+01    0.38656E-01
    0.50011E+01    0.36716E-01
    0.51021E+01    0.34872E-01
    0.52052E+01    0.33119E-01
    0.53104E+01    0.31453E-01
    0.54176E+01    0.29868E-01
    0.55271E+01    0.28361E-01
    0.56387E+01    0.26929E-01
    0.57526E+01    0.25569E-01
    0.58689E+01    0.24278E-01
    0.59874E+01    0.23054E-01
    0.61084E+01    0.21894E-01
    0.62318E+01    0.20794E-01
    0.63577E+01    0.19750E-01
    0.64861E+01    0.18757E-01
    0.66171E+01    0.17812E-01
    0.67508E+01    0.16912E-01
    0.68872E+01    0.16056E-01
    0.70263E+01    0.15241E-01
    0.71682E+01    0.14466E-01
    0.73130E+01    0.13731E-01
    0.74608E+01    0.13033E-01
    0.76115E+01    0.12370E-01
    0.77653E+01    0.11740E-01
    0.79221E+01    0.11143E-01
    0.80822E+01    0.10576E-01
    0.82454E+01    0.10037E-01
    0.84120E+01    0.95248E-02
    0.85819E+01    0.90388E-02
    0.87553E+01    0.85774E-02
    0.89322E+01    0.81393E-02
    0.91126E+01    0.77236E-02
    0.92967E+01    0.73289E-02
    0.94845E+01    0.69541E-02
    0.96761E+01    0.65980E-02
    0.98716E+01    0.62597E-02
    0.10071E+02    0.59382E-02
    0.10274E+02    0.56330E-02
    0.10482E+02    0.53435E-02
    0.10694E+02    0.50693E-02
    0.10910E+02    0.48098E-02
    0.11130E+02    0.45646E-02
    0.11355E+02    0.43324E-02
    0.11584E+02    0.41122E-02
    0.11818E+02    0.39030E-02
    0.12057E+02    0.37039E-02
    0.12301E+02    0.35141E-02
    0.12549E+02    0.33333E-02
    0.12803E+02    0.31613E-02
    0.13061E+02    0.29979E-02
    0.13325E+02    0.28430E-02
    0.13594E+02    0.26961E-02
    0.13869E+02    0.25570E-02
    0.14149E+02    0.24251E-02
    0.14435E+02    0.23000E-02
    0.14727E+02    0.21812E-02
    0.15024E+02    0.20686E-02
    0.15328E+02    0.19616E-02
    0.15637E+02    0.18601E-02
    0.15953E+02    0.17639E-02
    0.16275E+02    0.16725E-02
    0.16604E+02    0.15859E-02
    0.16940E+02    0.15037E-02
    0.17282E+02    0.14258E-02
    0.17631E+02    0.13518E-02
    0.17987E+02    0.12817E-02
    0.18351E+02    0.12152E-02
    0.18721E+02    0.11521E-02
    0.19099E+02    0.10923E-02
    0.19485E+02    0.10355E-02
    0.19879E+02    0.98163E-03
    0.20280E+02    0.93054E-03
    0.20690E+02    0.88209E-03
    0.21108E+02    0.83614E-03
    0.21535E+02    0.79257E-03
    0.21970E+02    0.75127E-03
