7.389889999999999816e-05 3.164667427687938925e+02 3.164635368654567174e+02
1.218389999999999968e-04 5.128521605186302850e+02 5.128521605187074783e+02
2.008780000000000103e-04 8.307731013880064665e+02 8.307731013881798390e+02
3.311920000000000098e-04 1.344413416437370415e+03 1.344401975618263350e+03
5.460429999999999624e-04 2.170060990648091774e+03 2.170060990636795850e+03
9.002730000000000454e-04 3.482916802513896982e+03 3.482922530592509247e+03
1.484300000000000029e-03 5.527215095446122177e+03 5.527233468770648869e+03
2.447200000000000070e-03 8.588220835815960527e+03 8.588232333339563411e+03
4.034740000000000201e-03 1.285703762599202128e+04 1.285714154587830490e+04
4.571959999999999913e-03 1.410191511254806574e+04 1.410186842826882639e+04
5.180709999999999829e-03 1.540122149664256904e+04 1.540116370000514507e+04
5.870519999999999732e-03 1.673910045139886279e+04 1.673906086112609046e+04
6.652169999999999785e-03 1.809475426743705975e+04 1.809484036602879496e+04
7.537890000000000215e-03 1.944074569326489654e+04 1.944082429275848335e+04
8.541550000000000184e-03 2.074301710299398474e+04 2.074320974857098918e+04
9.678849999999999260e-03 2.195962973239945131e+04 2.195981088376478147e+04
1.096759999999999922e-02 2.304110677068475707e+04 2.304116249799850993e+04
1.242790000000000041e-02 2.393003226348345197e+04 2.393025892529592238e+04
1.408260000000000067e-02 2.456256919537945942e+04 2.456286396740502096e+04
1.595769999999999827e-02 2.487266835150613042e+04 2.487296140206927885e+04
1.808250000000000135e-02 2.479648771770997701e+04 2.479716219694435858e+04
2.049010000000000067e-02 2.428326073487449685e+04 2.428376985096017961e+04
2.321830000000000074e-02 2.330810087369289249e+04 2.330848389397536084e+04
2.630980000000000124e-02 2.188915829352977744e+04 2.188986226496694144e+04
2.981289999999999982e-02 2.010426157397962743e+04 2.010496345454743641e+04
3.378250000000000003e-02 1.809831075955151027e+04 1.809896417066736831e+04
3.828059999999999796e-02 1.628492443128862578e+04 1.628538239463912578e+04
4.337760000000000227e-02 1.445018405348374836e+04 1.445032207444345840e+04
4.915320000000000106e-02 1.284462128262216538e+04 1.284420098674333531e+04
5.569790000000000157e-02 1.180604292508482831e+04 1.180106856661343409e+04
6.311400000000000343e-02 1.091373392789019454e+04 1.090870754172627130e+04
7.050389999999999435e-02 9.981842275828959828e+03 9.983150818996244197e+03
7.789379999999999915e-02 8.980671946586691774e+03 8.976552215158348190e+03
8.528370000000000395e-02 7.837274492327514963e+03 7.833015195646428765e+03
9.267359999999999487e-02 6.774039641760631639e+03 6.771153059224327080e+03
1.000629999999999992e-01 5.949795614116350407e+03 5.945308342470613752e+03
1.074530000000000068e-01 5.392010081840690873e+03 5.387106596432377955e+03
1.148430000000000006e-01 5.039069781598739610e+03 5.035117632686949946e+03
1.222329999999999944e-01 4.790956597236440757e+03 4.786186560894931063e+03
1.296229999999999882e-01 4.542931308434071980e+03 4.537620712941896272e+03
1.370129999999999959e-01 4.235075001128394433e+03 4.230514185452409038e+03
1.444030000000000036e-01 3.874290202089040577e+03 3.869486305770748913e+03
1.517930000000000113e-01 3.507057835750885260e+03 3.501758957802517671e+03
1.591829999999999912e-01 3.188788810586103864e+03 3.183891714550313282e+03
1.665719999999999978e-01 2.951853286409793327e+03 2.946977654856447316e+03
1.739620000000000055e-01 2.789237397621969194e+03 2.783961315751591428e+03
1.813520000000000132e-01 2.672971280999081500e+03 2.668008021644575820e+03
1.887419999999999931e-01 2.571752844878616543e+03 2.566857119261258049e+03
1.961320000000000008e-01 2.458768466352213636e+03 2.453520265918675250e+03
2.035220000000000085e-01 2.324512271461183445e+03 2.319427833061040928e+03
2.109119999999999884e-01 2.178391420357610514e+03 2.173451987696551441e+03
2.183019999999999960e-01 2.037504784849893895e+03 2.032381897429791479e+03
2.315280000000000116e-01 1.841406814248540286e+03 1.836502252821961065e+03
2.455559999999999965e-01 1.711784819067992885e+03 1.706689550100141787e+03
2.604339999999999988e-01 1.597112432454593545e+03 1.592179626302437782e+03
2.762129999999999863e-01 1.457058238096117520e+03 1.452176097629463584e+03
2.929479999999999862e-01 1.322858353274479668e+03 1.317936169397060894e+03
3.106970000000000010e-01 1.225126570751868485e+03 1.220279886292275251e+03
3.295219999999999816e-01 1.138376693895951348e+03 1.133641327851557890e+03
3.494869999999999921e-01 1.045102744591935789e+03 1.040439110752527085e+03
3.706619999999999915e-01 9.662721438651872177e+02 9.616728088348077108e+02
3.931189999999999962e-01 9.002060390285627136e+02 8.956713006176323688e+02
4.169379999999999753e-01 8.347557965067952637e+02 8.303060116142559082e+02
4.421990000000000087e-01 7.780310797560229048e+02 7.736733669218206160e+02
6.171389999999999931e-01 5.457999504999144165e+02 5.420856656212399685e+02
8.612859999999999960e-01 4.068825747328676812e+02 4.040103882009221934e+02
1.202020000000000088e+00 3.068963563694928780e+02 3.049323679791739892e+02
1.677559999999999940e+00 2.195565584858470345e+02 2.184533644448271446e+02
2.341219999999999857e+00 1.420484581179133841e+02 1.416407795533120293e+02
3.267430000000000057e+00 8.293844582772301521e+01 8.293238610312600656e+01
4.560069999999999624e+00 4.529493422059439212e+01 4.534655899134492785e+01
6.364090000000000025e+00 2.366556408621079655e+01 2.373309390215838022e+01
