    0.10000E-03    0.32769E+03
    0.10202E-03    0.33420E+03
    0.10408E-03    0.34084E+03
    0.10618E-03    0.34762E+03
    0.10833E-03    0.35454E+03
    0.11052E-03    0.36160E+03
    0.11275E-03    0.36881E+03
    0.11503E-03    0.37617E+03
    0.11735E-03    0.38368E+03
    0.11972E-03    0.39134E+03
    0.12214E-03    0.39917E+03
    0.12461E-03    0.40715E+03
    0.12712E-03    0.41531E+03
    0.12969E-03    0.42363E+03
    0.13231E-03    0.43213E+03
    0.13499E-03    0.44080E+03
    0.13771E-03    0.44966E+03
    0.14049E-03    0.45870E+03
    0.14333E-03    0.46794E+03
    0.14623E-03    0.47737E+03
    0.14918E-03    0.48700E+03
    0.15220E-03    0.49683E+03
    0.15527E-03    0.50687E+03
    0.15841E-03    0.51712E+03
    0.16161E-03    0.52759E+03
    0.16487E-03    0.53829E+03
    0.16820E-03    0.54921E+03
    0.17160E-03    0.56036E+03
    0.17507E-03    0.57176E+03
    0.17860E-03    0.58339E+03
    0.18221E-03    0.59528E+03
    0.18589E-03    0.60742E+03
    0.18965E-03    0.61982E+03
    0.19348E-03    0.63249E+03
    0.19739E-03    0.64543E+03
    0.20138E-03    0.65865E+03
    0.20544E-03    0.67215E+03
    0.20959E-03    0.68594E+03
    0.21383E-03    0.70002E+03
    0.21815E-03    0.71441E+03
    0.22255E-03    0.72911E+03
    0.22705E-03    0.74412E+03
    0.23164E-03    0.75945E+03
    0.23632E-03    0.77511E+03
    0.24109E-03    0.79111E+03
    0.24596E-03    0.80744E+03
    0.25093E-03    0.82413E+03
    0.25600E-03    0.84116E+03
    0.26117E-03    0.85856E+03
    0.26645E-03    0.87632E+03
    0.27183E-03    0.89445E+03
    0.27732E-03    0.91297E+03
    0.28292E-03    0.93186E+03
    0.28864E-03    0.95115E+03
    0.29447E-03    0.97084E+03
    0.30042E-03    0.99093E+03
    0.30649E-03    0.10114E+04
    0.31268E-03    0.10323E+04
    0.31899E-03    0.10537E+04
    0.32544E-03    0.10754E+04
    0.33201E-03    0.10976E+04
    0.33872E-03    0.11202E+04
    0.34556E-03    0.11433E+04
    0.35254E-03    0.11668E+04
    0.35966E-03    0.11907E+04
    0.36693E-03    0.12151E+04
    0.37434E-03    0.12399E+04
    0.38190E-03    0.12652E+04
    0.38962E-03    0.12910E+04
    0.39749E-03    0.13172E+04
    0.40552E-03    0.13439E+04
    0.41371E-03    0.13710E+04
    0.42207E-03    0.13986E+04
    0.43060E-03    0.14266E+04
    0.43929E-03    0.14551E+04
    0.44817E-03    0.14840E+04
    0.45722E-03    0.15134E+04
    0.46646E-03    0.15433E+04
    0.47588E-03    0.15736E+04
    0.48550E-03    0.16043E+04
    0.49530E-03    0.16355E+04
    0.50531E-03    0.16671E+04
    0.51552E-03    0.16992E+04
    0.52593E-03    0.17317E+04
    0.53656E-03    0.17646E+04
    0.54739E-03    0.17979E+04
    0.55845E-03    0.18316E+04
    0.56973E-03    0.18657E+04
    0.58124E-03    0.19002E+04
    0.59299E-03    0.19350E+04
    0.60496E-03    0.19703E+04
    0.61719E-03    0.20059E+04
    0.62965E-03    0.20419E+04
    0.64237E-03    0.20782E+04
    0.65535E-03    0.21148E+04
    0.66859E-03    0.21518E+04
    0.68210E-03    0.21892E+04
    0.69588E-03    0.22268E+04
    0.70993E-03    0.22647E+04
    0.72427E-03    0.23030E+04
    0.73891E-03    0.23415E+04
    0.75383E-03    0.23803E+04
    0.76906E-03    0.24194E+04
    0.78460E-03    0.24588E+04
    0.80045E-03    0.24984E+04
    0.81662E-03    0.25383E+04
    0.83311E-03    0.25785E+04
    0.84994E-03    0.26189E+04
    0.86711E-03    0.26595E+04
    0.88463E-03    0.27004E+04
    0.90250E-03    0.27416E+04
    0.92073E-03    0.27830E+04
    0.93933E-03    0.28247E+04
    0.95831E-03    0.28666E+04
    0.97767E-03    0.29088E+04
    0.99742E-03    0.29512E+04
    0.10176E-02    0.29939E+04
    0.10381E-02    0.30369E+04
    0.10591E-02    0.30801E+04
    0.10805E-02    0.31236E+04
    0.11023E-02    0.31674E+04
    0.11246E-02    0.32115E+04
    0.11473E-02    0.32558E+04
    0.11705E-02    0.33005E+04
    0.11941E-02    0.33455E+04
    0.12182E-02    0.33908E+04
    0.12429E-02    0.34365E+04
    0.12680E-02    0.34825E+04
    0.12936E-02    0.35288E+04
    0.13197E-02    0.35755E+04
    0.13464E-02    0.36226E+04
    0.13736E-02    0.36701E+04
    0.14013E-02    0.37179E+04
    0.14296E-02    0.37662E+04
    0.14585E-02    0.38149E+04
    0.14880E-02    0.38640E+04
    0.15180E-02    0.39135E+04
    0.15487E-02    0.39634E+04
    0.15800E-02    0.40138E+04
    0.16119E-02    0.40647E+04
    0.16445E-02    0.41160E+04
    0.16777E-02    0.41678E+04
    0.17116E-02    0.42201E+04
    0.17462E-02    0.42728E+04
    0.17814E-02    0.43261E+04
    0.18174E-02    0.43798E+04
    0.18541E-02    0.44340E+04
    0.18916E-02    0.44888E+04
    0.19298E-02    0.45440E+04
    0.19688E-02    0.45998E+04
    0.20086E-02    0.46561E+04
    0.20491E-02    0.47129E+04
    0.20905E-02    0.47702E+04
    0.21328E-02    0.48280E+04
    0.21758E-02    0.48864E+04
    0.22198E-02    0.49453E+04
    0.22646E-02    0.50047E+04
    0.23104E-02    0.50646E+04
    0.23571E-02    0.51250E+04
    0.24047E-02    0.51860E+04
    0.24533E-02    0.52474E+04
    0.25028E-02    0.53094E+04
    0.25534E-02    0.53719E+04
    0.26050E-02    0.54348E+04
    0.26576E-02    0.54983E+04
    0.27113E-02    0.55622E+04
    0.27660E-02    0.56267E+04
    0.28219E-02    0.56916E+04
    0.28789E-02    0.57569E+04
    0.29371E-02    0.58227E+04
    0.29964E-02    0.58890E+04
    0.30569E-02    0.59557E+04
    0.31187E-02    0.60228E+04
    0.31817E-02    0.60903E+04
    0.32460E-02    0.61583E+04
    0.33115E-02    0.62266E+04
    0.33784E-02    0.62953E+04
    0.34467E-02    0.63643E+04
    0.35163E-02    0.64337E+04
    0.35874E-02    0.65033E+04
    0.36598E-02    0.65733E+04
    0.37338E-02    0.66436E+04
    0.38092E-02    0.67141E+04
    0.38861E-02    0.67849E+04
    0.39646E-02    0.68559E+04
    0.40447E-02    0.69272E+04
    0.41264E-02    0.69988E+04
    0.42098E-02    0.70705E+04
    0.42948E-02    0.71423E+04
    0.43816E-02    0.72142E+04
    0.44701E-02    0.72862E+04
    0.45604E-02    0.73582E+04
    0.46525E-02    0.74301E+04
    0.47465E-02    0.75020E+04
    0.48424E-02    0.75739E+04
    0.49402E-02    0.76457E+04
    0.50400E-02    0.77173E+04
    0.51419E-02    0.77888E+04
    0.52457E-02    0.78602E+04
    0.53517E-02    0.79313E+04
    0.54598E-02    0.80021E+04
    0.55701E-02    0.80726E+04
    0.56826E-02    0.81428E+04
    0.57974E-02    0.82126E+04
    0.59145E-02    0.82819E+04
    0.60340E-02    0.83508E+04
    0.61559E-02    0.84191E+04
    0.62803E-02    0.84869E+04
    0.64072E-02    0.85540E+04
    0.65366E-02    0.86205E+04
    0.66686E-02    0.86861E+04
    0.68033E-02    0.87510E+04
    0.69408E-02    0.88151E+04
    0.70810E-02    0.88782E+04
    0.72240E-02    0.89403E+04
    0.73700E-02    0.90014E+04
    0.75189E-02    0.90614E+04
    0.76708E-02    0.91202E+04
    0.78257E-02    0.91778E+04
    0.79838E-02    0.92340E+04
    0.81451E-02    0.92889E+04
    0.83096E-02    0.93422E+04
    0.84775E-02    0.93940E+04
    0.86488E-02    0.94442E+04
    0.88235E-02    0.94927E+04
    0.90017E-02    0.95393E+04
    0.91836E-02    0.95841E+04
    0.93691E-02    0.96269E+04
    0.95583E-02    0.96676E+04
    0.97514E-02    0.97061E+04
    0.99484E-02    0.97424E+04
    0.10149E-01    0.97762E+04
    0.10354E-01    0.98076E+04
    0.10564E-01    0.98364E+04
    0.10777E-01    0.98625E+04
    0.10995E-01    0.98858E+04
    0.11217E-01    0.99062E+04
    0.11443E-01    0.99235E+04
    0.11675E-01    0.99377E+04
    0.11910E-01    0.99485E+04
    0.12151E-01    0.99559E+04
    0.12397E-01    0.99597E+04
    0.12647E-01    0.99600E+04
    0.12902E-01    0.99565E+04
    0.13163E-01    0.99492E+04
    0.13429E-01    0.99381E+04
    0.13700E-01    0.99230E+04
    0.13977E-01    0.99034E+04
    0.14259E-01    0.98790E+04
    0.14547E-01    0.98497E+04
    0.14841E-01    0.98150E+04
    0.15141E-01    0.97754E+04
    0.15447E-01    0.97313E+04
    0.15759E-01    0.96835E+04
    0.16077E-01    0.96325E+04
    0.16402E-01    0.95788E+04
    0.16734E-01    0.95219E+04
    0.17072E-01    0.94606E+04
    0.17416E-01    0.93939E+04
    0.17768E-01    0.93204E+04
    0.18127E-01    0.92395E+04
    0.18493E-01    0.91512E+04
    0.18867E-01    0.90563E+04
    0.19248E-01    0.89557E+04
    0.19637E-01    0.88502E+04
    0.20034E-01    0.87404E+04
    0.20438E-01    0.86264E+04
    0.20851E-01    0.85074E+04
    0.21272E-01    0.83832E+04
    0.21702E-01    0.82533E+04
    0.22141E-01    0.81173E+04
    0.22588E-01    0.79760E+04
    0.23044E-01    0.78304E+04
    0.23510E-01    0.76816E+04
    0.23985E-01    0.75304E+04
    0.24469E-01    0.73778E+04
    0.24964E-01    0.72243E+04
    0.25468E-01    0.70702E+04
    0.25982E-01    0.69158E+04
    0.26507E-01    0.67612E+04
    0.27043E-01    0.66068E+04
    0.27589E-01    0.64525E+04
    0.28146E-01    0.62983E+04
    0.28715E-01    0.61441E+04
    0.29295E-01    0.59898E+04
    0.29887E-01    0.58354E+04
    0.30490E-01    0.56815E+04
    0.31106E-01    0.55286E+04
    0.31735E-01    0.53774E+04
    0.32376E-01    0.52284E+04
    0.33030E-01    0.50820E+04
    0.33697E-01    0.49384E+04
    0.34378E-01    0.47975E+04
    0.35072E-01    0.46594E+04
    0.35781E-01    0.45240E+04
    0.36504E-01    0.43914E+04
    0.37241E-01    0.42617E+04
    0.37993E-01    0.41354E+04
    0.38761E-01    0.40127E+04
    0.39544E-01    0.38938E+04
    0.40343E-01    0.37790E+04
    0.41158E-01    0.36683E+04
    0.41989E-01    0.35618E+04
    0.42838E-01    0.34595E+04
    0.43703E-01    0.33615E+04
    0.44586E-01    0.32678E+04
    0.45486E-01    0.31785E+04
    0.46405E-01    0.30936E+04
    0.47343E-01    0.30133E+04
    0.48299E-01    0.29377E+04
    0.49275E-01    0.28666E+04
    0.50270E-01    0.27998E+04
    0.51286E-01    0.27370E+04
    0.52322E-01    0.26779E+04
    0.53379E-01    0.26222E+04
    0.54457E-01    0.25695E+04
    0.55557E-01    0.25196E+04
    0.56680E-01    0.24720E+04
    0.57825E-01    0.24265E+04
    0.58993E-01    0.23826E+04
    0.60184E-01    0.23400E+04
    0.61400E-01    0.22983E+04
    0.62641E-01    0.22571E+04
    0.63906E-01    0.22159E+04
    0.65197E-01    0.21743E+04
    0.66514E-01    0.21319E+04
    0.67858E-01    0.20886E+04
    0.69229E-01    0.20444E+04
    0.70627E-01    0.19996E+04
    0.72054E-01    0.19539E+04
    0.73510E-01    0.19063E+04
    0.74994E-01    0.18560E+04
    0.76509E-01    0.18028E+04
    0.78055E-01    0.17472E+04
    0.79632E-01    0.16897E+04
    0.81241E-01    0.16309E+04
    0.82882E-01    0.15708E+04
    0.84556E-01    0.15100E+04
    0.86264E-01    0.14489E+04
    0.88007E-01    0.13881E+04
    0.89785E-01    0.13282E+04
    0.91598E-01    0.12699E+04
    0.93449E-01    0.12136E+04
    0.95337E-01    0.11599E+04
    0.97263E-01    0.11092E+04
    0.99227E-01    0.10621E+04
    0.10123E+00    0.10189E+04
    0.10328E+00    0.97976E+03
    0.10536E+00    0.94495E+03
    0.10749E+00    0.91453E+03
    0.10966E+00    0.88824E+03
    0.11188E+00    0.86579E+03
    0.11414E+00    0.84683E+03
    0.11644E+00    0.83060E+03
    0.11880E+00    0.81632E+03
    0.12120E+00    0.80322E+03
    0.12365E+00    0.79045E+03
    0.12614E+00    0.77719E+03
    0.12869E+00    0.76276E+03
    0.13129E+00    0.74660E+03
    0.13394E+00    0.72824E+03
    0.13665E+00    0.70748E+03
    0.13941E+00    0.68418E+03
    0.14223E+00    0.65854E+03
    0.14510E+00    0.63096E+03
    0.14803E+00    0.60202E+03
    0.15102E+00    0.57260E+03
    0.15407E+00    0.54358E+03
    0.15718E+00    0.51589E+03
    0.16036E+00    0.49035E+03
    0.16360E+00    0.46749E+03
    0.16690E+00    0.44769E+03
    0.17028E+00    0.43099E+03
    0.17371E+00    0.41725E+03
    0.17722E+00    0.40607E+03
    0.18080E+00    0.39694E+03
    0.18446E+00    0.38911E+03
    0.18818E+00    0.38180E+03
    0.19198E+00    0.37413E+03
    0.19586E+00    0.36534E+03
    0.19982E+00    0.35485E+03
    0.20386E+00    0.34249E+03
    0.20797E+00    0.32845E+03
    0.21218E+00    0.31326E+03
    0.21646E+00    0.29767E+03
    0.22083E+00    0.28245E+03
    0.22530E+00    0.26833E+03
    0.22985E+00    0.25583E+03
    0.23449E+00    0.24524E+03
    0.23923E+00    0.23654E+03
    0.24406E+00    0.22944E+03
    0.24899E+00    0.22343E+03
    0.25402E+00    0.21780E+03
    0.25915E+00    0.21193E+03
    0.26439E+00    0.20535E+03
    0.26973E+00    0.19786E+03
    0.27518E+00    0.18956E+03
    0.28074E+00    0.18076E+03
    0.28641E+00    0.17200E+03
    0.29219E+00    0.16381E+03
    0.29810E+00    0.15658E+03
    0.30412E+00    0.15042E+03
    0.31026E+00    0.14519E+03
    0.31653E+00    0.14054E+03
    0.32292E+00    0.13608E+03
    0.32945E+00    0.13144E+03
    0.33610E+00    0.12643E+03
    0.34289E+00    0.12109E+03
    0.34982E+00    0.11563E+03
    0.35689E+00    0.11036E+03
    0.36409E+00    0.10553E+03
    0.37145E+00    0.10123E+03
    0.37895E+00    0.97431E+02
    0.38661E+00    0.93905E+02
    0.39442E+00    0.90421E+02
    0.40239E+00    0.86854E+02
    0.41052E+00    0.83198E+02
    0.41881E+00    0.79551E+02
    0.42727E+00    0.76074E+02
    0.43590E+00    0.72858E+02
    0.44471E+00    0.69917E+02
    0.45369E+00    0.67166E+02
    0.46286E+00    0.64492E+02
    0.47221E+00    0.61831E+02
    0.48174E+00    0.59188E+02
    0.49148E+00    0.56629E+02
    0.50141E+00    0.54211E+02
    0.51153E+00    0.51942E+02
    0.52187E+00    0.49798E+02
    0.53241E+00    0.47729E+02
    0.54317E+00    0.45705E+02
    0.55414E+00    0.43734E+02
    0.56533E+00    0.41847E+02
    0.57675E+00    0.40058E+02
    0.58840E+00    0.38354E+02
    0.60029E+00    0.36721E+02
    0.61242E+00    0.35149E+02
    0.62479E+00    0.33635E+02
    0.63741E+00    0.32179E+02
    0.65029E+00    0.30782E+02
    0.66342E+00    0.29441E+02
    0.67683E+00    0.28158E+02
    0.69050E+00    0.26928E+02
    0.70445E+00    0.25751E+02
    0.71868E+00    0.24624E+02
    0.73320E+00    0.23543E+02
    0.74801E+00    0.22508E+02
    0.76312E+00    0.21517E+02
    0.77854E+00    0.20567E+02
    0.79426E+00    0.19657E+02
    0.81031E+00    0.18785E+02
    0.82668E+00    0.17951E+02
    0.84338E+00    0.17151E+02
    0.86041E+00    0.16386E+02
    0.87780E+00    0.15653E+02
    0.89553E+00    0.14952E+02
    0.91362E+00    0.14281E+02
    0.93208E+00    0.13640E+02
    0.95091E+00    0.13026E+02
    0.97011E+00    0.12439E+02
    0.98971E+00    0.11877E+02
    0.10097E+01    0.11340E+02
    0.10301E+01    0.10825E+02
    0.10509E+01    0.10334E+02
    0.10721E+01    0.98634E+01
    0.10938E+01    0.94138E+01
    0.11159E+01    0.89840E+01
    0.11384E+01    0.85733E+01
    0.11614E+01    0.81807E+01
    0.11849E+01    0.78055E+01
    0.12088E+01    0.74469E+01
    0.12333E+01    0.71042E+01
    0.12582E+01    0.67767E+01
    0.12836E+01    0.64638E+01
    0.13095E+01    0.61649E+01
    0.13360E+01    0.58795E+01
    0.13630E+01    0.56070E+01
    0.13905E+01    0.53469E+01
    0.14186E+01    0.50985E+01
    0.14472E+01    0.48612E+01
    0.14765E+01    0.46346E+01
    0.15063E+01    0.44181E+01
    0.15367E+01    0.42114E+01
    0.15678E+01    0.40141E+01
    0.15994E+01    0.38257E+01
    0.16318E+01    0.36459E+01
    0.16647E+01    0.34745E+01
    0.16984E+01    0.33109E+01
    0.17327E+01    0.31548E+01
    0.17677E+01    0.30059E+01
    0.18034E+01    0.28638E+01
    0.18398E+01    0.27282E+01
    0.18770E+01    0.25989E+01
    0.19149E+01    0.24755E+01
    0.19536E+01    0.23578E+01
    0.19930E+01    0.22457E+01
    0.20333E+01    0.21388E+01
    0.20744E+01    0.20369E+01
    0.21163E+01    0.19398E+01
    0.21590E+01    0.18472E+01
    0.22026E+01    0.17589E+01
    0.22471E+01    0.16747E+01
    0.22925E+01    0.15944E+01
    0.23388E+01    0.15178E+01
    0.23861E+01    0.14448E+01
    0.24343E+01    0.13752E+01
    0.24835E+01    0.13090E+01
    0.25336E+01    0.12458E+01
    0.25848E+01    0.11856E+01
    0.26370E+01    0.11283E+01
    0.26903E+01    0.10737E+01
    0.27447E+01    0.10217E+01
    0.28001E+01    0.97214E+00
    0.28567E+01    0.92494E+00
    0.29144E+01    0.87999E+00
    0.29733E+01    0.83717E+00
    0.30333E+01    0.79639E+00
    0.30946E+01    0.75755E+00
    0.31571E+01    0.72059E+00
    0.32209E+01    0.68540E+00
    0.32860E+01    0.65192E+00
    0.33523E+01    0.62007E+00
    0.34201E+01    0.58976E+00
    0.34892E+01    0.56091E+00
    0.35596E+01    0.53345E+00
    0.36316E+01    0.50729E+00
    0.37049E+01    0.48238E+00
    0.37798E+01    0.45865E+00
    0.38561E+01    0.43607E+00
    0.39340E+01    0.41457E+00
    0.40135E+01    0.39411E+00
    0.40946E+01    0.37465E+00
    0.41773E+01    0.35613E+00
    0.42617E+01    0.33852E+00
    0.43478E+01    0.32177E+00
    0.44356E+01    0.30583E+00
    0.45252E+01    0.29067E+00
    0.46166E+01    0.27624E+00
    0.47099E+01    0.26252E+00
    0.48050E+01    0.24948E+00
    0.49021E+01    0.23707E+00
    0.50011E+01    0.22527E+00
    0.51021E+01    0.21404E+00
    0.52052E+01    0.20337E+00
    0.53104E+01    0.19322E+00
    0.54176E+01    0.18357E+00
    0.55271E+01    0.17439E+00
    0.56387E+01    0.16566E+00
    0.57526E+01    0.15736E+00
    0.58689E+01    0.14948E+00
    0.59874E+01    0.14199E+00
    0.61084E+01    0.13488E+00
    0.62318E+01    0.12813E+00
    0.63577E+01    0.12172E+00
    0.64861E+01    0.11562E+00
    0.66171E+01    0.10982E+00
    0.67508E+01    0.10430E+00
    0.68872E+01    0.99053E-01
    0.70263E+01    0.94061E-01
    0.71682E+01    0.89314E-01
    0.73130E+01    0.84804E-01
    0.74608E+01    0.80520E-01
    0.76115E+01    0.76451E-01
    0.77653E+01    0.72585E-01
    0.79221E+01    0.68913E-01
    0.80822E+01    0.65424E-01
    0.82454E+01    0.62110E-01
    0.84120E+01    0.58962E-01
    0.85819E+01    0.55971E-01
    0.87553E+01    0.53130E-01
    0.89322E+01    0.50431E-01
    0.91126E+01    0.47868E-01
    0.92967E+01    0.45433E-01
    0.94845E+01    0.43121E-01
    0.96761E+01    0.40925E-01
    0.98716E+01    0.38841E-01
    0.10071E+02    0.36861E-01
    0.10274E+02    0.34981E-01
    0.10482E+02    0.33196E-01
    0.10694E+02    0.31500E-01
    0.10910E+02    0.29889E-01
    0.11130E+02    0.28359E-01
    0.11355E+02    0.26906E-01
    0.11584E+02    0.25527E-01
    0.11818E+02    0.24220E-01
    0.12057E+02    0.22980E-01
    0.12301E+02    0.21807E-01
    0.12549E+02    0.20694E-01
    0.12803E+02    0.19638E-01
    0.13061E+02    0.18636E-01
    0.13325E+02    0.17683E-01
    0.13594E+02    0.16777E-01
    0.13869E+02    0.15916E-01
    0.14149E+02    0.15097E-01
    0.14435E+02    0.14319E-01
    0.14727E+02    0.13581E-01
    0.15024E+02    0.12881E-01
    0.15328E+02    0.12217E-01
    0.15637E+02    0.11587E-01
    0.15953E+02    0.10989E-01
    0.16275E+02    0.10422E-01
    0.16604E+02    0.98841E-02
    0.16940E+02    0.93735E-02
    0.17282E+02    0.88890E-02
    0.17631E+02    0.84292E-02
    0.17987E+02    0.79931E-02
    0.18351E+02    0.75793E-02
    0.18721E+02    0.71868E-02
    0.19099E+02    0.68144E-02
    0.19485E+02    0.64611E-02
    0.19879E+02    0.61259E-02
    0.20280E+02    0.58079E-02
    0.20690E+02    0.55062E-02
    0.21108E+02    0.52201E-02
    0.21535E+02    0.49487E-02
    0.21970E+02    0.46915E-02
