7.450449999999999792e-05 3.492508708669524822e+02 3.492473891600620846e+02
1.228369999999999896e-04 5.659750568497667018e+02 5.659694139278267357e+02
2.025239999999999875e-04 9.168207022298154243e+02 9.168115583577753114e+02
3.339060000000000248e-04 1.483585086574491697e+03 1.483570277485536053e+03
5.505179999999999492e-04 2.394428989538891528e+03 2.394405036332116651e+03
9.076509999999999873e-04 3.842039431550886547e+03 3.842010443665172261e+03
1.496460000000000021e-03 6.093999328201896788e+03 6.093968288526268225e+03
2.467249999999999825e-03 9.460070664025428414e+03 9.460143904967681010e+03
4.067809999999999829e-03 1.413969985628332142e+04 1.413992663569987053e+04
4.609430000000000298e-03 1.550049515498028813e+04 1.550066105861901451e+04
5.223170000000000070e-03 1.691839043877585209e+04 1.691885575232808333e+04
5.918630000000000245e-03 1.837588029530978747e+04 1.837654905769905599e+04
6.706690000000000394e-03 1.984929221715178210e+04 1.985014080125321925e+04
7.599670000000000210e-03 2.130818582922122732e+04 2.130942887315635016e+04
8.611550000000000801e-03 2.271464778815034879e+04 2.271641551921072460e+04
9.758170000000000038e-03 2.402251615324524391e+04 2.402503369183887480e+04
1.105749999999999962e-02 2.517725479898060803e+04 2.518053579018638266e+04
1.252969999999999952e-02 2.611522029495610332e+04 2.612005341655818847e+04
1.419809999999999996e-02 2.676852143017519847e+04 2.677458497257655472e+04
1.608849999999999864e-02 2.706408205280801849e+04 2.707183844156270789e+04
1.823069999999999899e-02 2.693403026947695616e+04 2.694405634367433595e+04
2.065799999999999928e-02 2.632546127442588840e+04 2.633738583859424762e+04
2.340860000000000163e-02 2.521499492806553462e+04 2.522905179021504955e+04
2.652550000000000047e-02 2.362741306624719800e+04 2.364270222165637097e+04
3.005729999999999860e-02 2.165286771940195467e+04 2.166817758292456710e+04
3.405939999999999662e-02 1.945512109875972601e+04 1.946832316054967305e+04
3.859429999999999805e-02 1.749128927094511528e+04 1.749810654538971721e+04
4.373309999999999698e-02 1.551836808545770873e+04 1.551970620927820346e+04
4.955609999999999876e-02 1.382435805922038344e+04 1.379896385544384975e+04
5.615440000000000015e-02 1.274042426764941774e+04 1.269092099877982582e+04
6.363130000000000175e-02 1.177862108684981285e+04 1.173510474158211582e+04
7.108169999999999766e-02 1.078514923190957052e+04 1.072038259262043721e+04
7.853219999999999645e-02 9.694959712396956093e+03 9.617029926265468021e+03
8.598260000000000625e-02 8.453666419383924222e+03 8.371639971073958804e+03
9.343310000000000504e-02 7.320289976793775168e+03 7.230796660634938235e+03
1.008840000000000015e-01 6.453323864310059435e+03 6.357599473334127651e+03
1.083339999999999997e-01 5.872806145334751818e+03 5.774782195962228798e+03
1.157839999999999980e-01 5.509793534275306229e+03 5.408083087900223290e+03
1.232349999999999973e-01 5.249204536667671164e+03 5.143256357430211210e+03
1.306849999999999956e-01 4.976428729152361484e+03 4.869440639260701573e+03
1.381360000000000088e-01 4.636814236782716762e+03 4.528623201988465553e+03
1.455859999999999932e-01 4.242702556672734318e+03 4.133504585932317241e+03
1.530370000000000064e-01 3.847691216104579325e+03 3.738953727015075401e+03
1.604869999999999908e-01 3.513130684017063231e+03 3.404916761918840166e+03
1.679380000000000039e-01 3.269215945152825498e+03 3.160549861209324263e+03
1.753879999999999884e-01 3.102229197866558479e+03 2.993648808518270471e+03
1.828390000000000015e-01 2.981332526669672916e+03 2.872767383948811585e+03
1.902890000000000137e-01 2.871895852601724073e+03 2.762970584303447595e+03
1.977389999999999981e-01 2.745965360940242135e+03 2.637143191865737663e+03
2.051900000000000113e-01 2.597248896384864111e+03 2.489188529357453262e+03
2.126399999999999957e-01 2.438603277559988783e+03 2.331064902541109404e+03
2.200910000000000089e-01 2.288573480632716382e+03 2.181790877541070586e+03
2.334259999999999946e-01 2.085251981138104838e+03 1.979695998965540639e+03
2.475680000000000103e-01 1.950073252305824099e+03 1.845275580049820519e+03
2.625680000000000236e-01 1.824204579944149373e+03 1.720327388909057390e+03
2.784769999999999746e-01 1.670488214739522391e+03 1.568449489780284694e+03
2.953489999999999727e-01 1.528486199241277291e+03 1.428225695623382080e+03
3.132440000000000224e-01 1.425249082964505078e+03 1.326493850980519028e+03
3.322220000000000173e-01 1.329673737168825028e+03 1.232707033728677743e+03
3.523510000000000253e-01 1.228109835470872895e+03 1.133307380569384804e+03
3.736990000000000034e-01 1.143615109331024087e+03 1.050995598008401203e+03
3.963409999999999989e-01 1.070824915021150673e+03 9.803438569571130756e+02
4.203549999999999787e-01 9.987200281686091330e+02 9.106583737754245931e+02
4.458230000000000248e-01 9.364382243346481118e+02 8.508340820796704520e+02
6.221959999999999713e-01 6.722706449380231106e+02 6.027887466131634255e+02
8.683450000000000335e-01 5.032868632986720741e+02 4.516212976906502945e+02
1.211870000000000003e+00 3.736213488547573434e+02 3.394144955248088991e+02
1.691310000000000091e+00 2.586815178860517790e+02 2.400017288099816994e+02
2.360409999999999897e+00 1.594314121520642686e+02 1.531054369732034957e+02
3.294210000000000083e+00 8.796460205612982008e+01 8.859066328000362489e+01
4.597439999999999749e+00 4.722234550763178618e+01 4.814017210482415265e+01
6.416249999999999787e+00 2.418877030688888752e+01 2.509964078593363723e+01
