7.450449999999999792e-05 3.492508708675476328e+02 3.492473891600620846e+02
1.228369999999999896e-04 5.659806998015312729e+02 5.659694139278267357e+02
2.025239999999999875e-04 9.168207022467138358e+02 9.168115583577753114e+02
3.339060000000000248e-04 1.483585086673657315e+03 1.483570277485536053e+03
5.505179999999999492e-04 2.394442522014086535e+03 2.394405036332116651e+03
9.076509999999999873e-04 3.842032275322105306e+03 3.842010443665172261e+03
1.496460000000000021e-03 6.094011386046369807e+03 6.093968288526268225e+03
2.467249999999999825e-03 9.460041628049704741e+03 9.460143904967681010e+03
4.067809999999999829e-03 1.413927740569490197e+04 1.413992663569987053e+04
4.609430000000000298e-03 1.549981480507316701e+04 1.550066105861901451e+04
5.223170000000000070e-03 1.691742671915740357e+04 1.691885575232808333e+04
5.918630000000000245e-03 1.837445340730100361e+04 1.837654905769905599e+04
6.706690000000000394e-03 1.984729268479687380e+04 1.985014080125321925e+04
7.599670000000000210e-03 2.130548940670461889e+04 2.130942887315635016e+04
8.611550000000000801e-03 2.271101333236714709e+04 2.271641551921072460e+04
9.758170000000000038e-03 2.401739409579747007e+04 2.402503369183887480e+04
1.105749999999999962e-02 2.517015608832734870e+04 2.518053579018638266e+04
1.252969999999999952e-02 2.610579206584246276e+04 2.612005341655818847e+04
1.419809999999999996e-02 2.675602708985169738e+04 2.677458497257655472e+04
1.608849999999999864e-02 2.704772722683582106e+04 2.707183844156270789e+04
1.823069999999999899e-02 2.691366962016941397e+04 2.694405634367433595e+04
2.065799999999999928e-02 2.630033600757052045e+04 2.633738583859424762e+04
2.340860000000000163e-02 2.518498009797385748e+04 2.522905179021504955e+04
2.652550000000000047e-02 2.359337597628054573e+04 2.364270222165637097e+04
3.005729999999999860e-02 2.161630575392463652e+04 2.166817758292456710e+04
3.405939999999999662e-02 1.941890440946858507e+04 1.946832316054967305e+04
3.859429999999999805e-02 1.745904397104584496e+04 1.749810654538971721e+04
4.373309999999999698e-02 1.549526674140751129e+04 1.551970620927820346e+04
4.955609999999999876e-02 1.381536836616813707e+04 1.379896385544384975e+04
5.615440000000000015e-02 1.274892700524026441e+04 1.269092099877982582e+04
6.363130000000000175e-02 1.180560966033004843e+04 1.173510474158211582e+04
7.108169999999999766e-02 1.082612443567514129e+04 1.072038259262043721e+04
7.853219999999999645e-02 9.744810832804838356e+03 9.617029926265468021e+03
8.598260000000000625e-02 8.508926213628343248e+03 8.371639971073958804e+03
9.343310000000000504e-02 7.379579714837200299e+03 7.230796660634938235e+03
1.008840000000000015e-01 6.516676273072536787e+03 6.357599473334127651e+03
1.083339999999999997e-01 5.940327162290459455e+03 5.774782195962228798e+03
1.157839999999999980e-01 5.581669916410803125e+03 5.408083087900223290e+03
1.232349999999999973e-01 5.324730030212160273e+03 5.143256357430211210e+03
1.306849999999999956e-01 5.054344444445154295e+03 4.869440639260701573e+03
1.381360000000000088e-01 4.715710952566392734e+03 4.528623201988465553e+03
1.455859999999999932e-01 4.321422231325201210e+03 4.133504585932317241e+03
1.530370000000000064e-01 3.925809000343941989e+03 3.738953727015075401e+03
1.604869999999999908e-01 3.590832595900305023e+03 3.404916761918840166e+03
1.679380000000000039e-01 3.346937662439779160e+03 3.160549861209324263e+03
1.753879999999999884e-01 3.180349187904066639e+03 2.993648808518270471e+03
1.828390000000000015e-01 3.059969446214307482e+03 2.872767383948811585e+03
1.902890000000000137e-01 2.950852294014649488e+03 2.762970584303447595e+03
1.977389999999999981e-01 2.824879572564535465e+03 2.637143191865737663e+03
2.051900000000000113e-01 2.675606737355581572e+03 2.489188529357453262e+03
2.126399999999999957e-01 2.516159902368916846e+03 2.331064902541109404e+03
2.200910000000000089e-01 2.365262305370738886e+03 2.181790877541070586e+03
2.334259999999999946e-01 2.160813163931858526e+03 1.979695998965540639e+03
2.475680000000000103e-01 2.025049136106790002e+03 1.845275580049820519e+03
2.625680000000000236e-01 1.898371494324040668e+03 1.720327388909057390e+03
2.784769999999999746e-01 1.742985657362328993e+03 1.568449489780284694e+03
2.953489999999999727e-01 1.599234365657155649e+03 1.428225695623382080e+03
3.132440000000000224e-01 1.494637867533033841e+03 1.326493850980519028e+03
3.322220000000000173e-01 1.397491148720213914e+03 1.232707033728677743e+03
3.523510000000000253e-01 1.293929889290589244e+03 1.133307380569384804e+03
3.736990000000000034e-01 1.207509342382254999e+03 1.050995598008401203e+03
3.963409999999999989e-01 1.132849390999243724e+03 9.803438569571130756e+02
4.203549999999999787e-01 1.058601227542724928e+03 9.106583737754245931e+02
4.458230000000000248e-01 9.942094639795033117e+02 8.508340820796704520e+02
6.221959999999999713e-01 7.170191835168877788e+02 6.027887466131634255e+02
8.683450000000000335e-01 5.349911114893058084e+02 4.516212976906502945e+02
1.211870000000000003e+00 3.935799448531616918e+02 3.394144955248088991e+02
1.691310000000000091e+00 2.685986683339332899e+02 2.400017288099816994e+02
2.360409999999999897e+00 1.611800908038318880e+02 1.531054369732034957e+02
3.294210000000000083e+00 8.534438361472646761e+01 8.859066328000362489e+01
4.597439999999999749e+00 4.602003695738888212e+01 4.814017210482415265e+01
6.416249999999999787e+00 2.355920645301149108e+01 2.509964078593363723e+01
