    0.10000E-03    0.32766E+03
    0.10202E-03    0.33417E+03
    0.10408E-03    0.34081E+03
    0.10618E-03    0.34759E+03
    0.10833E-03    0.35451E+03
    0.11052E-03    0.36157E+03
    0.11275E-03    0.36878E+03
    0.11503E-03    0.37613E+03
    0.11735E-03    0.38364E+03
    0.11972E-03    0.39131E+03
    0.12214E-03    0.39913E+03
    0.12461E-03    0.40712E+03
    0.12712E-03    0.41527E+03
    0.12969E-03    0.42359E+03
    0.13231E-03    0.43209E+03
    0.13499E-03    0.44076E+03
    0.13771E-03    0.44962E+03
    0.14049E-03    0.45866E+03
    0.14333E-03    0.46790E+03
    0.14623E-03    0.47732E+03
    0.14918E-03    0.48695E+03
    0.15220E-03    0.49678E+03
    0.15527E-03    0.50682E+03
    0.15841E-03    0.51708E+03
    0.16161E-03    0.52755E+03
    0.16487E-03    0.53824E+03
    0.16820E-03    0.54916E+03
    0.17160E-03    0.56031E+03
    0.17507E-03    0.57171E+03
    0.17860E-03    0.58334E+03
    0.18221E-03    0.59523E+03
    0.18589E-03    0.60737E+03
    0.18965E-03    0.61977E+03
    0.19348E-03    0.63243E+03
    0.19739E-03    0.64537E+03
    0.20138E-03    0.65859E+03
    0.20544E-03    0.67209E+03
    0.20959E-03    0.68588E+03
    0.21383E-03    0.69996E+03
    0.21815E-03    0.71435E+03
    0.22255E-03    0.72905E+03
    0.22705E-03    0.74406E+03
    0.23164E-03    0.75939E+03
    0.23632E-03    0.77505E+03
    0.24109E-03    0.79104E+03
    0.24596E-03    0.80738E+03
    0.25093E-03    0.82406E+03
    0.25600E-03    0.84109E+03
    0.26117E-03    0.85849E+03
    0.26645E-03    0.87625E+03
    0.27183E-03    0.89438E+03
    0.27732E-03    0.91289E+03
    0.28292E-03    0.93179E+03
    0.28864E-03    0.95108E+03
    0.29447E-03    0.97077E+03
    0.30042E-03    0.99085E+03
    0.30649E-03    0.10114E+04
    0.31268E-03    0.10323E+04
    0.31899E-03    0.10536E+04
    0.32544E-03    0.10753E+04
    0.33201E-03    0.10975E+04
    0.33872E-03    0.11201E+04
    0.34556E-03    0.11432E+04
    0.35254E-03    0.11667E+04
    0.35966E-03    0.11906E+04
    0.36693E-03    0.12150E+04
    0.37434E-03    0.12399E+04
    0.38190E-03    0.12652E+04
    0.38962E-03    0.12909E+04
    0.39749E-03    0.13171E+04
    0.40552E-03    0.13438E+04
    0.41371E-03    0.13709E+04
    0.42207E-03    0.13985E+04
    0.43060E-03    0.14265E+04
    0.43929E-03    0.14550E+04
    0.44817E-03    0.14840E+04
    0.45722E-03    0.15134E+04
    0.46646E-03    0.15432E+04
    0.47588E-03    0.15735E+04
    0.48550E-03    0.16043E+04
    0.49530E-03    0.16355E+04
    0.50531E-03    0.16671E+04
    0.51552E-03    0.16991E+04
    0.52593E-03    0.17316E+04
    0.53656E-03    0.17645E+04
    0.54739E-03    0.17978E+04
    0.55845E-03    0.18315E+04
    0.56973E-03    0.18656E+04
    0.58124E-03    0.19001E+04
    0.59299E-03    0.19350E+04
    0.60496E-03    0.19702E+04
    0.61719E-03    0.20059E+04
    0.62965E-03    0.20418E+04
    0.64237E-03    0.20782E+04
    0.65535E-03    0.21148E+04
    0.66859E-03    0.21518E+04
    0.68210E-03    0.21892E+04
    0.69588E-03    0.22268E+04
    0.70993E-03    0.22647E+04
    0.72427E-03    0.23030E+04
    0.73891E-03    0.23415E+04
    0.75383E-03    0.23804E+04
    0.76906E-03    0.24195E+04
    0.78460E-03    0.24588E+04
    0.80045E-03    0.24985E+04
    0.81662E-03    0.25384E+04
    0.83311E-03    0.25786E+04
    0.84994E-03    0.26190E+04
    0.86711E-03    0.26597E+04
    0.88463E-03    0.27006E+04
    0.90250E-03    0.27418E+04
    0.92073E-03    0.27832E+04
    0.93933E-03    0.28249E+04
    0.95831E-03    0.28669E+04
    0.97767E-03    0.29091E+04
    0.99742E-03    0.29515E+04
    0.10176E-02    0.29943E+04
    0.10381E-02    0.30372E+04
    0.10591E-02    0.30805E+04
    0.10805E-02    0.31240E+04
    0.11023E-02    0.31679E+04
    0.11246E-02    0.32120E+04
    0.11473E-02    0.32564E+04
    0.11705E-02    0.33011E+04
    0.11941E-02    0.33462E+04
    0.12182E-02    0.33915E+04
    0.12429E-02    0.34372E+04
    0.12680E-02    0.34833E+04
    0.12936E-02    0.35297E+04
    0.13197E-02    0.35764E+04
    0.13464E-02    0.36236E+04
    0.13736E-02    0.36711E+04
    0.14013E-02    0.37190E+04
    0.14296E-02    0.37674E+04
    0.14585E-02    0.38161E+04
    0.14880E-02    0.38653E+04
    0.15180E-02    0.39149E+04
    0.15487E-02    0.39649E+04
    0.15800E-02    0.40154E+04
    0.16119E-02    0.40664E+04
    0.16445E-02    0.41178E+04
    0.16777E-02    0.41697E+04
    0.17116E-02    0.42221E+04
    0.17462E-02    0.42750E+04
    0.17814E-02    0.43283E+04
    0.18174E-02    0.43822E+04
    0.18541E-02    0.44366E+04
    0.18916E-02    0.44915E+04
    0.19298E-02    0.45469E+04
    0.19688E-02    0.46028E+04
    0.20086E-02    0.46593E+04
    0.20491E-02    0.47162E+04
    0.20905E-02    0.47738E+04
    0.21328E-02    0.48318E+04
    0.21758E-02    0.48904E+04
    0.22198E-02    0.49495E+04
    0.22646E-02    0.50091E+04
    0.23104E-02    0.50693E+04
    0.23571E-02    0.51300E+04
    0.24047E-02    0.51912E+04
    0.24533E-02    0.52530E+04
    0.25028E-02    0.53152E+04
    0.25534E-02    0.53780E+04
    0.26050E-02    0.54413E+04
    0.26576E-02    0.55052E+04
    0.27113E-02    0.55695E+04
    0.27660E-02    0.56343E+04
    0.28219E-02    0.56996E+04
    0.28789E-02    0.57654E+04
    0.29371E-02    0.58317E+04
    0.29964E-02    0.58985E+04
    0.30569E-02    0.59657E+04
    0.31187E-02    0.60333E+04
    0.31817E-02    0.61014E+04
    0.32460E-02    0.61699E+04
    0.33115E-02    0.62389E+04
    0.33784E-02    0.63082E+04
    0.34467E-02    0.63779E+04
    0.35163E-02    0.64480E+04
    0.35874E-02    0.65185E+04
    0.36598E-02    0.65892E+04
    0.37338E-02    0.66603E+04
    0.38092E-02    0.67317E+04
    0.38861E-02    0.68035E+04
    0.39646E-02    0.68755E+04
    0.40447E-02    0.69478E+04
    0.41264E-02    0.70204E+04
    0.42098E-02    0.70932E+04
    0.42948E-02    0.71663E+04
    0.43816E-02    0.72394E+04
    0.44701E-02    0.73128E+04
    0.45604E-02    0.73861E+04
    0.46525E-02    0.74595E+04
    0.47465E-02    0.75330E+04
    0.48424E-02    0.76064E+04
    0.49402E-02    0.76799E+04
    0.50400E-02    0.77533E+04
    0.51419E-02    0.78267E+04
    0.52457E-02    0.79000E+04
    0.53517E-02    0.79732E+04
    0.54598E-02    0.80462E+04
    0.55701E-02    0.81190E+04
    0.56826E-02    0.81916E+04
    0.57974E-02    0.82639E+04
    0.59145E-02    0.83359E+04
    0.60340E-02    0.84075E+04
    0.61559E-02    0.84788E+04
    0.62803E-02    0.85496E+04
    0.64072E-02    0.86200E+04
    0.65366E-02    0.86899E+04
    0.66686E-02    0.87592E+04
    0.68033E-02    0.88278E+04
    0.69408E-02    0.88959E+04
    0.70810E-02    0.89632E+04
    0.72240E-02    0.90297E+04
    0.73700E-02    0.90955E+04
    0.75189E-02    0.91604E+04
    0.76708E-02    0.92243E+04
    0.78257E-02    0.92873E+04
    0.79838E-02    0.93493E+04
    0.81451E-02    0.94102E+04
    0.83096E-02    0.94699E+04
    0.84775E-02    0.95284E+04
    0.86488E-02    0.95857E+04
    0.88235E-02    0.96416E+04
    0.90017E-02    0.96961E+04
    0.91836E-02    0.97491E+04
    0.93691E-02    0.98006E+04
    0.95583E-02    0.98505E+04
    0.97514E-02    0.98987E+04
    0.99484E-02    0.99452E+04
    0.10149E-01    0.99898E+04
    0.10354E-01    0.10033E+05
    0.10564E-01    0.10073E+05
    0.10777E-01    0.10112E+05
    0.10995E-01    0.10149E+05
    0.11217E-01    0.10183E+05
    0.11443E-01    0.10215E+05
    0.11675E-01    0.10245E+05
    0.11910E-01    0.10272E+05
    0.12151E-01    0.10297E+05
    0.12397E-01    0.10319E+05
    0.12647E-01    0.10339E+05
    0.12902E-01    0.10355E+05
    0.13163E-01    0.10369E+05
    0.13429E-01    0.10380E+05
    0.13700E-01    0.10388E+05
    0.13977E-01    0.10394E+05
    0.14259E-01    0.10395E+05
    0.14547E-01    0.10393E+05
    0.14841E-01    0.10387E+05
    0.15141E-01    0.10377E+05
    0.15447E-01    0.10364E+05
    0.15759E-01    0.10348E+05
    0.16077E-01    0.10329E+05
    0.16402E-01    0.10310E+05
    0.16734E-01    0.10288E+05
    0.17072E-01    0.10265E+05
    0.17416E-01    0.10238E+05
    0.17768E-01    0.10206E+05
    0.18127E-01    0.10168E+05
    0.18493E-01    0.10124E+05
    0.18867E-01    0.10075E+05
    0.19248E-01    0.10020E+05
    0.19637E-01    0.99609E+04
    0.20034E-01    0.98983E+04
    0.20438E-01    0.98325E+04
    0.20851E-01    0.97628E+04
    0.21272E-01    0.96887E+04
    0.21702E-01    0.96094E+04
    0.22141E-01    0.95243E+04
    0.22588E-01    0.94334E+04
    0.23044E-01    0.93372E+04
    0.23510E-01    0.92367E+04
    0.23985E-01    0.91326E+04
    0.24469E-01    0.90257E+04
    0.24964E-01    0.89165E+04
    0.25468E-01    0.88051E+04
    0.25982E-01    0.86915E+04
    0.26507E-01    0.85758E+04
    0.27043E-01    0.84581E+04
    0.27589E-01    0.83381E+04
    0.28146E-01    0.82157E+04
    0.28715E-01    0.80907E+04
    0.29295E-01    0.79627E+04
    0.29887E-01    0.78316E+04
    0.30490E-01    0.76976E+04
    0.31106E-01    0.75612E+04
    0.31735E-01    0.74233E+04
    0.32376E-01    0.72845E+04
    0.33030E-01    0.71456E+04
    0.33697E-01    0.70071E+04
    0.34378E-01    0.68691E+04
    0.35072E-01    0.67319E+04
    0.35781E-01    0.65956E+04
    0.36504E-01    0.64604E+04
    0.37241E-01    0.63266E+04
    0.37993E-01    0.61944E+04
    0.38761E-01    0.60641E+04
    0.39544E-01    0.59360E+04
    0.40343E-01    0.58104E+04
    0.41158E-01    0.56875E+04
    0.41989E-01    0.55676E+04
    0.42838E-01    0.54512E+04
    0.43703E-01    0.53386E+04
    0.44586E-01    0.52300E+04
    0.45486E-01    0.51257E+04
    0.46405E-01    0.50257E+04
    0.47343E-01    0.49302E+04
    0.48299E-01    0.48393E+04
    0.49275E-01    0.47530E+04
    0.50270E-01    0.46712E+04
    0.51286E-01    0.45935E+04
    0.52322E-01    0.45196E+04
    0.53379E-01    0.44491E+04
    0.54457E-01    0.43816E+04
    0.55557E-01    0.43169E+04
    0.56680E-01    0.42545E+04
    0.57825E-01    0.41941E+04
    0.58993E-01    0.41353E+04
    0.60184E-01    0.40777E+04
    0.61400E-01    0.40211E+04
    0.62641E-01    0.39650E+04
    0.63906E-01    0.39090E+04
    0.65197E-01    0.38525E+04
    0.66514E-01    0.37947E+04
    0.67858E-01    0.37352E+04
    0.69229E-01    0.36736E+04
    0.70627E-01    0.36101E+04
    0.72054E-01    0.35444E+04
    0.73510E-01    0.34756E+04
    0.74994E-01    0.34021E+04
    0.76509E-01    0.33231E+04
    0.78055E-01    0.32388E+04
    0.79632E-01    0.31503E+04
    0.81241E-01    0.30585E+04
    0.82882E-01    0.29641E+04
    0.84556E-01    0.28677E+04
    0.86264E-01    0.27698E+04
    0.88007E-01    0.26715E+04
    0.89785E-01    0.25736E+04
    0.91598E-01    0.24769E+04
    0.93449E-01    0.23823E+04
    0.95337E-01    0.22906E+04
    0.97263E-01    0.22027E+04
    0.99227E-01    0.21195E+04
    0.10123E+00    0.20417E+04
    0.10328E+00    0.19700E+04
    0.10536E+00    0.19049E+04
    0.10749E+00    0.18468E+04
    0.10966E+00    0.17957E+04
    0.11188E+00    0.17510E+04
    0.11414E+00    0.17122E+04
    0.11644E+00    0.16783E+04
    0.11880E+00    0.16479E+04
    0.12120E+00    0.16198E+04
    0.12365E+00    0.15928E+04
    0.12614E+00    0.15656E+04
    0.12869E+00    0.15370E+04
    0.13129E+00    0.15061E+04
    0.13394E+00    0.14720E+04
    0.13665E+00    0.14340E+04
    0.13941E+00    0.13920E+04
    0.14223E+00    0.13457E+04
    0.14510E+00    0.12959E+04
    0.14803E+00    0.12433E+04
    0.15102E+00    0.11892E+04
    0.15407E+00    0.11351E+04
    0.15718E+00    0.10825E+04
    0.16036E+00    0.10330E+04
    0.16360E+00    0.98752E+03
    0.16690E+00    0.94694E+03
    0.17028E+00    0.91161E+03
    0.17371E+00    0.88139E+03
    0.17722E+00    0.85589E+03
    0.18080E+00    0.83438E+03
    0.18446E+00    0.81581E+03
    0.18818E+00    0.79887E+03
    0.19198E+00    0.78206E+03
    0.19586E+00    0.76390E+03
    0.19982E+00    0.74334E+03
    0.20386E+00    0.71981E+03
    0.20797E+00    0.69339E+03
    0.21218E+00    0.66469E+03
    0.21646E+00    0.63472E+03
    0.22083E+00    0.60484E+03
    0.22530E+00    0.57635E+03
    0.22985E+00    0.55034E+03
    0.23449E+00    0.52744E+03
    0.23923E+00    0.50785E+03
    0.24406E+00    0.49134E+03
    0.24899E+00    0.47723E+03
    0.25402E+00    0.46443E+03
    0.25915E+00    0.45175E+03
    0.26439E+00    0.43822E+03
    0.26973E+00    0.42339E+03
    0.27518E+00    0.40718E+03
    0.28074E+00    0.38988E+03
    0.28641E+00    0.37224E+03
    0.29219E+00    0.35526E+03
    0.29810E+00    0.33973E+03
    0.30412E+00    0.32604E+03
    0.31026E+00    0.31414E+03
    0.31653E+00    0.30357E+03
    0.32292E+00    0.29373E+03
    0.32945E+00    0.28393E+03
    0.33610E+00    0.27368E+03
    0.34289E+00    0.26286E+03
    0.34982E+00    0.25171E+03
    0.35689E+00    0.24070E+03
    0.36409E+00    0.23030E+03
    0.37145E+00    0.22082E+03
    0.37895E+00    0.21231E+03
    0.38661E+00    0.20450E+03
    0.39442E+00    0.19700E+03
    0.40239E+00    0.18949E+03
    0.41052E+00    0.18186E+03
    0.41881E+00    0.17421E+03
    0.42727E+00    0.16677E+03
    0.43590E+00    0.15975E+03
    0.44471E+00    0.15325E+03
    0.45369E+00    0.14719E+03
    0.46286E+00    0.14140E+03
    0.47221E+00    0.13572E+03
    0.48174E+00    0.13008E+03
    0.49148E+00    0.12459E+03
    0.50141E+00    0.11931E+03
    0.51153E+00    0.11433E+03
    0.52187E+00    0.10963E+03
    0.53241E+00    0.10513E+03
    0.54317E+00    0.10076E+03
    0.55414E+00    0.96503E+02
    0.56533E+00    0.92411E+02
    0.57675E+00    0.88502E+02
    0.58840E+00    0.84760E+02
    0.60029E+00    0.81170E+02
    0.61242E+00    0.77721E+02
    0.62479E+00    0.74405E+02
    0.63741E+00    0.71220E+02
    0.65029E+00    0.68161E+02
    0.66342E+00    0.65225E+02
    0.67683E+00    0.62408E+02
    0.69050E+00    0.59706E+02
    0.70445E+00    0.57114E+02
    0.71868E+00    0.54629E+02
    0.73320E+00    0.52248E+02
    0.74801E+00    0.49965E+02
    0.76312E+00    0.47778E+02
    0.77854E+00    0.45682E+02
    0.79426E+00    0.43673E+02
    0.81031E+00    0.41748E+02
    0.82668E+00    0.39903E+02
    0.84338E+00    0.38136E+02
    0.86041E+00    0.36441E+02
    0.87780E+00    0.34817E+02
    0.89553E+00    0.33261E+02
    0.91362E+00    0.31769E+02
    0.93208E+00    0.30339E+02
    0.95091E+00    0.28969E+02
    0.97011E+00    0.27658E+02
    0.98971E+00    0.26403E+02
    0.10097E+01    0.25202E+02
    0.10301E+01    0.24054E+02
    0.10509E+01    0.22955E+02
    0.10721E+01    0.21903E+02
    0.10938E+01    0.20896E+02
    0.11159E+01    0.19933E+02
    0.11384E+01    0.19011E+02
    0.11614E+01    0.18128E+02
    0.11849E+01    0.17283E+02
    0.12088E+01    0.16473E+02
    0.12333E+01    0.15698E+02
    0.12582E+01    0.14956E+02
    0.12836E+01    0.14245E+02
    0.13095E+01    0.13565E+02
    0.13360E+01    0.12915E+02
    0.13630E+01    0.12294E+02
    0.13905E+01    0.11700E+02
    0.14186E+01    0.11132E+02
    0.14472E+01    0.10588E+02
    0.14765E+01    0.10068E+02
    0.15063E+01    0.95690E+01
    0.15367E+01    0.90916E+01
    0.15678E+01    0.86346E+01
    0.15994E+01    0.81974E+01
    0.16318E+01    0.77790E+01
    0.16647E+01    0.73790E+01
    0.16984E+01    0.69963E+01
    0.17327E+01    0.66301E+01
    0.17677E+01    0.62795E+01
    0.18034E+01    0.59437E+01
    0.18398E+01    0.56220E+01
    0.18770E+01    0.53140E+01
    0.19149E+01    0.50191E+01
    0.19536E+01    0.47368E+01
    0.19930E+01    0.44667E+01
    0.20333E+01    0.42084E+01
    0.20744E+01    0.39614E+01
    0.21163E+01    0.37251E+01
    0.21590E+01    0.34991E+01
    0.22026E+01    0.32830E+01
    0.22471E+01    0.30765E+01
    0.22925E+01    0.28792E+01
    0.23388E+01    0.26911E+01
    0.23861E+01    0.25119E+01
    0.24343E+01    0.23414E+01
    0.24835E+01    0.21795E+01
    0.25336E+01    0.20258E+01
    0.25848E+01    0.18800E+01
    0.26370E+01    0.17420E+01
    0.26903E+01    0.16114E+01
    0.27447E+01    0.14880E+01
    0.28001E+01    0.13718E+01
    0.28567E+01    0.12628E+01
    0.29144E+01    0.11608E+01
    0.29733E+01    0.10658E+01
    0.30333E+01    0.97760E+00
    0.30946E+01    0.89599E+00
    0.31571E+01    0.82086E+00
    0.32209E+01    0.75201E+00
    0.32860E+01    0.68916E+00
    0.33523E+01    0.63201E+00
    0.34201E+01    0.58030E+00
    0.34892E+01    0.53377E+00
    0.35596E+01    0.49215E+00
    0.36316E+01    0.45512E+00
    0.37049E+01    0.42234E+00
    0.37798E+01    0.39336E+00
    0.38561E+01    0.36769E+00
    0.39340E+01    0.34493E+00
    0.40135E+01    0.32472E+00
    0.40946E+01    0.30674E+00
    0.41773E+01    0.29050E+00
    0.42617E+01    0.27549E+00
    0.43478E+01    0.26130E+00
    0.44356E+01    0.24758E+00
    0.45252E+01    0.23407E+00
    0.46166E+01    0.22066E+00
    0.47099E+01    0.20733E+00
    0.48050E+01    0.19404E+00
    0.49021E+01    0.18083E+00
    0.50011E+01    0.16774E+00
    0.51021E+01    0.15507E+00
    0.52052E+01    0.14312E+00
    0.53104E+01    0.13214E+00
    0.54176E+01    0.12227E+00
    0.55271E+01    0.11357E+00
    0.56387E+01    0.10584E+00
    0.57526E+01    0.98816E-01
    0.58689E+01    0.92283E-01
    0.59874E+01    0.86076E-01
    0.61084E+01    0.80079E-01
    0.62318E+01    0.74324E-01
    0.63577E+01    0.68887E-01
    0.64861E+01    0.63821E-01
    0.66171E+01    0.59160E-01
    0.67508E+01    0.54916E-01
    0.68872E+01    0.51042E-01
    0.70263E+01    0.47473E-01
    0.71682E+01    0.44157E-01
    0.73130E+01    0.41050E-01
    0.74608E+01    0.38122E-01
    0.76115E+01    0.35366E-01
    0.77653E+01    0.32786E-01
    0.79221E+01    0.30383E-01
    0.80822E+01    0.28155E-01
    0.82454E+01    0.26097E-01
    0.84120E+01    0.24196E-01
    0.85819E+01    0.22439E-01
    0.87553E+01    0.20814E-01
    0.89322E+01    0.19309E-01
    0.91126E+01    0.17914E-01
    0.92967E+01    0.16619E-01
    0.94845E+01    0.15418E-01
    0.96761E+01    0.14301E-01
    0.98716E+01    0.13263E-01
    0.10071E+02    0.12297E-01
    0.10274E+02    0.11400E-01
    0.10482E+02    0.10566E-01
    0.10694E+02    0.97924E-02
    0.10910E+02    0.90755E-02
    0.11130E+02    0.84115E-02
    0.11355E+02    0.77967E-02
    0.11584E+02    0.72275E-02
    0.11818E+02    0.67007E-02
    0.12057E+02    0.62130E-02
    0.12301E+02    0.57617E-02
    0.12549E+02    0.53436E-02
    0.12803E+02    0.49562E-02
    0.13061E+02    0.45968E-02
    0.13325E+02    0.42631E-02
    0.13594E+02    0.39532E-02
    0.13869E+02    0.36655E-02
    0.14149E+02    0.33984E-02
    0.14435E+02    0.31508E-02
    0.14727E+02    0.29213E-02
    0.15024E+02    0.27086E-02
    0.15328E+02    0.25118E-02
    0.15637E+02    0.23296E-02
    0.15953E+02    0.21611E-02
    0.16275E+02    0.20054E-02
    0.16604E+02    0.18614E-02
    0.16940E+02    0.17283E-02
    0.17282E+02    0.16050E-02
    0.17631E+02    0.14906E-02
    0.17987E+02    0.13844E-02
    0.18351E+02    0.12857E-02
    0.18721E+02    0.11940E-02
    0.19099E+02    0.11089E-02
    0.19485E+02    0.10300E-02
    0.19879E+02    0.95689E-03
    0.20280E+02    0.88928E-03
    0.20690E+02    0.82667E-03
    0.21108E+02    0.76864E-03
    0.21535E+02    0.71478E-03
    0.21970E+02    0.66475E-03
