7.389889999999999816e-05 3.164635077290578806e+02 3.164635368654567742e+02
1.218389999999999968e-04 5.128521093624226523e+02 5.128521605187074783e+02
2.008780000000000103e-04 8.307730185021529223e+02 8.307731013881790432e+02
3.311920000000000098e-04 1.344401851740384700e+03 1.344401975618262668e+03
5.460429999999999624e-04 2.170060773699525726e+03 2.170060990636799033e+03
9.002730000000000454e-04 3.482916611741875386e+03 3.482922530592513795e+03
1.484300000000000029e-03 5.527206112276685417e+03 5.527233468770658874e+03
2.447200000000000070e-03 8.588222771113796625e+03 8.588232333339476099e+03
4.034740000000000201e-03 1.285702477044902298e+04 1.285714154587705343e+04
4.571959999999999913e-03 1.410179715054756161e+04 1.410186842826658722e+04
5.180709999999999829e-03 1.540106782337347795e+04 1.540116370000120878e+04
5.870519999999999732e-03 1.673893609342083073e+04 1.673906086111922923e+04
6.652169999999999785e-03 1.809458174113927453e+04 1.809484036601695698e+04
7.537890000000000215e-03 1.944056769089294539e+04 1.944082429273822709e+04
8.541550000000000184e-03 2.074283759499675944e+04 2.074320974853655207e+04
9.678849999999999260e-03 2.195917305808846868e+04 2.195981088370648285e+04
1.096759999999999922e-02 2.304058855515997857e+04 2.304116249790025904e+04
1.242790000000000041e-02 2.392922739970715702e+04 2.393025892513102372e+04
1.408260000000000067e-02 2.456144384808728864e+04 2.456286396712920032e+04
1.595769999999999827e-02 2.487139298292144667e+04 2.487296140160945288e+04
1.808250000000000135e-02 2.479484483967225970e+04 2.479716219618043033e+04
2.049010000000000067e-02 2.428072825581845609e+04 2.428376984969590194e+04
2.321830000000000074e-02 2.330460189034900759e+04 2.330848389189297450e+04
2.630980000000000124e-02 2.188457110865909999e+04 2.188986226155920303e+04
2.981289999999999982e-02 2.009794276006382643e+04 2.010496344902264900e+04
3.378250000000000003e-02 1.808967349787800413e+04 1.809896416183430119e+04
3.828059999999999796e-02 1.627315409249739059e+04 1.628538238081058262e+04
4.337760000000000227e-02 1.443434296513814297e+04 1.445032205345180591e+04
4.915320000000000106e-02 1.282383026974158201e+04 1.284420095624356327e+04
5.569790000000000157e-02 1.177571080777453426e+04 1.180106852479375630e+04
6.311400000000000343e-02 1.087873095159847435e+04 1.090870748821479538e+04
7.050389999999999435e-02 9.950591982551924957e+03 9.983150756334431208e+03
7.789379999999999915e-02 8.943178781000675372e+03 8.976552146082251056e+03
8.528370000000000395e-02 7.800187983949051159e+03 7.833015122412726669e+03
9.267359999999999487e-02 6.739477128901443393e+03 6.771152983427053186e+03
1.000629999999999992e-01 5.914898210345944790e+03 5.945308265140538424e+03
1.074530000000000068e-01 5.357714924844834059e+03 5.387106518205139764e+03
1.148430000000000006e-01 5.006403483561815847e+03 5.035117553945739019e+03
1.222329999999999944e-01 4.757910251765416433e+03 4.786186481867558541e+03
1.296229999999999882e-01 4.509886913885169633e+03 4.537620633761336649e+03
1.370129999999999959e-01 4.203664568319754835e+03 4.230471610529830286e+03
1.444030000000000036e-01 3.843857688182832590e+03 3.869486226478803474e+03
1.517930000000000113e-01 3.477518004142342306e+03 3.501758878503678261e+03
1.591829999999999912e-01 3.160961257291724905e+03 3.183891635264996694e+03
1.665719999999999978e-01 2.925107449401562008e+03 2.946977575602144952e+03
1.739620000000000055e-01 2.762874473608479093e+03 2.783961236542653751e+03
1.813520000000000132e-01 2.647447560330635952e+03 2.668007942491425183e+03
1.887419999999999931e-01 2.546829015752649411e+03 2.566857040169817083e+03
1.961320000000000008e-01 2.434053672306597491e+03 2.453520186890504192e+03
2.035220000000000085e-01 2.300638208756338827e+03 2.319427754095287128e+03
2.109119999999999884e-01 2.155451449805847460e+03 2.173451908792482300e+03
2.183019999999999960e-01 2.015189257565587468e+03 2.032381818588598435e+03
2.315280000000000116e-01 1.820491796474577995e+03 1.836498808093771686e+03
2.455559999999999965e-01 1.691522034320211560e+03 1.706689471530131414e+03
2.604339999999999988e-01 1.577768985591145793e+03 1.592179547899001818e+03
2.762129999999999863e-01 1.438709229140112257e+03 1.452176019402737211e+03
2.929479999999999862e-01 1.305420734259311075e+03 1.317933058444871904e+03
3.106970000000000010e-01 1.208505434729371927e+03 1.220279808485715876e+03
3.295219999999999816e-01 1.122537893909734294e+03 1.133638365879353159e+03
3.494869999999999921e-01 1.030066753572745256e+03 1.040439033471990797e+03
3.706619999999999915e-01 9.519468644185261610e+02 9.616727318621110498e+02
3.931189999999999962e-01 8.865063082186942438e+02 8.956686065337250966e+02
4.169379999999999753e-01 8.217035003380781291e+02 8.303059353668108997e+02
4.421990000000000087e-01 7.655747827243638994e+02 7.736732910978753353e+02
6.171389999999999931e-01 5.361835773885259186e+02 5.420855931926987523e+02
8.612859999999999960e-01 3.995661380755663004e+02 4.040103214088144910e+02
1.202020000000000088e+00 3.016319196451202060e+02 3.049323093800431366e+02
1.677559999999999940e+00 2.161746170679288923e+02 2.184532244040445335e+02
2.341219999999999857e+00 1.402232798160549692e+02 1.416406744958995603e+02
3.267430000000000057e+00 8.212129031951084812e+01 8.293230917411763414e+01
4.560069999999999624e+00 4.490478683295215490e+01 4.534653413005146660e+01
6.364090000000000025e+00 2.349968760625904451e+01 2.373307602230233115e+01
