    0.10000E-03    0.32768E+03
    0.10202E-03    0.33418E+03
    0.10408E-03    0.34083E+03
    0.10618E-03    0.34761E+03
    0.10833E-03    0.35453E+03
    0.11052E-03    0.36159E+03
    0.11275E-03    0.36879E+03
    0.11503E-03    0.37615E+03
    0.11735E-03    0.38366E+03
    0.11972E-03    0.39132E+03
    0.12214E-03    0.39915E+03
    0.12461E-03    0.40713E+03
    0.12712E-03    0.41529E+03
    0.12969E-03    0.42361E+03
    0.13231E-03    0.43211E+03
    0.13499E-03    0.44078E+03
    0.13771E-03    0.44964E+03
    0.14049E-03    0.45868E+03
    0.14333E-03    0.46792E+03
    0.14623E-03    0.47734E+03
    0.14918E-03    0.48697E+03
    0.15220E-03    0.49680E+03
    0.15527E-03    0.50684E+03
    0.15841E-03    0.51710E+03
    0.16161E-03    0.52757E+03
    0.16487E-03    0.53826E+03
    0.16820E-03    0.54918E+03
    0.17160E-03    0.56034E+03
    0.17507E-03    0.57173E+03
    0.17860E-03    0.58337E+03
    0.18221E-03    0.59525E+03
    0.18589E-03    0.60739E+03
    0.18965E-03    0.61979E+03
    0.19348E-03    0.63246E+03
    0.19739E-03    0.64540E+03
    0.20138E-03    0.65862E+03
    0.20544E-03    0.67212E+03
    0.20959E-03    0.68591E+03
    0.21383E-03    0.69999E+03
    0.21815E-03    0.71438E+03
    0.22255E-03    0.72908E+03
    0.22705E-03    0.74409E+03
    0.23164E-03    0.75942E+03
    0.23632E-03    0.77508E+03
    0.24109E-03    0.79107E+03
    0.24596E-03    0.80741E+03
    0.25093E-03    0.82409E+03
    0.25600E-03    0.84112E+03
    0.26117E-03    0.85852E+03
    0.26645E-03    0.87628E+03
    0.27183E-03    0.89441E+03
    0.27732E-03    0.91293E+03
    0.28292E-03    0.93183E+03
    0.28864E-03    0.95111E+03
    0.29447E-03    0.97080E+03
    0.30042E-03    0.99089E+03
    0.30649E-03    0.10114E+04
    0.31268E-03    0.10323E+04
    0.31899E-03    0.10536E+04
    0.32544E-03    0.10754E+04
    0.33201E-03    0.10976E+04
    0.33872E-03    0.11202E+04
    0.34556E-03    0.11432E+04
    0.35254E-03    0.11667E+04
    0.35966E-03    0.11907E+04
    0.36693E-03    0.12151E+04
    0.37434E-03    0.12399E+04
    0.38190E-03    0.12652E+04
    0.38962E-03    0.12909E+04
    0.39749E-03    0.13171E+04
    0.40552E-03    0.13438E+04
    0.41371E-03    0.13709E+04
    0.42207E-03    0.13985E+04
    0.43060E-03    0.14265E+04
    0.43929E-03    0.14550E+04
    0.44817E-03    0.14840E+04
    0.45722E-03    0.15134E+04
    0.46646E-03    0.15433E+04
    0.47588E-03    0.15736E+04
    0.48550E-03    0.16043E+04
    0.49530E-03    0.16355E+04
    0.50531E-03    0.16671E+04
    0.51552E-03    0.16992E+04
    0.52593E-03    0.17316E+04
    0.53656E-03    0.17645E+04
    0.54739E-03    0.17978E+04
    0.55845E-03    0.18315E+04
    0.56973E-03    0.18656E+04
    0.58124E-03    0.19001E+04
    0.59299E-03    0.19350E+04
    0.60496E-03    0.19703E+04
    0.61719E-03    0.20059E+04
    0.62965E-03    0.20419E+04
    0.64237E-03    0.20782E+04
    0.65535E-03    0.21148E+04
    0.66859E-03    0.21518E+04
    0.68210E-03    0.21892E+04
    0.69588E-03    0.22268E+04
    0.70993E-03    0.22647E+04
    0.72427E-03    0.23030E+04
    0.73891E-03    0.23415E+04
    0.75383E-03    0.23803E+04
    0.76906E-03    0.24194E+04
    0.78460E-03    0.24588E+04
    0.80045E-03    0.24984E+04
    0.81662E-03    0.25383E+04
    0.83311E-03    0.25785E+04
    0.84994E-03    0.26189E+04
    0.86711E-03    0.26596E+04
    0.88463E-03    0.27005E+04
    0.90250E-03    0.27417E+04
    0.92073E-03    0.27831E+04
    0.93933E-03    0.28248E+04
    0.95831E-03    0.28667E+04
    0.97767E-03    0.29089E+04
    0.99742E-03    0.29514E+04
    0.10176E-02    0.29941E+04
    0.10381E-02    0.30371E+04
    0.10591E-02    0.30803E+04
    0.10805E-02    0.31238E+04
    0.11023E-02    0.31676E+04
    0.11246E-02    0.32117E+04
    0.11473E-02    0.32561E+04
    0.11705E-02    0.33008E+04
    0.11941E-02    0.33458E+04
    0.12182E-02    0.33912E+04
    0.12429E-02    0.34369E+04
    0.12680E-02    0.34829E+04
    0.12936E-02    0.35293E+04
    0.13197E-02    0.35760E+04
    0.13464E-02    0.36231E+04
    0.13736E-02    0.36706E+04
    0.14013E-02    0.37185E+04
    0.14296E-02    0.37668E+04
    0.14585E-02    0.38155E+04
    0.14880E-02    0.38646E+04
    0.15180E-02    0.39142E+04
    0.15487E-02    0.39642E+04
    0.15800E-02    0.40146E+04
    0.16119E-02    0.40655E+04
    0.16445E-02    0.41169E+04
    0.16777E-02    0.41688E+04
    0.17116E-02    0.42211E+04
    0.17462E-02    0.42739E+04
    0.17814E-02    0.43272E+04
    0.18174E-02    0.43810E+04
    0.18541E-02    0.44353E+04
    0.18916E-02    0.44902E+04
    0.19298E-02    0.45455E+04
    0.19688E-02    0.46013E+04
    0.20086E-02    0.46577E+04
    0.20491E-02    0.47146E+04
    0.20905E-02    0.47720E+04
    0.21328E-02    0.48300E+04
    0.21758E-02    0.48884E+04
    0.22198E-02    0.49474E+04
    0.22646E-02    0.50069E+04
    0.23104E-02    0.50670E+04
    0.23571E-02    0.51275E+04
    0.24047E-02    0.51886E+04
    0.24533E-02    0.52502E+04
    0.25028E-02    0.53124E+04
    0.25534E-02    0.53750E+04
    0.26050E-02    0.54381E+04
    0.26576E-02    0.55018E+04
    0.27113E-02    0.55659E+04
    0.27660E-02    0.56306E+04
    0.28219E-02    0.56957E+04
    0.28789E-02    0.57613E+04
    0.29371E-02    0.58273E+04
    0.29964E-02    0.58938E+04
    0.30569E-02    0.59608E+04
    0.31187E-02    0.60282E+04
    0.31817E-02    0.60960E+04
    0.32460E-02    0.61642E+04
    0.33115E-02    0.62328E+04
    0.33784E-02    0.63018E+04
    0.34467E-02    0.63712E+04
    0.35163E-02    0.64410E+04
    0.35874E-02    0.65111E+04
    0.36598E-02    0.65814E+04
    0.37338E-02    0.66521E+04
    0.38092E-02    0.67231E+04
    0.38861E-02    0.67943E+04
    0.39646E-02    0.68659E+04
    0.40447E-02    0.69377E+04
    0.41264E-02    0.70098E+04
    0.42098E-02    0.70821E+04
    0.42948E-02    0.71545E+04
    0.43816E-02    0.72271E+04
    0.44701E-02    0.72997E+04
    0.45604E-02    0.73724E+04
    0.46525E-02    0.74451E+04
    0.47465E-02    0.75178E+04
    0.48424E-02    0.75905E+04
    0.49402E-02    0.76631E+04
    0.50400E-02    0.77357E+04
    0.51419E-02    0.78081E+04
    0.52457E-02    0.78805E+04
    0.53517E-02    0.79526E+04
    0.54598E-02    0.80245E+04
    0.55701E-02    0.80962E+04
    0.56826E-02    0.81676E+04
    0.57974E-02    0.82387E+04
    0.59145E-02    0.83094E+04
    0.60340E-02    0.83797E+04
    0.61559E-02    0.84495E+04
    0.62803E-02    0.85188E+04
    0.64072E-02    0.85876E+04
    0.65366E-02    0.86558E+04
    0.66686E-02    0.87233E+04
    0.68033E-02    0.87901E+04
    0.69408E-02    0.88562E+04
    0.70810E-02    0.89214E+04
    0.72240E-02    0.89858E+04
    0.73700E-02    0.90493E+04
    0.75189E-02    0.91117E+04
    0.76708E-02    0.91732E+04
    0.78257E-02    0.92335E+04
    0.79838E-02    0.92926E+04
    0.81451E-02    0.93505E+04
    0.83096E-02    0.94071E+04
    0.84775E-02    0.94623E+04
    0.86488E-02    0.95161E+04
    0.88235E-02    0.95683E+04
    0.90017E-02    0.96189E+04
    0.91836E-02    0.96679E+04
    0.93691E-02    0.97150E+04
    0.95583E-02    0.97604E+04
    0.97514E-02    0.98038E+04
    0.99484E-02    0.98452E+04
    0.10149E-01    0.98845E+04
    0.10354E-01    0.99216E+04
    0.10564E-01    0.99564E+04
    0.10777E-01    0.99889E+04
    0.10995E-01    0.10019E+05
    0.11217E-01    0.10046E+05
    0.11443E-01    0.10071E+05
    0.11675E-01    0.10093E+05
    0.11910E-01    0.10112E+05
    0.12151E-01    0.10128E+05
    0.12397E-01    0.10141E+05
    0.12647E-01    0.10151E+05
    0.12902E-01    0.10158E+05
    0.13163E-01    0.10161E+05
    0.13429E-01    0.10161E+05
    0.13700E-01    0.10157E+05
    0.13977E-01    0.10150E+05
    0.14259E-01    0.10139E+05
    0.14547E-01    0.10123E+05
    0.14841E-01    0.10102E+05
    0.15141E-01    0.10077E+05
    0.15447E-01    0.10049E+05
    0.15759E-01    0.10016E+05
    0.16077E-01    0.99814E+04
    0.16402E-01    0.99443E+04
    0.16734E-01    0.99050E+04
    0.17072E-01    0.98622E+04
    0.17416E-01    0.98148E+04
    0.17768E-01    0.97617E+04
    0.18127E-01    0.97018E+04
    0.18493E-01    0.96350E+04
    0.18867E-01    0.95620E+04
    0.19248E-01    0.94834E+04
    0.19637E-01    0.94002E+04
    0.20034E-01    0.93131E+04
    0.20438E-01    0.92220E+04
    0.20851E-01    0.91265E+04
    0.21272E-01    0.90260E+04
    0.21702E-01    0.89199E+04
    0.22141E-01    0.88078E+04
    0.22588E-01    0.86900E+04
    0.23044E-01    0.85672E+04
    0.23510E-01    0.84405E+04
    0.23985E-01    0.83108E+04
    0.24469E-01    0.81788E+04
    0.24964E-01    0.80452E+04
    0.25468E-01    0.79100E+04
    0.25982E-01    0.77735E+04
    0.26507E-01    0.76358E+04
    0.27043E-01    0.74970E+04
    0.27589E-01    0.73571E+04
    0.28146E-01    0.72161E+04
    0.28715E-01    0.70736E+04
    0.29295E-01    0.69296E+04
    0.29887E-01    0.67839E+04
    0.30490E-01    0.66370E+04
    0.31106E-01    0.64895E+04
    0.31735E-01    0.63421E+04
    0.32376E-01    0.61955E+04
    0.33030E-01    0.60502E+04
    0.33697E-01    0.59065E+04
    0.34378E-01    0.57645E+04
    0.35072E-01    0.56244E+04
    0.35781E-01    0.54861E+04
    0.36504E-01    0.53498E+04
    0.37241E-01    0.52157E+04
    0.37993E-01    0.50841E+04
    0.38761E-01    0.49555E+04
    0.39544E-01    0.48301E+04
    0.40343E-01    0.47083E+04
    0.41158E-01    0.45901E+04
    0.41989E-01    0.44758E+04
    0.42838E-01    0.43653E+04
    0.43703E-01    0.42588E+04
    0.44586E-01    0.41563E+04
    0.45486E-01    0.40579E+04
    0.46405E-01    0.39638E+04
    0.47343E-01    0.38743E+04
    0.48299E-01    0.37896E+04
    0.49275E-01    0.37096E+04
    0.50270E-01    0.36342E+04
    0.51286E-01    0.35630E+04
    0.52322E-01    0.34957E+04
    0.53379E-01    0.34319E+04
    0.54457E-01    0.33713E+04
    0.55557E-01    0.33136E+04
    0.56680E-01    0.32584E+04
    0.57825E-01    0.32055E+04
    0.58993E-01    0.31545E+04
    0.60184E-01    0.31049E+04
    0.61400E-01    0.30562E+04
    0.62641E-01    0.30079E+04
    0.63906E-01    0.29595E+04
    0.65197E-01    0.29103E+04
    0.66514E-01    0.28600E+04
    0.67858E-01    0.28080E+04
    0.69229E-01    0.27546E+04
    0.70627E-01    0.27000E+04
    0.72054E-01    0.26439E+04
    0.73510E-01    0.25856E+04
    0.74994E-01    0.25239E+04
    0.76509E-01    0.24584E+04
    0.78055E-01    0.23894E+04
    0.79632E-01    0.23176E+04
    0.81241E-01    0.22438E+04
    0.82882E-01    0.21683E+04
    0.84556E-01    0.20914E+04
    0.86264E-01    0.20137E+04
    0.88007E-01    0.19360E+04
    0.89785E-01    0.18590E+04
    0.91598E-01    0.17833E+04
    0.93449E-01    0.17098E+04
    0.95337E-01    0.16390E+04
    0.97263E-01    0.15717E+04
    0.99227E-01    0.15086E+04
    0.10123E+00    0.14502E+04
    0.10328E+00    0.13969E+04
    0.10536E+00    0.13490E+04
    0.10749E+00    0.13067E+04
    0.10966E+00    0.12698E+04
    0.11188E+00    0.12379E+04
    0.11414E+00    0.12104E+04
    0.11644E+00    0.11867E+04
    0.11880E+00    0.11655E+04
    0.12120E+00    0.11461E+04
    0.12365E+00    0.11273E+04
    0.12614E+00    0.11081E+04
    0.12869E+00    0.10877E+04
    0.13129E+00    0.10652E+04
    0.13394E+00    0.10402E+04
    0.13665E+00    0.10121E+04
    0.13941E+00    0.98067E+03
    0.14223E+00    0.94608E+03
    0.14510E+00    0.90882E+03
    0.14803E+00    0.86958E+03
    0.15102E+00    0.82950E+03
    0.15407E+00    0.78972E+03
    0.15718E+00    0.75143E+03
    0.16036E+00    0.71569E+03
    0.16360E+00    0.68326E+03
    0.16690E+00    0.65468E+03
    0.17028E+00    0.63011E+03
    0.17371E+00    0.60952E+03
    0.17722E+00    0.59246E+03
    0.18080E+00    0.57834E+03
    0.18446E+00    0.56618E+03
    0.18818E+00    0.55493E+03
    0.19198E+00    0.54345E+03
    0.19586E+00    0.53075E+03
    0.19982E+00    0.51605E+03
    0.20386E+00    0.49901E+03
    0.20797E+00    0.47971E+03
    0.21218E+00    0.45874E+03
    0.21646E+00    0.43699E+03
    0.22083E+00    0.41556E+03
    0.22530E+00    0.39541E+03
    0.22985E+00    0.37728E+03
    0.23449E+00    0.36158E+03
    0.23923E+00    0.34838E+03
    0.24406E+00    0.33743E+03
    0.24899E+00    0.32813E+03
    0.25402E+00    0.31961E+03
    0.25915E+00    0.31095E+03
    0.26439E+00    0.30149E+03
    0.26973E+00    0.29093E+03
    0.27518E+00    0.27931E+03
    0.28074E+00    0.26693E+03
    0.28641E+00    0.25441E+03
    0.29219E+00    0.24254E+03
    0.29810E+00    0.23188E+03
    0.30412E+00    0.22263E+03
    0.31026E+00    0.21466E+03
    0.31653E+00    0.20760E+03
    0.32292E+00    0.20096E+03
    0.32945E+00    0.19419E+03
    0.33610E+00    0.18701E+03
    0.34289E+00    0.17938E+03
    0.34982E+00    0.17154E+03
    0.35689E+00    0.16388E+03
    0.36409E+00    0.15674E+03
    0.37145E+00    0.15032E+03
    0.37895E+00    0.14459E+03
    0.38661E+00    0.13931E+03
    0.39442E+00    0.13419E+03
    0.40239E+00    0.12899E+03
    0.41052E+00    0.12368E+03
    0.41881E+00    0.11838E+03
    0.42727E+00    0.11326E+03
    0.43590E+00    0.10848E+03
    0.44471E+00    0.10408E+03
    0.45369E+00    0.99976E+02
    0.46286E+00    0.96030E+02
    0.47221E+00    0.92123E+02
    0.48174E+00    0.88248E+02
    0.49148E+00    0.84474E+02
    0.50141E+00    0.80878E+02
    0.51153E+00    0.77503E+02
    0.52187E+00    0.74315E+02
    0.53241E+00    0.71244E+02
    0.54317E+00    0.68260E+02
    0.55414E+00    0.65348E+02
    0.56533E+00    0.62552E+02
    0.57675E+00    0.59895E+02
    0.58840E+00    0.57358E+02
    0.60029E+00    0.54926E+02
    0.61242E+00    0.52585E+02
    0.62479E+00    0.50332E+02
    0.63741E+00    0.48166E+02
    0.65029E+00    0.46087E+02
    0.66342E+00    0.44093E+02
    0.67683E+00    0.42183E+02
    0.69050E+00    0.40354E+02
    0.70445E+00    0.38602E+02
    0.71868E+00    0.36923E+02
    0.73320E+00    0.35313E+02
    0.74801E+00    0.33770E+02
    0.76312E+00    0.32291E+02
    0.77854E+00    0.30873E+02
    0.79426E+00    0.29515E+02
    0.81031E+00    0.28213E+02
    0.82668E+00    0.26966E+02
    0.84338E+00    0.25771E+02
    0.86041E+00    0.24627E+02
    0.87780E+00    0.23532E+02
    0.89553E+00    0.22483E+02
    0.91362E+00    0.21480E+02
    0.93208E+00    0.20519E+02
    0.95091E+00    0.19600E+02
    0.97011E+00    0.18720E+02
    0.98971E+00    0.17879E+02
    0.10097E+01    0.17074E+02
    0.10301E+01    0.16303E+02
    0.10509E+01    0.15566E+02
    0.10721E+01    0.14862E+02
    0.10938E+01    0.14188E+02
    0.11159E+01    0.13543E+02
    0.11384E+01    0.12927E+02
    0.11614E+01    0.12337E+02
    0.11849E+01    0.11774E+02
    0.12088E+01    0.11235E+02
    0.12333E+01    0.10720E+02
    0.12582E+01    0.10228E+02
    0.12836E+01    0.97578E+01
    0.13095E+01    0.93085E+01
    0.13360E+01    0.88793E+01
    0.13630E+01    0.84694E+01
    0.13905E+01    0.80780E+01
    0.14186E+01    0.77041E+01
    0.14472E+01    0.73469E+01
    0.14765E+01    0.70057E+01
    0.15063E+01    0.66797E+01
    0.15367E+01    0.63684E+01
    0.15678E+01    0.60710E+01
    0.15994E+01    0.57872E+01
    0.16318E+01    0.55163E+01
    0.16647E+01    0.52578E+01
    0.16984E+01    0.50111E+01
    0.17327E+01    0.47757E+01
    0.17677E+01    0.45511E+01
    0.18034E+01    0.43367E+01
    0.18398E+01    0.41321E+01
    0.18770E+01    0.39368E+01
    0.19149E+01    0.37505E+01
    0.19536E+01    0.35729E+01
    0.19930E+01    0.34035E+01
    0.20333E+01    0.32420E+01
    0.20744E+01    0.30881E+01
    0.21163E+01    0.29413E+01
    0.21590E+01    0.28013E+01
    0.22026E+01    0.26677E+01
    0.22471E+01    0.25404E+01
    0.22925E+01    0.24189E+01
    0.23388E+01    0.23031E+01
    0.23861E+01    0.21926E+01
    0.24343E+01    0.20874E+01
    0.24835E+01    0.19871E+01
    0.25336E+01    0.18915E+01
    0.25848E+01    0.18004E+01
    0.26370E+01    0.17136E+01
    0.26903E+01    0.16309E+01
    0.27447E+01    0.15521E+01
    0.28001E+01    0.14770E+01
    0.28567E+01    0.14055E+01
    0.29144E+01    0.13374E+01
    0.29733E+01    0.12725E+01
    0.30333E+01    0.12107E+01
    0.30946E+01    0.11518E+01
    0.31571E+01    0.10957E+01
    0.32209E+01    0.10424E+01
    0.32860E+01    0.99156E+00
    0.33523E+01    0.94322E+00
    0.34201E+01    0.89722E+00
    0.34892E+01    0.85342E+00
    0.35596E+01    0.81172E+00
    0.36316E+01    0.77200E+00
    0.37049E+01    0.73418E+00
    0.37798E+01    0.69815E+00
    0.38561E+01    0.66385E+00
    0.39340E+01    0.63119E+00
    0.40135E+01    0.60012E+00
    0.40946E+01    0.57055E+00
    0.41773E+01    0.54242E+00
    0.42617E+01    0.51565E+00
    0.43478E+01    0.49019E+00
    0.44356E+01    0.46596E+00
    0.45252E+01    0.44291E+00
    0.46166E+01    0.42097E+00
    0.47099E+01    0.40011E+00
    0.48050E+01    0.38026E+00
    0.49021E+01    0.36138E+00
    0.50011E+01    0.34343E+00
    0.51021E+01    0.32636E+00
    0.52052E+01    0.31012E+00
    0.53104E+01    0.29467E+00
    0.54176E+01    0.27998E+00
    0.55271E+01    0.26600E+00
    0.56387E+01    0.25271E+00
    0.57526E+01    0.24008E+00
    0.58689E+01    0.22808E+00
    0.59874E+01    0.21667E+00
    0.61084E+01    0.20584E+00
    0.62318E+01    0.19556E+00
    0.63577E+01    0.18578E+00
    0.64861E+01    0.17648E+00
    0.66171E+01    0.16764E+00
    0.67508E+01    0.15923E+00
    0.68872E+01    0.15123E+00
    0.70263E+01    0.14362E+00
    0.71682E+01    0.13639E+00
    0.73130E+01    0.12951E+00
    0.74608E+01    0.12298E+00
    0.76115E+01    0.11677E+00
    0.77653E+01    0.11088E+00
    0.79221E+01    0.10528E+00
    0.80822E+01    0.99955E-01
    0.82454E+01    0.94899E-01
    0.84120E+01    0.90096E-01
    0.85819E+01    0.85532E-01
    0.87553E+01    0.81197E-01
    0.89322E+01    0.77079E-01
    0.91126E+01    0.73167E-01
    0.92967E+01    0.69451E-01
    0.94845E+01    0.65921E-01
    0.96761E+01    0.62569E-01
    0.98716E+01    0.59386E-01
    0.10071E+02    0.56363E-01
    0.10274E+02    0.53493E-01
    0.10482E+02    0.50766E-01
    0.10694E+02    0.48177E-01
    0.10910E+02    0.45717E-01
    0.11130E+02    0.43380E-01
    0.11355E+02    0.41160E-01
    0.11584E+02    0.39054E-01
    0.11818E+02    0.37056E-01
    0.12057E+02    0.35162E-01
    0.12301E+02    0.33367E-01
    0.12549E+02    0.31665E-01
    0.12803E+02    0.30051E-01
    0.13061E+02    0.28517E-01
    0.13325E+02    0.27060E-01
    0.13594E+02    0.25674E-01
    0.13869E+02    0.24357E-01
    0.14149E+02    0.23105E-01
    0.14435E+02    0.21916E-01
    0.14727E+02    0.20788E-01
    0.15024E+02    0.19718E-01
    0.15328E+02    0.18702E-01
    0.15637E+02    0.17739E-01
    0.15953E+02    0.16825E-01
    0.16275E+02    0.15957E-01
    0.16604E+02    0.15134E-01
    0.16940E+02    0.14353E-01
    0.17282E+02    0.13612E-01
    0.17631E+02    0.12908E-01
    0.17987E+02    0.12241E-01
    0.18351E+02    0.11608E-01
    0.18721E+02    0.11007E-01
    0.19099E+02    0.10437E-01
    0.19485E+02    0.98966E-02
    0.19879E+02    0.93836E-02
    0.20280E+02    0.88969E-02
    0.20690E+02    0.84351E-02
    0.21108E+02    0.79972E-02
    0.21535E+02    0.75818E-02
    0.21970E+02    0.71880E-02
