7.389889999999999816e-05 3.164635368654831495e+02 3.164635368654568310e+02
1.218389999999999968e-04 5.128521584168328218e+02 5.128521605187074783e+02
2.008780000000000103e-04 8.307731013886700566e+02 8.307731013881790432e+02
3.311920000000000098e-04 1.344401975620311077e+03 1.344401975618262895e+03
5.460429999999999624e-04 2.170060990644957656e+03 2.170060990636795850e+03
9.002730000000000454e-04 3.482916959162906096e+03 3.482922530592499697e+03
1.484300000000000029e-03 5.527206661491684827e+03 5.527233468770608852e+03
2.447200000000000070e-03 8.588223620218108408e+03 8.588232333339352408e+03
4.034740000000000201e-03 1.285702603344998715e+04 1.285714154587716439e+04
4.571959999999999913e-03 1.410193090250071691e+04 1.410186842826706925e+04
5.180709999999999829e-03 1.540109664298022835e+04 1.540116370000242205e+04
5.870519999999999732e-03 1.673913073797378456e+04 1.673906086112185221e+04
6.652169999999999785e-03 1.809479692889719081e+04 1.809484036602217020e+04
7.537890000000000215e-03 1.944080477672361667e+04 1.944082429274809692e+04
8.541550000000000184e-03 2.074309845736317220e+04 2.074320974855460736e+04
9.678849999999999260e-03 2.195974014976619219e+04 2.195981088373881721e+04
1.096759999999999922e-02 2.304125523498666371e+04 2.304116249795722251e+04
1.242790000000000041e-02 2.392995214406493324e+04 2.393025892523000948e+04
1.408260000000000067e-02 2.456283025122234176e+04 2.456286396729942135e+04
1.595769999999999827e-02 2.487300327290553832e+04 2.487296140189953076e+04
1.808250000000000135e-02 2.479690907115284790e+04 2.479716219667084442e+04
2.049010000000000067e-02 2.428377420966266436e+04 2.428376985051880911e+04
2.321830000000000074e-02 2.330869955086540358e+04 2.330848389326301185e+04
2.630980000000000124e-02 2.188981726649382108e+04 2.188986226381945380e+04
2.981289999999999982e-02 2.010492133192069377e+04 2.010496345270844540e+04
3.378250000000000003e-02 1.809885757138756162e+04 1.809896416774921818e+04
3.828059999999999796e-02 1.628525962990031439e+04 1.628538239008569690e+04
4.337760000000000227e-02 1.445019016943795214e+04 1.445032206752795719e+04
4.915320000000000106e-02 1.284401462068285764e+04 1.284420097664710192e+04
5.569790000000000157e-02 1.180083517744841993e+04 1.180106855263425132e+04
6.311400000000000343e-02 1.090845174765449337e+04 1.090870752357593665e+04
7.050389999999999435e-02 9.982920622856720001e+03 9.983150797391241213e+03
7.789379999999999915e-02 8.976257925845067803e+03 8.976552190945247276e+03
8.528370000000000395e-02 7.832719815485311301e+03 7.833015169581325608e+03
9.267359999999999487e-02 6.770830017117693387e+03 6.771153031882637151e+03
1.000629999999999992e-01 5.944962002168831532e+03 5.945308314253997196e+03
1.074530000000000068e-01 5.386779358229680838e+03 5.387106567609392187e+03
1.148430000000000006e-01 5.034758448004901766e+03 5.035117603435278397e+03
1.222329999999999944e-01 4.785844343901499997e+03 4.786186531333845778e+03
1.296229999999999882e-01 4.537228600036044554e+03 4.537620683154553262e+03
1.370129999999999959e-01 4.230079473631208202e+03 4.230514155499193294e+03
1.444030000000000036e-01 3.869040267328075061e+03 3.869486275695951008e+03
1.517930000000000113e-01 3.501303585359674798e+03 3.501758927637541092e+03
1.591829999999999912e-01 3.183434047486535746e+03 3.183891684315734892e+03
1.665719999999999978e-01 2.946484478543285149e+03 2.946977624564813141e+03
1.739620000000000055e-01 2.783471644316525726e+03 2.783961285410915480e+03
1.813520000000000132e-01 2.667479041575660631e+03 2.668007991261068582e+03
1.887419999999999931e-01 2.566318854068051678e+03 2.566857088841122277e+03
1.961320000000000008e-01 2.452964530395493512e+03 2.453520235468936789e+03
2.035220000000000085e-01 2.318794364564284024e+03 2.319427802588825216e+03
2.109119999999999884e-01 2.172839633235883412e+03 2.173451957207741088e+03
2.183019999999999960e-01 2.031725816257210226e+03 2.032381866928077898e+03
2.315280000000000116e-01 1.835794175772701010e+03 1.836502222299100822e+03
2.455559999999999965e-01 1.705923254554329333e+03 1.706689519553368882e+03
2.604339999999999988e-01 1.591341296101152466e+03 1.592179595733600991e+03
2.762129999999999863e-01 1.451272992147512241e+03 1.452176067046764729e+03
2.929479999999999862e-01 1.316967504272040287e+03 1.317936138803866697e+03
3.106970000000000010e-01 1.219237357920209433e+03 1.220279855684612812e+03
3.295219999999999816e-01 1.132521637065049617e+03 1.133641297229447446e+03
3.494869999999999921e-01 1.039259698793754069e+03 1.040439080120393555e+03
3.706619999999999915e-01 9.604388320414154805e+02 9.616727781911492912e+02
3.931189999999999962e-01 8.943944941025418984e+02 8.956712699603419878e+02
4.169379999999999753e-01 8.290146054295285012e+02 8.303059809450440980e+02
4.421990000000000087e-01 7.723854421904180754e+02 7.736733362389103377e+02
6.171389999999999931e-01 5.411065182845326262e+02 5.420856348320185134e+02
8.612859999999999960e-01 4.033008459679198836e+02 4.040103572155855431e+02
1.202020000000000088e+00 3.044263679149472637e+02 3.049323366527868302e+02
1.677559999999999940e+00 2.180850605781091076e+02 2.184532416066355154e+02
2.341219999999999857e+00 1.413694706816911264e+02 1.416406828623869956e+02
3.267430000000000057e+00 8.273869431045088163e+01 8.293231170662092211e+01
4.560069999999999624e+00 4.521808921748520049e+01 4.534653332680134241e+01
6.364090000000000025e+00 2.365317182569364718e+01 2.373307340557617451e+01
