    0.10000E-03    0.32767E+03
    0.10202E-03    0.33418E+03
    0.10408E-03    0.34083E+03
    0.10618E-03    0.34760E+03
    0.10833E-03    0.35452E+03
    0.11052E-03    0.36158E+03
    0.11275E-03    0.36879E+03
    0.11503E-03    0.37615E+03
    0.11735E-03    0.38366E+03
    0.11972E-03    0.39132E+03
    0.12214E-03    0.39914E+03
    0.12461E-03    0.40713E+03
    0.12712E-03    0.41528E+03
    0.12969E-03    0.42361E+03
    0.13231E-03    0.43210E+03
    0.13499E-03    0.44078E+03
    0.13771E-03    0.44964E+03
    0.14049E-03    0.45868E+03
    0.14333E-03    0.46791E+03
    0.14623E-03    0.47734E+03
    0.14918E-03    0.48697E+03
    0.15220E-03    0.49680E+03
    0.15527E-03    0.50684E+03
    0.15841E-03    0.51709E+03
    0.16161E-03    0.52756E+03
    0.16487E-03    0.53826E+03
    0.16820E-03    0.54918E+03
    0.17160E-03    0.56033E+03
    0.17507E-03    0.57173E+03
    0.17860E-03    0.58336E+03
    0.18221E-03    0.59525E+03
    0.18589E-03    0.60739E+03
    0.18965E-03    0.61979E+03
    0.19348E-03    0.63246E+03
    0.19739E-03    0.64539E+03
    0.20138E-03    0.65861E+03
    0.20544E-03    0.67211E+03
    0.20959E-03    0.68590E+03
    0.21383E-03    0.69999E+03
    0.21815E-03    0.71437E+03
    0.22255E-03    0.72907E+03
    0.22705E-03    0.74408E+03
    0.23164E-03    0.75941E+03
    0.23632E-03    0.77507E+03
    0.24109E-03    0.79107E+03
    0.24596E-03    0.80740E+03
    0.25093E-03    0.82408E+03
    0.25600E-03    0.84112E+03
    0.26117E-03    0.85851E+03
    0.26645E-03    0.87627E+03
    0.27183E-03    0.89441E+03
    0.27732E-03    0.91292E+03
    0.28292E-03    0.93182E+03
    0.28864E-03    0.95111E+03
    0.29447E-03    0.97079E+03
    0.30042E-03    0.99088E+03
    0.30649E-03    0.10114E+04
    0.31268E-03    0.10323E+04
    0.31899E-03    0.10536E+04
    0.32544E-03    0.10754E+04
    0.33201E-03    0.10976E+04
    0.33872E-03    0.11202E+04
    0.34556E-03    0.11432E+04
    0.35254E-03    0.11667E+04
    0.35966E-03    0.11907E+04
    0.36693E-03    0.12150E+04
    0.37434E-03    0.12399E+04
    0.38190E-03    0.12652E+04
    0.38962E-03    0.12909E+04
    0.39749E-03    0.13171E+04
    0.40552E-03    0.13438E+04
    0.41371E-03    0.13709E+04
    0.42207E-03    0.13985E+04
    0.43060E-03    0.14265E+04
    0.43929E-03    0.14550E+04
    0.44817E-03    0.14840E+04
    0.45722E-03    0.15134E+04
    0.46646E-03    0.15432E+04
    0.47588E-03    0.15735E+04
    0.48550E-03    0.16043E+04
    0.49530E-03    0.16355E+04
    0.50531E-03    0.16671E+04
    0.51552E-03    0.16991E+04
    0.52593E-03    0.17316E+04
    0.53656E-03    0.17645E+04
    0.54739E-03    0.17978E+04
    0.55845E-03    0.18315E+04
    0.56973E-03    0.18656E+04
    0.58124E-03    0.19001E+04
    0.59299E-03    0.19350E+04
    0.60496E-03    0.19702E+04
    0.61719E-03    0.20059E+04
    0.62965E-03    0.20418E+04
    0.64237E-03    0.20782E+04
    0.65535E-03    0.21148E+04
    0.66859E-03    0.21518E+04
    0.68210E-03    0.21891E+04
    0.69588E-03    0.22268E+04
    0.70993E-03    0.22647E+04
    0.72427E-03    0.23029E+04
    0.73891E-03    0.23415E+04
    0.75383E-03    0.23803E+04
    0.76906E-03    0.24194E+04
    0.78460E-03    0.24588E+04
    0.80045E-03    0.24984E+04
    0.81662E-03    0.25383E+04
    0.83311E-03    0.25785E+04
    0.84994E-03    0.26189E+04
    0.86711E-03    0.26596E+04
    0.88463E-03    0.27005E+04
    0.90250E-03    0.27417E+04
    0.92073E-03    0.27831E+04
    0.93933E-03    0.28248E+04
    0.95831E-03    0.28667E+04
    0.97767E-03    0.29089E+04
    0.99742E-03    0.29513E+04
    0.10176E-02    0.29940E+04
    0.10381E-02    0.30370E+04
    0.10591E-02    0.30803E+04
    0.10805E-02    0.31238E+04
    0.11023E-02    0.31676E+04
    0.11246E-02    0.32117E+04
    0.11473E-02    0.32561E+04
    0.11705E-02    0.33008E+04
    0.11941E-02    0.33458E+04
    0.12182E-02    0.33911E+04
    0.12429E-02    0.34368E+04
    0.12680E-02    0.34828E+04
    0.12936E-02    0.35292E+04
    0.13197E-02    0.35759E+04
    0.13464E-02    0.36231E+04
    0.13736E-02    0.36706E+04
    0.14013E-02    0.37184E+04
    0.14296E-02    0.37667E+04
    0.14585E-02    0.38154E+04
    0.14880E-02    0.38646E+04
    0.15180E-02    0.39141E+04
    0.15487E-02    0.39641E+04
    0.15800E-02    0.40146E+04
    0.16119E-02    0.40655E+04
    0.16445E-02    0.41169E+04
    0.16777E-02    0.41687E+04
    0.17116E-02    0.42211E+04
    0.17462E-02    0.42739E+04
    0.17814E-02    0.43272E+04
    0.18174E-02    0.43810E+04
    0.18541E-02    0.44353E+04
    0.18916E-02    0.44901E+04
    0.19298E-02    0.45455E+04
    0.19688E-02    0.46013E+04
    0.20086E-02    0.46577E+04
    0.20491E-02    0.47146E+04
    0.20905E-02    0.47720E+04
    0.21328E-02    0.48299E+04
    0.21758E-02    0.48884E+04
    0.22198E-02    0.49474E+04
    0.22646E-02    0.50069E+04
    0.23104E-02    0.50670E+04
    0.23571E-02    0.51276E+04
    0.24047E-02    0.51887E+04
    0.24533E-02    0.52503E+04
    0.25028E-02    0.53124E+04
    0.25534E-02    0.53751E+04
    0.26050E-02    0.54382E+04
    0.26576E-02    0.55019E+04
    0.27113E-02    0.55660E+04
    0.27660E-02    0.56307E+04
    0.28219E-02    0.56958E+04
    0.28789E-02    0.57614E+04
    0.29371E-02    0.58275E+04
    0.29964E-02    0.58940E+04
    0.30569E-02    0.59609E+04
    0.31187E-02    0.60284E+04
    0.31817E-02    0.60962E+04
    0.32460E-02    0.61644E+04
    0.33115E-02    0.62331E+04
    0.33784E-02    0.63021E+04
    0.34467E-02    0.63715E+04
    0.35163E-02    0.64413E+04
    0.35874E-02    0.65114E+04
    0.36598E-02    0.65818E+04
    0.37338E-02    0.66526E+04
    0.38092E-02    0.67236E+04
    0.38861E-02    0.67949E+04
    0.39646E-02    0.68664E+04
    0.40447E-02    0.69383E+04
    0.41264E-02    0.70104E+04
    0.42098E-02    0.70828E+04
    0.42948E-02    0.71553E+04
    0.43816E-02    0.72279E+04
    0.44701E-02    0.73006E+04
    0.45604E-02    0.73734E+04
    0.46525E-02    0.74462E+04
    0.47465E-02    0.75190E+04
    0.48424E-02    0.75917E+04
    0.49402E-02    0.76645E+04
    0.50400E-02    0.77371E+04
    0.51419E-02    0.78097E+04
    0.52457E-02    0.78822E+04
    0.53517E-02    0.79545E+04
    0.54598E-02    0.80266E+04
    0.55701E-02    0.80984E+04
    0.56826E-02    0.81700E+04
    0.57974E-02    0.82413E+04
    0.59145E-02    0.83122E+04
    0.60340E-02    0.83827E+04
    0.61559E-02    0.84528E+04
    0.62803E-02    0.85224E+04
    0.64072E-02    0.85915E+04
    0.65366E-02    0.86600E+04
    0.66686E-02    0.87278E+04
    0.68033E-02    0.87950E+04
    0.69408E-02    0.88615E+04
    0.70810E-02    0.89272E+04
    0.72240E-02    0.89921E+04
    0.73700E-02    0.90561E+04
    0.75189E-02    0.91191E+04
    0.76708E-02    0.91812E+04
    0.78257E-02    0.92421E+04
    0.79838E-02    0.93020E+04
    0.81451E-02    0.93607E+04
    0.83096E-02    0.94181E+04
    0.84775E-02    0.94743E+04
    0.86488E-02    0.95290E+04
    0.88235E-02    0.95823E+04
    0.90017E-02    0.96341E+04
    0.91836E-02    0.96843E+04
    0.93691E-02    0.97329E+04
    0.95583E-02    0.97797E+04
    0.97514E-02    0.98247E+04
    0.99484E-02    0.98678E+04
    0.10149E-01    0.99090E+04
    0.10354E-01    0.99481E+04
    0.10564E-01    0.99851E+04
    0.10777E-01    0.10020E+05
    0.10995E-01    0.10052E+05
    0.11217E-01    0.10083E+05
    0.11443E-01    0.10110E+05
    0.11675E-01    0.10135E+05
    0.11910E-01    0.10158E+05
    0.12151E-01    0.10177E+05
    0.12397E-01    0.10194E+05
    0.12647E-01    0.10208E+05
    0.12902E-01    0.10219E+05
    0.13163E-01    0.10227E+05
    0.13429E-01    0.10232E+05
    0.13700E-01    0.10234E+05
    0.13977E-01    0.10232E+05
    0.14259E-01    0.10226E+05
    0.14547E-01    0.10217E+05
    0.14841E-01    0.10203E+05
    0.15141E-01    0.10185E+05
    0.15447E-01    0.10164E+05
    0.15759E-01    0.10139E+05
    0.16077E-01    0.10112E+05
    0.16402E-01    0.10084E+05
    0.16734E-01    0.10053E+05
    0.17072E-01    0.10020E+05
    0.17416E-01    0.99820E+04
    0.17768E-01    0.99387E+04
    0.18127E-01    0.98890E+04
    0.18493E-01    0.98326E+04
    0.18867E-01    0.97702E+04
    0.19248E-01    0.97025E+04
    0.19637E-01    0.96302E+04
    0.20034E-01    0.95541E+04
    0.20438E-01    0.94740E+04
    0.20851E-01    0.93893E+04
    0.21272E-01    0.92993E+04
    0.21702E-01    0.92032E+04
    0.22141E-01    0.91005E+04
    0.22588E-01    0.89914E+04
    0.23044E-01    0.88765E+04
    0.23510E-01    0.87568E+04
    0.23985E-01    0.86331E+04
    0.24469E-01    0.85062E+04
    0.24964E-01    0.83763E+04
    0.25468E-01    0.82434E+04
    0.25982E-01    0.81072E+04
    0.26507E-01    0.79678E+04
    0.27043E-01    0.78249E+04
    0.27589E-01    0.76785E+04
    0.28146E-01    0.75284E+04
    0.28715E-01    0.73746E+04
    0.29295E-01    0.72170E+04
    0.29887E-01    0.70556E+04
    0.30490E-01    0.68907E+04
    0.31106E-01    0.67229E+04
    0.31735E-01    0.65528E+04
    0.32376E-01    0.63809E+04
    0.33030E-01    0.62077E+04
    0.33697E-01    0.60336E+04
    0.34378E-01    0.58590E+04
    0.35072E-01    0.56840E+04
    0.35781E-01    0.55089E+04
    0.36504E-01    0.53339E+04
    0.37241E-01    0.51595E+04
    0.37993E-01    0.49859E+04
    0.38761E-01    0.48136E+04
    0.39544E-01    0.46427E+04
    0.40343E-01    0.44737E+04
    0.41158E-01    0.43068E+04
    0.41989E-01    0.41424E+04
    0.42838E-01    0.39807E+04
    0.43703E-01    0.38219E+04
    0.44586E-01    0.36663E+04
    0.45486E-01    0.35143E+04
    0.46405E-01    0.33665E+04
    0.47343E-01    0.32231E+04
    0.48299E-01    0.30847E+04
    0.49275E-01    0.29514E+04
    0.50270E-01    0.28232E+04
    0.51286E-01    0.27001E+04
    0.52322E-01    0.25817E+04
    0.53379E-01    0.24681E+04
    0.54457E-01    0.23592E+04
    0.55557E-01    0.22549E+04
    0.56680E-01    0.21552E+04
    0.57825E-01    0.20601E+04
    0.58993E-01    0.19696E+04
    0.60184E-01    0.18836E+04
    0.61400E-01    0.18021E+04
    0.62641E-01    0.17251E+04
    0.63906E-01    0.16522E+04
    0.65197E-01    0.15831E+04
    0.66514E-01    0.15173E+04
    0.67858E-01    0.14547E+04
    0.69229E-01    0.13950E+04
    0.70627E-01    0.13380E+04
    0.72054E-01    0.12833E+04
    0.73510E-01    0.12299E+04
    0.74994E-01    0.11767E+04
    0.76509E-01    0.11230E+04
    0.78055E-01    0.10689E+04
    0.79632E-01    0.10146E+04
    0.81241E-01    0.96021E+03
    0.82882E-01    0.90593E+03
    0.84556E-01    0.85181E+03
    0.86264E-01    0.79818E+03
    0.88007E-01    0.74551E+03
    0.89785E-01    0.69427E+03
    0.91598E-01    0.64499E+03
    0.93449E-01    0.59814E+03
    0.95337E-01    0.55423E+03
    0.97263E-01    0.51378E+03
    0.99227E-01    0.47712E+03
    0.10123E+00    0.44442E+03
    0.10328E+00    0.41570E+03
    0.10536E+00    0.39088E+03
    0.10749E+00    0.36985E+03
    0.10966E+00    0.35215E+03
    0.11188E+00    0.33728E+03
    0.11414E+00    0.32481E+03
    0.11644E+00    0.31420E+03
    0.11880E+00    0.30493E+03
    0.12120E+00    0.29653E+03
    0.12365E+00    0.28858E+03
    0.12614E+00    0.28068E+03
    0.12869E+00    0.27246E+03
    0.13129E+00    0.26357E+03
    0.13394E+00    0.25371E+03
    0.13665E+00    0.24274E+03
    0.13941E+00    0.23060E+03
    0.14223E+00    0.21742E+03
    0.14510E+00    0.20352E+03
    0.14803E+00    0.18927E+03
    0.15102E+00    0.17512E+03
    0.15407E+00    0.16149E+03
    0.15718E+00    0.14879E+03
    0.16036E+00    0.13734E+03
    0.16360E+00    0.12736E+03
    0.16690E+00    0.11898E+03
    0.17028E+00    0.11214E+03
    0.17371E+00    0.10674E+03
    0.17722E+00    0.10255E+03
    0.18080E+00    0.99333E+02
    0.18446E+00    0.96775E+02
    0.18818E+00    0.94538E+02
    0.19198E+00    0.92245E+02
    0.19586E+00    0.89572E+02
    0.19982E+00    0.86296E+02
    0.20386E+00    0.82351E+02
    0.20797E+00    0.77805E+02
    0.21218E+00    0.72854E+02
    0.21646E+00    0.67767E+02
    0.22083E+00    0.62842E+02
    0.22530E+00    0.58360E+02
    0.22985E+00    0.54503E+02
    0.23449E+00    0.51349E+02
    0.23923E+00    0.48891E+02
    0.24406E+00    0.47033E+02
    0.24899E+00    0.45602E+02
    0.25402E+00    0.44365E+02
    0.25915E+00    0.43085E+02
    0.26439E+00    0.41594E+02
    0.26973E+00    0.39820E+02
    0.27518E+00    0.37778E+02
    0.28074E+00    0.35557E+02
    0.28641E+00    0.33320E+02
    0.29219E+00    0.31246E+02
    0.29810E+00    0.29466E+02
    0.30412E+00    0.28021E+02
    0.31026E+00    0.26876E+02
    0.31653E+00    0.25936E+02
    0.32292E+00    0.25074E+02
    0.32945E+00    0.24176E+02
    0.33610E+00    0.23168E+02
    0.34289E+00    0.22045E+02
    0.34982E+00    0.20869E+02
    0.35689E+00    0.19722E+02
    0.36409E+00    0.18688E+02
    0.37145E+00    0.17805E+02
    0.37895E+00    0.17062E+02
    0.38661E+00    0.16410E+02
    0.39442E+00    0.15775E+02
    0.40239E+00    0.15115E+02
    0.41052E+00    0.14417E+02
    0.41881E+00    0.13708E+02
    0.42727E+00    0.13028E+02
    0.43590E+00    0.12412E+02
    0.44471E+00    0.11866E+02
    0.45369E+00    0.11375E+02
    0.46286E+00    0.10901E+02
    0.47221E+00    0.10429E+02
    0.48174E+00    0.99486E+01
    0.49148E+00    0.94812E+01
    0.50141E+00    0.90425E+01
    0.51153E+00    0.86388E+01
    0.52187E+00    0.82645E+01
    0.53241E+00    0.79072E+01
    0.54317E+00    0.75551E+01
    0.55414E+00    0.72121E+01
    0.56533E+00    0.68847E+01
    0.57675E+00    0.65756E+01
    0.58840E+00    0.62822E+01
    0.60029E+00    0.60022E+01
    0.61242E+00    0.57339E+01
    0.62479E+00    0.54764E+01
    0.63741E+00    0.52297E+01
    0.65029E+00    0.49937E+01
    0.66342E+00    0.47680E+01
    0.67683E+00    0.45524E+01
    0.69050E+00    0.43466E+01
    0.70445E+00    0.41500E+01
    0.71868E+00    0.39621E+01
    0.73320E+00    0.37827E+01
    0.74801E+00    0.36112E+01
    0.76312E+00    0.34473E+01
    0.77854E+00    0.32906E+01
    0.79426E+00    0.31408E+01
    0.81031E+00    0.29977E+01
    0.82668E+00    0.28608E+01
    0.84338E+00    0.27300E+01
    0.86041E+00    0.26049E+01
    0.87780E+00    0.24855E+01
    0.89553E+00    0.23714E+01
    0.91362E+00    0.22624E+01
    0.93208E+00    0.21584E+01
    0.95091E+00    0.20590E+01
    0.97011E+00    0.19641E+01
    0.98971E+00    0.18734E+01
    0.10097E+01    0.17868E+01
    0.10301E+01    0.17041E+01
    0.10509E+01    0.16251E+01
    0.10721E+01    0.15496E+01
    0.10938E+01    0.14775E+01
    0.11159E+01    0.14087E+01
    0.11384E+01    0.13429E+01
    0.11614E+01    0.12802E+01
    0.11849E+01    0.12203E+01
    0.12088E+01    0.11632E+01
    0.12333E+01    0.11087E+01
    0.12582E+01    0.10568E+01
    0.12836E+01    0.10072E+01
    0.13095E+01    0.95993E+00
    0.13360E+01    0.91476E+00
    0.13630E+01    0.87164E+00
    0.13905E+01    0.83046E+00
    0.14186E+01    0.79117E+00
    0.14472E+01    0.75368E+00
    0.14765E+01    0.71792E+00
    0.15063E+01    0.68383E+00
    0.15367E+01    0.65133E+00
    0.15678E+01    0.62034E+00
    0.15994E+01    0.59079E+00
    0.16318E+01    0.56263E+00
    0.16647E+01    0.53577E+00
    0.16984E+01    0.51016E+00
    0.17327E+01    0.48575E+00
    0.17677E+01    0.46247E+00
    0.18034E+01    0.44028E+00
    0.18398E+01    0.41913E+00
    0.18770E+01    0.39896E+00
    0.19149E+01    0.37976E+00
    0.19536E+01    0.36146E+00
    0.19930E+01    0.34405E+00
    0.20333E+01    0.32747E+00
    0.20744E+01    0.31169E+00
    0.21163E+01    0.29665E+00
    0.21590E+01    0.28233E+00
    0.22026E+01    0.26868E+00
    0.22471E+01    0.25566E+00
    0.22925E+01    0.24324E+00
    0.23388E+01    0.23142E+00
    0.23861E+01    0.22015E+00
    0.24343E+01    0.20942E+00
    0.24835E+01    0.19920E+00
    0.25336E+01    0.18947E+00
    0.25848E+01    0.18022E+00
    0.26370E+01    0.17140E+00
    0.26903E+01    0.16301E+00
    0.27447E+01    0.15502E+00
    0.28001E+01    0.14742E+00
    0.28567E+01    0.14018E+00
    0.29144E+01    0.13329E+00
    0.29733E+01    0.12673E+00
    0.30333E+01    0.12049E+00
    0.30946E+01    0.11455E+00
    0.31571E+01    0.10890E+00
    0.32209E+01    0.10353E+00
    0.32860E+01    0.98425E-01
    0.33523E+01    0.93575E-01
    0.34201E+01    0.88965E-01
    0.34892E+01    0.84580E-01
    0.35596E+01    0.80408E-01
    0.36316E+01    0.76434E-01
    0.37049E+01    0.72649E-01
    0.37798E+01    0.69043E-01
    0.38561E+01    0.65611E-01
    0.39340E+01    0.62345E-01
    0.40135E+01    0.59239E-01
    0.40946E+01    0.56287E-01
    0.41773E+01    0.53481E-01
    0.42617E+01    0.50813E-01
    0.43478E+01    0.48277E-01
    0.44356E+01    0.45865E-01
    0.45252E+01    0.43572E-01
    0.46166E+01    0.41392E-01
    0.47099E+01    0.39319E-01
    0.48050E+01    0.37349E-01
    0.49021E+01    0.35476E-01
    0.50011E+01    0.33696E-01
    0.51021E+01    0.32004E-01
    0.52052E+01    0.30396E-01
    0.53104E+01    0.28867E-01
    0.54176E+01    0.27413E-01
    0.55271E+01    0.26030E-01
    0.56387E+01    0.24716E-01
    0.57526E+01    0.23468E-01
    0.58689E+01    0.22284E-01
    0.59874E+01    0.21161E-01
    0.61084E+01    0.20096E-01
    0.62318E+01    0.19087E-01
    0.63577E+01    0.18129E-01
    0.64861E+01    0.17218E-01
    0.66171E+01    0.16351E-01
    0.67508E+01    0.15526E-01
    0.68872E+01    0.14740E-01
    0.70263E+01    0.13992E-01
    0.71682E+01    0.13281E-01
    0.73130E+01    0.12606E-01
    0.74608E+01    0.11965E-01
    0.76115E+01    0.11357E-01
    0.77653E+01    0.10779E-01
    0.79221E+01    0.10231E-01
    0.80822E+01    0.97098E-02
    0.82454E+01    0.92152E-02
    0.84120E+01    0.87454E-02
    0.85819E+01    0.82993E-02
    0.87553E+01    0.78758E-02
    0.89322E+01    0.74737E-02
    0.91126E+01    0.70921E-02
    0.92967E+01    0.67298E-02
    0.94845E+01    0.63857E-02
    0.96761E+01    0.60588E-02
    0.98716E+01    0.57482E-02
    0.10071E+02    0.54531E-02
    0.10274E+02    0.51728E-02
    0.10482E+02    0.49071E-02
    0.10694E+02    0.46553E-02
    0.10910E+02    0.44171E-02
    0.11130E+02    0.41920E-02
    0.11355E+02    0.39789E-02
    0.11584E+02    0.37769E-02
    0.11818E+02    0.35849E-02
    0.12057E+02    0.34021E-02
    0.12301E+02    0.32279E-02
    0.12549E+02    0.30619E-02
    0.12803E+02    0.29040E-02
    0.13061E+02    0.27540E-02
    0.13325E+02    0.26116E-02
    0.13594E+02    0.24768E-02
    0.13869E+02    0.23490E-02
    0.14149E+02    0.22278E-02
    0.14435E+02    0.21129E-02
    0.14727E+02    0.20039E-02
    0.15024E+02    0.19004E-02
    0.15328E+02    0.18022E-02
    0.15637E+02    0.17090E-02
    0.15953E+02    0.16206E-02
    0.16275E+02    0.15367E-02
    0.16604E+02    0.14571E-02
    0.16940E+02    0.13817E-02
    0.17282E+02    0.13101E-02
    0.17631E+02    0.12422E-02
    0.17987E+02    0.11778E-02
    0.18351E+02    0.11167E-02
    0.18721E+02    0.10587E-02
    0.19099E+02    0.10037E-02
    0.19485E+02    0.95158E-03
    0.19879E+02    0.90211E-03
    0.20280E+02    0.85518E-03
    0.20690E+02    0.81066E-03
    0.21108E+02    0.76845E-03
    0.21535E+02    0.72842E-03
    0.21970E+02    0.69048E-03
