7.450449999999999792e-05 3.497521927276237079e+02 3.497524178173704286e+02
1.228369999999999896e-04 5.667875663752361106e+02 5.667879310945813813e+02
2.025239999999999875e-04 9.181373037160212789e+02 9.181378943178247027e+02
3.339060000000000248e-04 1.485714075924470308e+03 1.485703535848247611e+03
5.505179999999999492e-04 2.397850079924653073e+03 2.397855446169010065e+03
9.076509999999999873e-04 3.847450448184082688e+03 3.847459075404798114e+03
1.496460000000000021e-03 6.102423395790160612e+03 6.102456938064550741e+03
2.467249999999999825e-03 9.472602360774104454e+03 9.472724535169283627e+03
4.067809999999999829e-03 1.415676372603985874e+04 1.415751955359619751e+04
4.609430000000000298e-03 1.551854208404746714e+04 1.551954671865372438e+04
5.223170000000000070e-03 1.693738352323199069e+04 1.693868126674727682e+04
5.918630000000000245e-03 1.839553515953546957e+04 1.839745157936555552e+04
6.706690000000000394e-03 1.986937842483551503e+04 1.987183244217248284e+04
7.599670000000000210e-03 2.132852191258539096e+04 2.133177835441283969e+04
8.611550000000000801e-03 2.273467288897732215e+04 2.273925568635201125e+04
9.758170000000000038e-03 2.404163233002790366e+04 2.404785419386293870e+04
1.105749999999999962e-02 2.519468176244808637e+04 2.520303627659298581e+04
1.252969999999999952e-02 2.613048310769698946e+04 2.614153204670608102e+04
1.419809999999999996e-02 2.678050684251397252e+04 2.679498979089860950e+04
1.608849999999999864e-02 2.707149337726693193e+04 2.709075525185657170e+04
1.823069999999999899e-02 2.693624162022314340e+04 2.696105388044253414e+04
2.065799999999999928e-02 2.632110908195541560e+04 2.635249324356333091e+04
2.340860000000000163e-02 2.520214316129871077e+04 2.524190750674875380e+04
2.652550000000000047e-02 2.360418305870198310e+04 2.365367802808845227e+04
3.005729999999999860e-02 2.161638895765774214e+04 2.167790708785674360e+04
3.405939999999999662e-02 1.939881402005967902e+04 1.947758500010049465e+04
3.859429999999999805e-02 1.740885505343695695e+04 1.750796089540629691e+04
4.373309999999999698e-02 1.540556325484112131e+04 1.553055217991293284e+04
4.955609999999999876e-02 1.365054641809842906e+04 1.381046706030939094e+04
5.615440000000000015e-02 1.250702467923447512e+04 1.270267116525263373e+04
6.363130000000000175e-02 1.147758596728768862e+04 1.174483394177149239e+04
7.108169999999999766e-02 1.039178519849596887e+04 1.072658814251004333e+04
7.853219999999999645e-02 9.232514855197681754e+03 9.620302384372884262e+03
8.598260000000000625e-02 7.926309593842684080e+03 8.373284508748420194e+03
9.343310000000000504e-02 6.734909100507058611e+03 7.232744797237745843e+03
1.008840000000000015e-01 5.815856890605165063e+03 6.360959660042524774e+03
1.083339999999999997e-01 5.177731904827479411e+03 5.779475891941404370e+03
1.157839999999999980e-01 4.752245259451064157e+03 5.413220145918733579e+03
1.232349999999999973e-01 4.428199559764235346e+03 5.147852762969744617e+03
1.306849999999999956e-01 4.096911969283726648e+03 4.872514506027398056e+03
1.381360000000000088e-01 3.712833507198169627e+03 4.530077346253263386e+03
1.455859999999999932e-01 3.294797593840044101e+03 4.134050338806562650e+03
1.530370000000000064e-01 2.892516582504482813e+03 3.739452582946932125e+03
1.604869999999999908e-01 2.560842468397996527e+03 3.406117062401983731e+03
1.679380000000000039e-01 2.322748648920749929e+03 3.162585129222742580e+03
1.753879999999999884e-01 2.161166422010602673e+03 2.996187977412146211e+03
1.828390000000000015e-01 2.046597615998608035e+03 2.875257182325091435e+03
1.902890000000000137e-01 1.947612960818969214e+03 2.764974326781852142e+03
1.977389999999999981e-01 1.838480250177641210e+03 2.638382665225346045e+03
2.051900000000000113e-01 1.713468098225597487e+03 2.489832308247187939e+03
2.126399999999999957e-01 1.582532586336221129e+03 2.331475723592809118e+03
2.200910000000000089e-01 1.460067664699274474e+03 2.182374996916083091e+03
2.334259999999999946e-01 1.295814299294853981e+03 1.980924706790384334e+03
2.475680000000000103e-01 1.187211854355815603e+03 1.846668846272631754e+03
2.625680000000000236e-01 1.088892066053819008e+03 1.721169939482794234e+03
2.784769999999999746e-01 9.736418772372653621e+02 1.568955556401975173e+03
2.953489999999999727e-01 8.705725910948265209e+02 1.429006736065979567e+03
3.132440000000000224e-01 7.976381087732791002e+02 1.327373946535519053e+03
3.322220000000000173e-01 7.317410905330038986e+02 1.233303718922086546e+03
3.523510000000000253e-01 6.634898380437149399e+02 1.133862558092953350e+03
3.736990000000000034e-01 6.087584217865147593e+02 1.051652148910627602e+03
3.963409999999999989e-01 5.628374624733099836e+02 9.808875697774913078e+02
4.203549999999999787e-01 5.184323696457902315e+02 9.111752086907335979e+02
4.458230000000000248e-01 4.813754739956705748e+02 8.513668864279813988e+02
6.221959999999999713e-01 3.367073356821433663e+02 6.032014554204266688e+02
8.683450000000000335e-01 2.548898748567278574e+02 4.519608973296369072e+02
1.211870000000000003e+00 1.940884810328256265e+02 3.396789057207463998e+02
1.691310000000000091e+00 1.379644801803623864e+02 2.401865590438927143e+02
2.360409999999999897e+00 8.717129791862323884e+01 1.532197038425122742e+02
3.294210000000000083e+00 4.882706169860721701e+01 8.865564614149691636e+01
4.597439999999999749e+00 2.504738706615318478e+01 4.817560234244997019e+01
6.416249999999999787e+00 1.214485688223347459e+01 2.511833775884054987e+01
