    0.10000E-03    0.32769E+03
    0.10202E-03    0.33420E+03
    0.10408E-03    0.34084E+03
    0.10618E-03    0.34762E+03
    0.10833E-03    0.35454E+03
    0.11052E-03    0.36160E+03
    0.11275E-03    0.36881E+03
    0.11503E-03    0.37616E+03
    0.11735E-03    0.38367E+03
    0.11972E-03    0.39134E+03
    0.12214E-03    0.39916E+03
    0.12461E-03    0.40715E+03
    0.12712E-03    0.41530E+03
    0.12969E-03    0.42362E+03
    0.13231E-03    0.43212E+03
    0.13499E-03    0.44080E+03
    0.13771E-03    0.44965E+03
    0.14049E-03    0.45870E+03
    0.14333E-03    0.46793E+03
    0.14623E-03    0.47736E+03
    0.14918E-03    0.48699E+03
    0.15220E-03    0.49682E+03
    0.15527E-03    0.50686E+03
    0.15841E-03    0.51712E+03
    0.16161E-03    0.52759E+03
    0.16487E-03    0.53828E+03
    0.16820E-03    0.54920E+03
    0.17160E-03    0.56036E+03
    0.17507E-03    0.57175E+03
    0.17860E-03    0.58339E+03
    0.18221E-03    0.59527E+03
    0.18589E-03    0.60741E+03
    0.18965E-03    0.61982E+03
    0.19348E-03    0.63248E+03
    0.19739E-03    0.64542E+03
    0.20138E-03    0.65864E+03
    0.20544E-03    0.67214E+03
    0.20959E-03    0.68593E+03
    0.21383E-03    0.70001E+03
    0.21815E-03    0.71440E+03
    0.22255E-03    0.72910E+03
    0.22705E-03    0.74411E+03
    0.23164E-03    0.75944E+03
    0.23632E-03    0.77510E+03
    0.24109E-03    0.79110E+03
    0.24596E-03    0.80743E+03
    0.25093E-03    0.82411E+03
    0.25600E-03    0.84115E+03
    0.26117E-03    0.85854E+03
    0.26645E-03    0.87631E+03
    0.27183E-03    0.89444E+03
    0.27732E-03    0.91295E+03
    0.28292E-03    0.93185E+03
    0.28864E-03    0.95114E+03
    0.29447E-03    0.97082E+03
    0.30042E-03    0.99091E+03
    0.30649E-03    0.10114E+04
    0.31268E-03    0.10323E+04
    0.31899E-03    0.10536E+04
    0.32544E-03    0.10754E+04
    0.33201E-03    0.10976E+04
    0.33872E-03    0.11202E+04
    0.34556E-03    0.11433E+04
    0.35254E-03    0.11668E+04
    0.35966E-03    0.11907E+04
    0.36693E-03    0.12151E+04
    0.37434E-03    0.12399E+04
    0.38190E-03    0.12652E+04
    0.38962E-03    0.12910E+04
    0.39749E-03    0.13172E+04
    0.40552E-03    0.13438E+04
    0.41371E-03    0.13709E+04
    0.42207E-03    0.13985E+04
    0.43060E-03    0.14266E+04
    0.43929E-03    0.14551E+04
    0.44817E-03    0.14840E+04
    0.45722E-03    0.15134E+04
    0.46646E-03    0.15433E+04
    0.47588E-03    0.15736E+04
    0.48550E-03    0.16043E+04
    0.49530E-03    0.16355E+04
    0.50531E-03    0.16671E+04
    0.51552E-03    0.16991E+04
    0.52593E-03    0.17316E+04
    0.53656E-03    0.17645E+04
    0.54739E-03    0.17978E+04
    0.55845E-03    0.18315E+04
    0.56973E-03    0.18656E+04
    0.58124E-03    0.19001E+04
    0.59299E-03    0.19350E+04
    0.60496E-03    0.19702E+04
    0.61719E-03    0.20058E+04
    0.62965E-03    0.20418E+04
    0.64237E-03    0.20781E+04
    0.65535E-03    0.21148E+04
    0.66859E-03    0.21518E+04
    0.68210E-03    0.21891E+04
    0.69588E-03    0.22267E+04
    0.70993E-03    0.22646E+04
    0.72427E-03    0.23029E+04
    0.73891E-03    0.23414E+04
    0.75383E-03    0.23802E+04
    0.76906E-03    0.24193E+04
    0.78460E-03    0.24587E+04
    0.80045E-03    0.24983E+04
    0.81662E-03    0.25382E+04
    0.83311E-03    0.25784E+04
    0.84994E-03    0.26188E+04
    0.86711E-03    0.26594E+04
    0.88463E-03    0.27003E+04
    0.90250E-03    0.27415E+04
    0.92073E-03    0.27829E+04
    0.93933E-03    0.28246E+04
    0.95831E-03    0.28665E+04
    0.97767E-03    0.29087E+04
    0.99742E-03    0.29511E+04
    0.10176E-02    0.29938E+04
    0.10381E-02    0.30367E+04
    0.10591E-02    0.30799E+04
    0.10805E-02    0.31235E+04
    0.11023E-02    0.31672E+04
    0.11246E-02    0.32113E+04
    0.11473E-02    0.32557E+04
    0.11705E-02    0.33004E+04
    0.11941E-02    0.33453E+04
    0.12182E-02    0.33907E+04
    0.12429E-02    0.34363E+04
    0.12680E-02    0.34823E+04
    0.12936E-02    0.35286E+04
    0.13197E-02    0.35754E+04
    0.13464E-02    0.36224E+04
    0.13736E-02    0.36699E+04
    0.14013E-02    0.37177E+04
    0.14296E-02    0.37660E+04
    0.14585E-02    0.38147E+04
    0.14880E-02    0.38637E+04
    0.15180E-02    0.39133E+04
    0.15487E-02    0.39632E+04
    0.15800E-02    0.40136E+04
    0.16119E-02    0.40645E+04
    0.16445E-02    0.41158E+04
    0.16777E-02    0.41676E+04
    0.17116E-02    0.42198E+04
    0.17462E-02    0.42726E+04
    0.17814E-02    0.43258E+04
    0.18174E-02    0.43796E+04
    0.18541E-02    0.44338E+04
    0.18916E-02    0.44886E+04
    0.19298E-02    0.45438E+04
    0.19688E-02    0.45996E+04
    0.20086E-02    0.46559E+04
    0.20491E-02    0.47127E+04
    0.20905E-02    0.47700E+04
    0.21328E-02    0.48278E+04
    0.21758E-02    0.48862E+04
    0.22198E-02    0.49450E+04
    0.22646E-02    0.50044E+04
    0.23104E-02    0.50644E+04
    0.23571E-02    0.51248E+04
    0.24047E-02    0.51858E+04
    0.24533E-02    0.52472E+04
    0.25028E-02    0.53092E+04
    0.25534E-02    0.53717E+04
    0.26050E-02    0.54347E+04
    0.26576E-02    0.54981E+04
    0.27113E-02    0.55621E+04
    0.27660E-02    0.56265E+04
    0.28219E-02    0.56914E+04
    0.28789E-02    0.57568E+04
    0.29371E-02    0.58226E+04
    0.29964E-02    0.58889E+04
    0.30569E-02    0.59556E+04
    0.31187E-02    0.60227E+04
    0.31817E-02    0.60903E+04
    0.32460E-02    0.61582E+04
    0.33115E-02    0.62266E+04
    0.33784E-02    0.62953E+04
    0.34467E-02    0.63643E+04
    0.35163E-02    0.64337E+04
    0.35874E-02    0.65034E+04
    0.36598E-02    0.65735E+04
    0.37338E-02    0.66437E+04
    0.38092E-02    0.67143E+04
    0.38861E-02    0.67851E+04
    0.39646E-02    0.68562E+04
    0.40447E-02    0.69276E+04
    0.41264E-02    0.69992E+04
    0.42098E-02    0.70710E+04
    0.42948E-02    0.71429E+04
    0.43816E-02    0.72149E+04
    0.44701E-02    0.72870E+04
    0.45604E-02    0.73590E+04
    0.46525E-02    0.74311E+04
    0.47465E-02    0.75032E+04
    0.48424E-02    0.75752E+04
    0.49402E-02    0.76471E+04
    0.50400E-02    0.77189E+04
    0.51419E-02    0.77906E+04
    0.52457E-02    0.78621E+04
    0.53517E-02    0.79335E+04
    0.54598E-02    0.80045E+04
    0.55701E-02    0.80753E+04
    0.56826E-02    0.81458E+04
    0.57974E-02    0.82159E+04
    0.59145E-02    0.82856E+04
    0.60340E-02    0.83548E+04
    0.61559E-02    0.84236E+04
    0.62803E-02    0.84918E+04
    0.64072E-02    0.85594E+04
    0.65366E-02    0.86264E+04
    0.66686E-02    0.86927E+04
    0.68033E-02    0.87582E+04
    0.69408E-02    0.88229E+04
    0.70810E-02    0.88868E+04
    0.72240E-02    0.89498E+04
    0.73700E-02    0.90118E+04
    0.75189E-02    0.90728E+04
    0.76708E-02    0.91327E+04
    0.78257E-02    0.91915E+04
    0.79838E-02    0.92490E+04
    0.81451E-02    0.93052E+04
    0.83096E-02    0.93601E+04
    0.84775E-02    0.94136E+04
    0.86488E-02    0.94656E+04
    0.88235E-02    0.95160E+04
    0.90017E-02    0.95648E+04
    0.91836E-02    0.96118E+04
    0.93691E-02    0.96571E+04
    0.95583E-02    0.97005E+04
    0.97514E-02    0.97420E+04
    0.99484E-02    0.97814E+04
    0.10149E-01    0.98187E+04
    0.10354E-01    0.98537E+04
    0.10564E-01    0.98865E+04
    0.10777E-01    0.99169E+04
    0.10995E-01    0.99449E+04
    0.11217E-01    0.99703E+04
    0.11443E-01    0.99930E+04
    0.11675E-01    0.10013E+05
    0.11910E-01    0.10030E+05
    0.12151E-01    0.10044E+05
    0.12397E-01    0.10055E+05
    0.12647E-01    0.10063E+05
    0.12902E-01    0.10067E+05
    0.13163E-01    0.10069E+05
    0.13429E-01    0.10067E+05
    0.13700E-01    0.10062E+05
    0.13977E-01    0.10053E+05
    0.14259E-01    0.10039E+05
    0.14547E-01    0.10022E+05
    0.14841E-01    0.99995E+04
    0.15141E-01    0.99728E+04
    0.15447E-01    0.99422E+04
    0.15759E-01    0.99086E+04
    0.16077E-01    0.98725E+04
    0.16402E-01    0.98346E+04
    0.16734E-01    0.97942E+04
    0.17072E-01    0.97502E+04
    0.17416E-01    0.97013E+04
    0.17768E-01    0.96464E+04
    0.18127E-01    0.95844E+04
    0.18493E-01    0.95154E+04
    0.18867E-01    0.94400E+04
    0.19248E-01    0.93590E+04
    0.19637E-01    0.92731E+04
    0.20034E-01    0.91829E+04
    0.20438E-01    0.90883E+04
    0.20851E-01    0.89882E+04
    0.21272E-01    0.88820E+04
    0.21702E-01    0.87688E+04
    0.22141E-01    0.86480E+04
    0.22588E-01    0.85201E+04
    0.23044E-01    0.83859E+04
    0.23510E-01    0.82464E+04
    0.23985E-01    0.81025E+04
    0.24469E-01    0.79548E+04
    0.24964E-01    0.78037E+04
    0.25468E-01    0.76491E+04
    0.25982E-01    0.74909E+04
    0.26507E-01    0.73290E+04
    0.27043E-01    0.71634E+04
    0.27589E-01    0.69938E+04
    0.28146E-01    0.68199E+04
    0.28715E-01    0.66413E+04
    0.29295E-01    0.64578E+04
    0.29887E-01    0.62694E+04
    0.30490E-01    0.60768E+04
    0.31106E-01    0.58807E+04
    0.31735E-01    0.56822E+04
    0.32376E-01    0.54821E+04
    0.33030E-01    0.52811E+04
    0.33697E-01    0.50797E+04
    0.34378E-01    0.48778E+04
    0.35072E-01    0.46757E+04
    0.35781E-01    0.44735E+04
    0.36504E-01    0.42716E+04
    0.37241E-01    0.40704E+04
    0.37993E-01    0.38701E+04
    0.38761E-01    0.36715E+04
    0.39544E-01    0.34748E+04
    0.40343E-01    0.32806E+04
    0.41158E-01    0.30895E+04
    0.41989E-01    0.29020E+04
    0.42838E-01    0.27187E+04
    0.43703E-01    0.25400E+04
    0.44586E-01    0.23665E+04
    0.45486E-01    0.21988E+04
    0.46405E-01    0.20375E+04
    0.47343E-01    0.18831E+04
    0.48299E-01    0.17360E+04
    0.49275E-01    0.15964E+04
    0.50270E-01    0.14646E+04
    0.51286E-01    0.13405E+04
    0.52322E-01    0.12243E+04
    0.53379E-01    0.11159E+04
    0.54457E-01    0.10152E+04
    0.55557E-01    0.92225E+03
    0.56680E-01    0.83697E+03
    0.57825E-01    0.75908E+03
    0.58993E-01    0.68839E+03
    0.60184E-01    0.62465E+03
    0.61400E-01    0.56753E+03
    0.62641E-01    0.51663E+03
    0.63906E-01    0.47148E+03
    0.65197E-01    0.43162E+03
    0.66514E-01    0.39659E+03
    0.67858E-01    0.36593E+03
    0.69229E-01    0.33918E+03
    0.70627E-01    0.31594E+03
    0.72054E-01    0.29559E+03
    0.73510E-01    0.27723E+03
    0.74994E-01    0.26005E+03
    0.76509E-01    0.24352E+03
    0.78055E-01    0.22733E+03
    0.79632E-01    0.21130E+03
    0.81241E-01    0.19526E+03
    0.82882E-01    0.17909E+03
    0.84556E-01    0.16276E+03
    0.86264E-01    0.14645E+03
    0.88007E-01    0.13040E+03
    0.89785E-01    0.11489E+03
    0.91598E-01    0.10029E+03
    0.93449E-01    0.86858E+02
    0.95337E-01    0.74907E+02
    0.97263E-01    0.64644E+02
    0.99227E-01    0.56101E+02
    0.10123E+00    0.49186E+02
    0.10328E+00    0.43737E+02
    0.10536E+00    0.39595E+02
    0.10749E+00    0.36588E+02
    0.10966E+00    0.34441E+02
    0.11188E+00    0.32928E+02
    0.11414E+00    0.31877E+02
    0.11644E+00    0.31145E+02
    0.11880E+00    0.30611E+02
    0.12120E+00    0.30172E+02
    0.12365E+00    0.29754E+02
    0.12614E+00    0.29289E+02
    0.12869E+00    0.28688E+02
    0.13129E+00    0.27847E+02
    0.13394E+00    0.26685E+02
    0.13665E+00    0.25168E+02
    0.13941E+00    0.23304E+02
    0.14223E+00    0.21172E+02
    0.14510E+00    0.18900E+02
    0.14803E+00    0.16615E+02
    0.15102E+00    0.14431E+02
    0.15407E+00    0.12435E+02
    0.15718E+00    0.10691E+02
    0.16036E+00    0.92312E+01
    0.16360E+00    0.80760E+01
    0.16690E+00    0.72233E+01
    0.17028E+00    0.66375E+01
    0.17371E+00    0.62808E+01
    0.17722E+00    0.61015E+01
    0.18080E+00    0.60509E+01
    0.18446E+00    0.60767E+01
    0.18818E+00    0.61233E+01
    0.19198E+00    0.61261E+01
    0.19586E+00    0.60324E+01
    0.19982E+00    0.58111E+01
    0.20386E+00    0.54605E+01
    0.20797E+00    0.50034E+01
    0.21218E+00    0.44822E+01
    0.21646E+00    0.39510E+01
    0.22083E+00    0.34609E+01
    0.22530E+00    0.30484E+01
    0.22985E+00    0.27315E+01
    0.23449E+00    0.25139E+01
    0.23923E+00    0.23861E+01
    0.24406E+00    0.23290E+01
    0.24899E+00    0.23160E+01
    0.25402E+00    0.23153E+01
    0.25915E+00    0.22943E+01
    0.26439E+00    0.22314E+01
    0.26973E+00    0.21193E+01
    0.27518E+00    0.19647E+01
    0.28074E+00    0.17869E+01
    0.28641E+00    0.16099E+01
    0.29219E+00    0.14573E+01
    0.29810E+00    0.13431E+01
    0.30412E+00    0.12690E+01
    0.31026E+00    0.12273E+01
    0.31653E+00    0.12042E+01
    0.32292E+00    0.11834E+01
    0.32945E+00    0.11503E+01
    0.33610E+00    0.10981E+01
    0.34289E+00    0.10286E+01
    0.34982E+00    0.95138E+00
    0.35689E+00    0.87898E+00
    0.36409E+00    0.81987E+00
    0.37145E+00    0.77741E+00
    0.37895E+00    0.74907E+00
    0.38661E+00    0.72709E+00
    0.39442E+00    0.70302E+00
    0.40239E+00    0.67227E+00
    0.41052E+00    0.63517E+00
    0.41881E+00    0.59570E+00
    0.42727E+00    0.55927E+00
    0.43590E+00    0.52973E+00
    0.44471E+00    0.50645E+00
    0.45369E+00    0.48701E+00
    0.46286E+00    0.46758E+00
    0.47221E+00    0.44584E+00
    0.48174E+00    0.42244E+00
    0.49148E+00    0.39947E+00
    0.50141E+00    0.37897E+00
    0.51153E+00    0.36158E+00
    0.52187E+00    0.34591E+00
    0.53241E+00    0.33062E+00
    0.54317E+00    0.31496E+00
    0.55414E+00    0.29920E+00
    0.56533E+00    0.28417E+00
    0.57675E+00    0.27068E+00
    0.58840E+00    0.25827E+00
    0.60029E+00    0.24652E+00
    0.61242E+00    0.23513E+00
    0.62479E+00    0.22407E+00
    0.63741E+00    0.21340E+00
    0.65029E+00    0.20318E+00
    0.66342E+00    0.19344E+00
    0.67683E+00    0.18421E+00
    0.69050E+00    0.17547E+00
    0.70445E+00    0.16718E+00
    0.71868E+00    0.15931E+00
    0.73320E+00    0.15181E+00
    0.74801E+00    0.14466E+00
    0.76312E+00    0.13783E+00
    0.77854E+00    0.13133E+00
    0.79426E+00    0.12511E+00
    0.81031E+00    0.11918E+00
    0.82668E+00    0.11352E+00
    0.84338E+00    0.10812E+00
    0.86041E+00    0.10297E+00
    0.87780E+00    0.98066E-01
    0.89553E+00    0.93393E-01
    0.91362E+00    0.88946E-01
    0.93208E+00    0.84711E-01
    0.95091E+00    0.80677E-01
    0.97011E+00    0.76830E-01
    0.98971E+00    0.73159E-01
    0.10097E+01    0.69655E-01
    0.10301E+01    0.66312E-01
    0.10509E+01    0.63127E-01
    0.10721E+01    0.60095E-01
    0.10938E+01    0.57213E-01
    0.11159E+01    0.54474E-01
    0.11384E+01    0.51870E-01
    0.11614E+01    0.49392E-01
    0.11849E+01    0.47029E-01
    0.12088E+01    0.44774E-01
    0.12333E+01    0.42620E-01
    0.12582E+01    0.40562E-01
    0.12836E+01    0.38599E-01
    0.13095E+01    0.36727E-01
    0.13360E+01    0.34943E-01
    0.13630E+01    0.33245E-01
    0.13905E+01    0.31628E-01
    0.14186E+01    0.30089E-01
    0.14472E+01    0.28625E-01
    0.14765E+01    0.27232E-01
    0.15063E+01    0.25905E-01
    0.15367E+01    0.24643E-01
    0.15678E+01    0.23441E-01
    0.15994E+01    0.22296E-01
    0.16318E+01    0.21205E-01
    0.16647E+01    0.20165E-01
    0.16984E+01    0.19175E-01
    0.17327E+01    0.18234E-01
    0.17677E+01    0.17340E-01
    0.18034E+01    0.16491E-01
    0.18398E+01    0.15687E-01
    0.18770E+01    0.14923E-01
    0.19149E+01    0.14197E-01
    0.19536E+01    0.13505E-01
    0.19930E+01    0.12846E-01
    0.20333E+01    0.12216E-01
    0.20744E+01    0.11614E-01
    0.21163E+01    0.11040E-01
    0.21590E+01    0.10493E-01
    0.22026E+01    0.99731E-02
    0.22471E+01    0.94787E-02
    0.22925E+01    0.90088E-02
    0.23388E+01    0.85622E-02
    0.23861E+01    0.81376E-02
    0.24343E+01    0.77339E-02
    0.24835E+01    0.73500E-02
    0.25336E+01    0.69849E-02
    0.25848E+01    0.66374E-02
    0.26370E+01    0.63066E-02
    0.26903E+01    0.59917E-02
    0.27447E+01    0.56917E-02
    0.28001E+01    0.54064E-02
    0.28567E+01    0.51356E-02
    0.29144E+01    0.48788E-02
    0.29733E+01    0.46359E-02
    0.30333E+01    0.44064E-02
    0.30946E+01    0.41891E-02
    0.31571E+01    0.39829E-02
    0.32209E+01    0.37867E-02
    0.32860E+01    0.35994E-02
    0.33523E+01    0.34204E-02
    0.34201E+01    0.32493E-02
    0.34892E+01    0.30861E-02
    0.35596E+01    0.29308E-02
    0.36316E+01    0.27831E-02
    0.37049E+01    0.26429E-02
    0.37798E+01    0.25099E-02
    0.38561E+01    0.23836E-02
    0.39340E+01    0.22636E-02
    0.40135E+01    0.21497E-02
    0.40946E+01    0.20414E-02
    0.41773E+01    0.19384E-02
    0.42617E+01    0.18406E-02
    0.43478E+01    0.17477E-02
    0.44356E+01    0.16593E-02
    0.45252E+01    0.15754E-02
    0.46166E+01    0.14957E-02
    0.47099E+01    0.14200E-02
    0.48050E+01    0.13481E-02
    0.49021E+01    0.12798E-02
    0.50011E+01    0.12150E-02
    0.51021E+01    0.11535E-02
    0.52052E+01    0.10950E-02
    0.53104E+01    0.10393E-02
    0.54176E+01    0.98632E-03
    0.55271E+01    0.93587E-03
    0.56387E+01    0.88792E-03
    0.57526E+01    0.84250E-03
    0.58689E+01    0.79960E-03
    0.59874E+01    0.75920E-03
    0.61084E+01    0.72123E-03
    0.62318E+01    0.68545E-03
    0.63577E+01    0.65157E-03
    0.64861E+01    0.61932E-03
    0.66171E+01    0.58850E-03
    0.67508E+01    0.55893E-03
    0.68872E+01    0.53059E-03
    0.70263E+01    0.50352E-03
    0.71682E+01    0.47774E-03
    0.73130E+01    0.45325E-03
    0.74608E+01    0.43006E-03
    0.76115E+01    0.40809E-03
    0.77653E+01    0.38727E-03
    0.79221E+01    0.36752E-03
    0.80822E+01    0.34877E-03
    0.82454E+01    0.33095E-03
    0.84120E+01    0.31403E-03
    0.85819E+01    0.29797E-03
    0.87553E+01    0.28273E-03
    0.89322E+01    0.26827E-03
    0.91126E+01    0.25457E-03
    0.92967E+01    0.24157E-03
    0.94845E+01    0.22921E-03
    0.96761E+01    0.21745E-03
    0.98716E+01    0.20625E-03
    0.10071E+02    0.19558E-03
    0.10274E+02    0.18544E-03
    0.10482E+02    0.17585E-03
    0.10694E+02    0.16683E-03
    0.10910E+02    0.15838E-03
    0.11130E+02    0.15049E-03
    0.11355E+02    0.14310E-03
    0.11584E+02    0.13611E-03
    0.11818E+02    0.12944E-03
    0.12057E+02    0.12304E-03
    0.12301E+02    0.11685E-03
    0.12549E+02    0.11088E-03
    0.12803E+02    0.10515E-03
    0.13061E+02    0.99698E-04
    0.13325E+02    0.94528E-04
    0.13594E+02    0.89648E-04
    0.13869E+02    0.85044E-04
    0.14149E+02    0.80690E-04
    0.14435E+02    0.76566E-04
    0.14727E+02    0.72652E-04
    0.15024E+02    0.68932E-04
    0.15328E+02    0.65396E-04
    0.15637E+02    0.62038E-04
    0.15953E+02    0.58850E-04
    0.16275E+02    0.55825E-04
    0.16604E+02    0.52957E-04
    0.16940E+02    0.50238E-04
    0.17282E+02    0.47659E-04
    0.17631E+02    0.45212E-04
    0.17987E+02    0.42890E-04
    0.18351E+02    0.40687E-04
    0.18721E+02    0.38595E-04
    0.19099E+02    0.36610E-04
    0.19485E+02    0.34725E-04
    0.19879E+02    0.32937E-04
    0.20280E+02    0.31239E-04
    0.20690E+02    0.29628E-04
    0.21108E+02    0.28099E-04
    0.21535E+02    0.26649E-04
    0.21970E+02    0.25273E-04
