7.450449999999999792e-05 3.497523240494903689e+02 3.497524178173701443e+02
1.228369999999999896e-04 5.667877793577893044e+02 5.667879310945817224e+02
2.025239999999999875e-04 9.181284990422576584e+02 9.181378943178248164e+02
3.339060000000000248e-04 1.485673504650747873e+03 1.485703535848246247e+03
5.505179999999999492e-04 2.397705244084819697e+03 2.397855446169007791e+03
9.076509999999999873e-04 3.846830376143112517e+03 3.847459075404786290e+03
1.496460000000000021e-03 6.099689312361564589e+03 6.102456938064505266e+03
2.467249999999999825e-03 9.461377872358583772e+03 9.472724535169176306e+03
4.067809999999999829e-03 1.411269430608166113e+04 1.415751955359643034e+04
4.609430000000000298e-03 1.545673422788129756e+04 1.551954671865441196e+04
5.223170000000000070e-03 1.685089812380259173e+04 1.693868126674882660e+04
5.918630000000000245e-03 1.827433339948639332e+04 1.839745157936873511e+04
6.706690000000000394e-03 1.969927514473116753e+04 1.987183244217862739e+04
7.599670000000000210e-03 2.108959231072404873e+04 2.133177835442421929e+04
8.611550000000000801e-03 2.239839794795612397e+04 2.273925568637258402e+04
9.758170000000000038e-03 2.356645390395033974e+04 2.404785419389942763e+04
1.105749999999999962e-02 2.452231242411187850e+04 2.520303627665674867e+04
1.252969999999999952e-02 2.517749974958569874e+04 2.614153204681623902e+04
1.419809999999999996e-02 2.543264596224116030e+04 2.679498979108711501e+04
1.608849999999999864e-02 2.517948985648048256e+04 2.709075525217655741e+04
1.823069999999999899e-02 2.433646889757508688e+04 2.696105388098170806e+04
2.065799999999999928e-02 2.285592950131209727e+04 2.635249324446533865e+04
2.340860000000000163e-02 2.079783289979668552e+04 2.524190750824594215e+04
2.652550000000000047e-02 1.834445914860254561e+04 2.365367803055029071e+04
3.005729999999999860e-02 1.575564446304317789e+04 2.167790709185460582e+04
3.405939999999999662e-02 1.325830337042920473e+04 1.947758500648045447e+04
3.859429999999999805e-02 1.117530330621713802e+04 1.750796090533349707e+04
4.373309999999999698e-02 9.294934733864394730e+03 1.553055219481956919e+04
4.955609999999999876e-02 7.784296609599178737e+03 1.381046708162366667e+04
5.615440000000000015e-02 6.810900954427778743e+03 1.270267119388446554e+04
6.363130000000000175e-02 5.990817836747293768e+03 1.174483397759976833e+04
7.108169999999999766e-02 5.217440148638012943e+03 1.072658818371009511e+04
7.853219999999999645e-02 4.468803602262622007e+03 9.620302429205048611e+03
8.598260000000000625e-02 3.703699978722264404e+03 8.373284555888269097e+03
9.343310000000000504e-02 3.061442833283352229e+03 7.232744845793027707e+03
1.008840000000000015e-01 2.606316079660668947e+03 6.360959709447127352e+03
1.083339999999999997e-01 2.320500695376580097e+03 5.779475941844159024e+03
1.157839999999999980e-01 2.150872327991506609e+03 5.413220196103530725e+03
1.232349999999999973e-01 2.030251554167295126e+03 5.147852813305476957e+03
1.306849999999999956e-01 1.898571191458040403e+03 4.872514556438329237e+03
1.381360000000000088e-01 1.733360002895427897e+03 4.530077396698617122e+03
1.455859999999999932e-01 1.547166926066770657e+03 4.134050389263922625e+03
1.530370000000000064e-01 1.368422308727212794e+03 3.739452633400117065e+03
1.604869999999999908e-01 1.225656711149866851e+03 3.406117112833991541e+03
1.679380000000000039e-01 1.128671444527556332e+03 3.162585179614905428e+03
1.753879999999999884e-01 1.066418889243950616e+03 2.996188027747603883e+03
1.828390000000000015e-01 1.022124717135380251e+03 2.875257232591558932e+03
1.902890000000000137e-01 9.790513177068319237e+02 2.764974376973236303e+03
1.977389999999999981e-01 9.252600406844989038e+02 2.638382715341667790e+03
2.051900000000000113e-01 8.607981574912267888e+02 2.489832358291281707e+03
2.126399999999999957e-01 7.936351725118897775e+02 2.331475773566402495e+03
2.200910000000000089e-01 7.328367151193050404e+02 2.182375046817143811e+03
2.334259999999999946e-01 6.568231014428801018e+02 1.980924756544658067e+03
2.475680000000000103e-01 6.091452416347203780e+02 1.846668895845716634e+03
2.625680000000000236e-01 5.599923624879085082e+02 1.721169988853291443e+03
2.784769999999999746e-01 4.981362079864517796e+02 1.568955605560671529e+03
2.953489999999999727e-01 4.453319256247878570e+02 1.429006784988809613e+03
3.132440000000000224e-01 4.090721615412745109e+02 1.327373995182283124e+03
3.322220000000000173e-01 3.729614937037646314e+02 1.233303767261965277e+03
3.523510000000000253e-01 3.349812708069827636e+02 1.133862606099921322e+03
3.736990000000000034e-01 3.055086289829372959e+02 1.051652196541586363e+03
3.963409999999999989e-01 2.794096052057998918e+02 9.808876169874512243e+02
4.203549999999999787e-01 2.537191500827768209e+02 9.111752554382328526e+02
4.458230000000000248e-01 2.325292432182812945e+02 8.513669326593387723e+02
6.221959999999999713e-01 1.467531968495835599e+02 6.032014975333788698e+02
8.683450000000000335e-01 1.016609763091913265e+02 4.519609326809522258e+02
1.211870000000000003e+00 7.580530857948784274e+01 3.396789314717788102e+02
1.691310000000000091e+00 5.751254029788169220e+01 2.401865741111511738e+02
2.360409999999999897e+00 4.151410076445714736e+01 1.532197106243539508e+02
3.294210000000000083e+00 2.716179690214663722e+01 8.865564877278465872e+01
4.597439999999999749e+00 1.595553475566723556e+01 4.817560337748867738e+01
6.416249999999999787e+00 8.629576293766623607e+00 2.511833812985950587e+01
