    0.10000E-03    0.32793E+03
    0.10202E-03    0.33444E+03
    0.10408E-03    0.34109E+03
    0.10618E-03    0.34787E+03
    0.10833E-03    0.35480E+03
    0.11052E-03    0.36186E+03
    0.11275E-03    0.36907E+03
    0.11503E-03    0.37644E+03
    0.11735E-03    0.38395E+03
    0.11972E-03    0.39162E+03
    0.12214E-03    0.39945E+03
    0.12461E-03    0.40744E+03
    0.12712E-03    0.41560E+03
    0.12969E-03    0.42393E+03
    0.13231E-03    0.43243E+03
    0.13499E-03    0.44111E+03
    0.13771E-03    0.44998E+03
    0.14049E-03    0.45903E+03
    0.14333E-03    0.46827E+03
    0.14623E-03    0.47770E+03
    0.14918E-03    0.48734E+03
    0.15220E-03    0.49717E+03
    0.15527E-03    0.50722E+03
    0.15841E-03    0.51748E+03
    0.16161E-03    0.52796E+03
    0.16487E-03    0.53866E+03
    0.16820E-03    0.54959E+03
    0.17160E-03    0.56075E+03
    0.17507E-03    0.57215E+03
    0.17860E-03    0.58379E+03
    0.18221E-03    0.59569E+03
    0.18589E-03    0.60783E+03
    0.18965E-03    0.62024E+03
    0.19348E-03    0.63292E+03
    0.19739E-03    0.64586E+03
    0.20138E-03    0.65909E+03
    0.20544E-03    0.67259E+03
    0.20959E-03    0.68639E+03
    0.21383E-03    0.70049E+03
    0.21815E-03    0.71488E+03
    0.22255E-03    0.72959E+03
    0.22705E-03    0.74461E+03
    0.23164E-03    0.75995E+03
    0.23632E-03    0.77561E+03
    0.24109E-03    0.79162E+03
    0.24596E-03    0.80796E+03
    0.25093E-03    0.82465E+03
    0.25600E-03    0.84169E+03
    0.26117E-03    0.85910E+03
    0.26645E-03    0.87687E+03
    0.27183E-03    0.89501E+03
    0.27732E-03    0.91353E+03
    0.28292E-03    0.93243E+03
    0.28864E-03    0.95173E+03
    0.29447E-03    0.97142E+03
    0.30042E-03    0.99152E+03
    0.30649E-03    0.10120E+04
    0.31268E-03    0.10329E+04
    0.31899E-03    0.10543E+04
    0.32544E-03    0.10760E+04
    0.33201E-03    0.10982E+04
    0.33872E-03    0.11209E+04
    0.34556E-03    0.11439E+04
    0.35254E-03    0.11674E+04
    0.35966E-03    0.11914E+04
    0.36693E-03    0.12158E+04
    0.37434E-03    0.12406E+04
    0.38190E-03    0.12659E+04
    0.38962E-03    0.12916E+04
    0.39749E-03    0.13178E+04
    0.40552E-03    0.13445E+04
    0.41371E-03    0.13716E+04
    0.42207E-03    0.13992E+04
    0.43060E-03    0.14273E+04
    0.43929E-03    0.14557E+04
    0.44817E-03    0.14847E+04
    0.45722E-03    0.15141E+04
    0.46646E-03    0.15439E+04
    0.47588E-03    0.15742E+04
    0.48550E-03    0.16050E+04
    0.49530E-03    0.16361E+04
    0.50531E-03    0.16678E+04
    0.51552E-03    0.16998E+04
    0.52593E-03    0.17322E+04
    0.53656E-03    0.17651E+04
    0.54739E-03    0.17984E+04
    0.55845E-03    0.18321E+04
    0.56973E-03    0.18662E+04
    0.58124E-03    0.19006E+04
    0.59299E-03    0.19355E+04
    0.60496E-03    0.19707E+04
    0.61719E-03    0.20063E+04
    0.62965E-03    0.20422E+04
    0.64237E-03    0.20785E+04
    0.65535E-03    0.21151E+04
    0.66859E-03    0.21521E+04
    0.68210E-03    0.21893E+04
    0.69588E-03    0.22269E+04
    0.70993E-03    0.22648E+04
    0.72427E-03    0.23030E+04
    0.73891E-03    0.23414E+04
    0.75383E-03    0.23802E+04
    0.76906E-03    0.24192E+04
    0.78460E-03    0.24585E+04
    0.80045E-03    0.24980E+04
    0.81662E-03    0.25378E+04
    0.83311E-03    0.25779E+04
    0.84994E-03    0.26182E+04
    0.86711E-03    0.26588E+04
    0.88463E-03    0.26996E+04
    0.90250E-03    0.27406E+04
    0.92073E-03    0.27819E+04
    0.93933E-03    0.28234E+04
    0.95831E-03    0.28652E+04
    0.97767E-03    0.29072E+04
    0.99742E-03    0.29494E+04
    0.10176E-02    0.29920E+04
    0.10381E-02    0.30347E+04
    0.10591E-02    0.30777E+04
    0.10805E-02    0.31210E+04
    0.11023E-02    0.31646E+04
    0.11246E-02    0.32084E+04
    0.11473E-02    0.32525E+04
    0.11705E-02    0.32970E+04
    0.11941E-02    0.33417E+04
    0.12182E-02    0.33867E+04
    0.12429E-02    0.34320E+04
    0.12680E-02    0.34777E+04
    0.12936E-02    0.35237E+04
    0.13197E-02    0.35700E+04
    0.13464E-02    0.36167E+04
    0.13736E-02    0.36637E+04
    0.14013E-02    0.37112E+04
    0.14296E-02    0.37589E+04
    0.14585E-02    0.38071E+04
    0.14880E-02    0.38557E+04
    0.15180E-02    0.39047E+04
    0.15487E-02    0.39540E+04
    0.15800E-02    0.40038E+04
    0.16119E-02    0.40541E+04
    0.16445E-02    0.41047E+04
    0.16777E-02    0.41558E+04
    0.17116E-02    0.42073E+04
    0.17462E-02    0.42593E+04
    0.17814E-02    0.43117E+04
    0.18174E-02    0.43645E+04
    0.18541E-02    0.44179E+04
    0.18916E-02    0.44716E+04
    0.19298E-02    0.45259E+04
    0.19688E-02    0.45805E+04
    0.20086E-02    0.46357E+04
    0.20491E-02    0.46913E+04
    0.20905E-02    0.47474E+04
    0.21328E-02    0.48039E+04
    0.21758E-02    0.48608E+04
    0.22198E-02    0.49182E+04
    0.22646E-02    0.49761E+04
    0.23104E-02    0.50344E+04
    0.23571E-02    0.50931E+04
    0.24047E-02    0.51523E+04
    0.24533E-02    0.52118E+04
    0.25028E-02    0.52718E+04
    0.25534E-02    0.53322E+04
    0.26050E-02    0.53929E+04
    0.26576E-02    0.54541E+04
    0.27113E-02    0.55156E+04
    0.27660E-02    0.55774E+04
    0.28219E-02    0.56396E+04
    0.28789E-02    0.57022E+04
    0.29371E-02    0.57650E+04
    0.29964E-02    0.58281E+04
    0.30569E-02    0.58915E+04
    0.31187E-02    0.59552E+04
    0.31817E-02    0.60191E+04
    0.32460E-02    0.60832E+04
    0.33115E-02    0.61475E+04
    0.33784E-02    0.62119E+04
    0.34467E-02    0.62765E+04
    0.35163E-02    0.63412E+04
    0.35874E-02    0.64060E+04
    0.36598E-02    0.64709E+04
    0.37338E-02    0.65357E+04
    0.38092E-02    0.66006E+04
    0.38861E-02    0.66655E+04
    0.39646E-02    0.67302E+04
    0.40447E-02    0.67949E+04
    0.41264E-02    0.68595E+04
    0.42098E-02    0.69239E+04
    0.42948E-02    0.69881E+04
    0.43816E-02    0.70520E+04
    0.44701E-02    0.71156E+04
    0.45604E-02    0.71788E+04
    0.46525E-02    0.72416E+04
    0.47465E-02    0.73039E+04
    0.48424E-02    0.73656E+04
    0.49402E-02    0.74267E+04
    0.50400E-02    0.74871E+04
    0.51419E-02    0.75468E+04
    0.52457E-02    0.76058E+04
    0.53517E-02    0.76639E+04
    0.54598E-02    0.77211E+04
    0.55701E-02    0.77773E+04
    0.56826E-02    0.78325E+04
    0.57974E-02    0.78866E+04
    0.59145E-02    0.79394E+04
    0.60340E-02    0.79910E+04
    0.61559E-02    0.80411E+04
    0.62803E-02    0.80898E+04
    0.64072E-02    0.81369E+04
    0.65366E-02    0.81823E+04
    0.66686E-02    0.82260E+04
    0.68033E-02    0.82677E+04
    0.69408E-02    0.83075E+04
    0.70810E-02    0.83451E+04
    0.72240E-02    0.83805E+04
    0.73700E-02    0.84136E+04
    0.75189E-02    0.84441E+04
    0.76708E-02    0.84721E+04
    0.78257E-02    0.84973E+04
    0.79838E-02    0.85195E+04
    0.81451E-02    0.85388E+04
    0.83096E-02    0.85548E+04
    0.84775E-02    0.85674E+04
    0.86488E-02    0.85765E+04
    0.88235E-02    0.85819E+04
    0.90017E-02    0.85834E+04
    0.91836E-02    0.85808E+04
    0.93691E-02    0.85740E+04
    0.95583E-02    0.85628E+04
    0.97514E-02    0.85470E+04
    0.99484E-02    0.85263E+04
    0.10149E-01    0.85006E+04
    0.10354E-01    0.84696E+04
    0.10564E-01    0.84333E+04
    0.10777E-01    0.83912E+04
    0.10995E-01    0.83434E+04
    0.11217E-01    0.82894E+04
    0.11443E-01    0.82292E+04
    0.11675E-01    0.81627E+04
    0.11910E-01    0.80894E+04
    0.12151E-01    0.80092E+04
    0.12397E-01    0.79220E+04
    0.12647E-01    0.78275E+04
    0.12902E-01    0.77256E+04
    0.13163E-01    0.76163E+04
    0.13429E-01    0.74994E+04
    0.13700E-01    0.73750E+04
    0.13977E-01    0.72431E+04
    0.14259E-01    0.71037E+04
    0.14547E-01    0.69563E+04
    0.14841E-01    0.68010E+04
    0.15141E-01    0.66374E+04
    0.15447E-01    0.64655E+04
    0.15759E-01    0.62860E+04
    0.16077E-01    0.60997E+04
    0.16402E-01    0.59078E+04
    0.16734E-01    0.57116E+04
    0.17072E-01    0.55119E+04
    0.17416E-01    0.53092E+04
    0.17768E-01    0.51028E+04
    0.18127E-01    0.48925E+04
    0.18493E-01    0.46779E+04
    0.18867E-01    0.44592E+04
    0.19248E-01    0.42369E+04
    0.19637E-01    0.40122E+04
    0.20034E-01    0.37865E+04
    0.20438E-01    0.35611E+04
    0.20851E-01    0.33370E+04
    0.21272E-01    0.31159E+04
    0.21702E-01    0.28995E+04
    0.22141E-01    0.26891E+04
    0.22588E-01    0.24859E+04
    0.23044E-01    0.22910E+04
    0.23510E-01    0.21052E+04
    0.23985E-01    0.19293E+04
    0.24469E-01    0.17637E+04
    0.24964E-01    0.16086E+04
    0.25468E-01    0.14643E+04
    0.25982E-01    0.13305E+04
    0.26507E-01    0.12073E+04
    0.27043E-01    0.10944E+04
    0.27589E-01    0.99126E+03
    0.28146E-01    0.89752E+03
    0.28715E-01    0.81262E+03
    0.29295E-01    0.73598E+03
    0.29887E-01    0.66703E+03
    0.30490E-01    0.60517E+03
    0.31106E-01    0.54979E+03
    0.31735E-01    0.50018E+03
    0.32376E-01    0.45556E+03
    0.33030E-01    0.41532E+03
    0.33697E-01    0.37890E+03
    0.34378E-01    0.34584E+03
    0.35072E-01    0.31577E+03
    0.35781E-01    0.28836E+03
    0.36504E-01    0.26335E+03
    0.37241E-01    0.24049E+03
    0.37993E-01    0.21957E+03
    0.38761E-01    0.20054E+03
    0.39544E-01    0.18336E+03
    0.40343E-01    0.16796E+03
    0.41158E-01    0.15426E+03
    0.41989E-01    0.14216E+03
    0.42838E-01    0.13151E+03
    0.43703E-01    0.12216E+03
    0.44586E-01    0.11397E+03
    0.45486E-01    0.10683E+03
    0.46405E-01    0.10062E+03
    0.47343E-01    0.95222E+02
    0.48299E-01    0.90522E+02
    0.49275E-01    0.86424E+02
    0.50270E-01    0.82850E+02
    0.51286E-01    0.79732E+02
    0.52322E-01    0.77013E+02
    0.53379E-01    0.74642E+02
    0.54457E-01    0.72576E+02
    0.55557E-01    0.70752E+02
    0.56680E-01    0.69100E+02
    0.57825E-01    0.67555E+02
    0.58993E-01    0.66061E+02
    0.60184E-01    0.64580E+02
    0.61400E-01    0.63080E+02
    0.62641E-01    0.61532E+02
    0.63906E-01    0.59905E+02
    0.65197E-01    0.58170E+02
    0.66514E-01    0.56301E+02
    0.67858E-01    0.54287E+02
    0.69229E-01    0.52141E+02
    0.70627E-01    0.49879E+02
    0.72054E-01    0.47500E+02
    0.73510E-01    0.44975E+02
    0.74994E-01    0.42285E+02
    0.76509E-01    0.39454E+02
    0.78055E-01    0.36553E+02
    0.79632E-01    0.33644E+02
    0.81241E-01    0.30779E+02
    0.82882E-01    0.28001E+02
    0.84556E-01    0.25347E+02
    0.86264E-01    0.22855E+02
    0.88007E-01    0.20554E+02
    0.89785E-01    0.18469E+02
    0.91598E-01    0.16619E+02
    0.93449E-01    0.15008E+02
    0.95337E-01    0.13635E+02
    0.97263E-01    0.12499E+02
    0.99227E-01    0.11597E+02
    0.10123E+00    0.10920E+02
    0.10328E+00    0.10446E+02
    0.10536E+00    0.10162E+02
    0.10749E+00    0.10054E+02
    0.10966E+00    0.10092E+02
    0.11188E+00    0.10244E+02
    0.11414E+00    0.10477E+02
    0.11644E+00    0.10748E+02
    0.11880E+00    0.11007E+02
    0.12120E+00    0.11206E+02
    0.12365E+00    0.11304E+02
    0.12614E+00    0.11263E+02
    0.12869E+00    0.11064E+02
    0.13129E+00    0.10699E+02
    0.13394E+00    0.10174E+02
    0.13665E+00    0.95111E+01
    0.13941E+00    0.87435E+01
    0.14223E+00    0.79194E+01
    0.14510E+00    0.70867E+01
    0.14803E+00    0.62994E+01
    0.15102E+00    0.55982E+01
    0.15407E+00    0.50144E+01
    0.15718E+00    0.45655E+01
    0.16036E+00    0.42526E+01
    0.16360E+00    0.40719E+01
    0.16690E+00    0.40059E+01
    0.17028E+00    0.40355E+01
    0.17371E+00    0.41326E+01
    0.17722E+00    0.42646E+01
    0.18080E+00    0.43928E+01
    0.18446E+00    0.44763E+01
    0.18818E+00    0.44777E+01
    0.19198E+00    0.43749E+01
    0.19586E+00    0.41644E+01
    0.19982E+00    0.38649E+01
    0.20386E+00    0.35119E+01
    0.20797E+00    0.31484E+01
    0.21218E+00    0.28157E+01
    0.21646E+00    0.25434E+01
    0.22083E+00    0.23481E+01
    0.22530E+00    0.22330E+01
    0.22985E+00    0.21885E+01
    0.23449E+00    0.21964E+01
    0.23923E+00    0.22313E+01
    0.24406E+00    0.22634E+01
    0.24899E+00    0.22637E+01
    0.25402E+00    0.22114E+01
    0.25915E+00    0.21030E+01
    0.26439E+00    0.19530E+01
    0.26973E+00    0.17855E+01
    0.27518E+00    0.16267E+01
    0.28074E+00    0.14974E+01
    0.28641E+00    0.14094E+01
    0.29219E+00    0.13628E+01
    0.29810E+00    0.13461E+01
    0.30412E+00    0.13401E+01
    0.31026E+00    0.13261E+01
    0.31653E+00    0.12904E+01
    0.32292E+00    0.12290E+01
    0.32945E+00    0.11492E+01
    0.33610E+00    0.10655E+01
    0.34289E+00    0.99240E+00
    0.34982E+00    0.93815E+00
    0.35689E+00    0.90365E+00
    0.36409E+00    0.88159E+00
    0.37145E+00    0.86193E+00
    0.37895E+00    0.83484E+00
    0.38661E+00    0.79661E+00
    0.39442E+00    0.75087E+00
    0.40239E+00    0.70516E+00
    0.41052E+00    0.66623E+00
    0.41881E+00    0.63699E+00
    0.42727E+00    0.61426E+00
    0.43590E+00    0.59395E+00
    0.44471E+00    0.57029E+00
    0.45369E+00    0.54317E+00
    0.46286E+00    0.51415E+00
    0.47221E+00    0.48744E+00
    0.48174E+00    0.46492E+00
    0.49148E+00    0.44568E+00
    0.50141E+00    0.42792E+00
    0.51153E+00    0.40911E+00
    0.52187E+00    0.38950E+00
    0.53241E+00    0.37036E+00
    0.54317E+00    0.35277E+00
    0.55414E+00    0.33696E+00
    0.56533E+00    0.32206E+00
    0.57675E+00    0.30737E+00
    0.58840E+00    0.29307E+00
    0.60029E+00    0.27934E+00
    0.61242E+00    0.26630E+00
    0.62479E+00    0.25392E+00
    0.63741E+00    0.24215E+00
    0.65029E+00    0.23094E+00
    0.66342E+00    0.22024E+00
    0.67683E+00    0.21001E+00
    0.69050E+00    0.20022E+00
    0.70445E+00    0.19088E+00
    0.71868E+00    0.18196E+00
    0.73320E+00    0.17345E+00
    0.74801E+00    0.16533E+00
    0.76312E+00    0.15760E+00
    0.77854E+00    0.15021E+00
    0.79426E+00    0.14316E+00
    0.81031E+00    0.13643E+00
    0.82668E+00    0.12999E+00
    0.84338E+00    0.12385E+00
    0.86041E+00    0.11798E+00
    0.87780E+00    0.11238E+00
    0.89553E+00    0.10705E+00
    0.91362E+00    0.10197E+00
    0.93208E+00    0.97127E-01
    0.95091E+00    0.92510E-01
    0.97011E+00    0.88107E-01
    0.98971E+00    0.83904E-01
    0.10097E+01    0.79891E-01
    0.10301E+01    0.76063E-01
    0.10509E+01    0.72415E-01
    0.10721E+01    0.68941E-01
    0.10938E+01    0.65638E-01
    0.11159E+01    0.62498E-01
    0.11384E+01    0.59512E-01
    0.11614E+01    0.56669E-01
    0.11849E+01    0.53957E-01
    0.12088E+01    0.51369E-01
    0.12333E+01    0.48895E-01
    0.12582E+01    0.46533E-01
    0.12836E+01    0.44279E-01
    0.13095E+01    0.42130E-01
    0.13360E+01    0.40083E-01
    0.13630E+01    0.38134E-01
    0.13905E+01    0.36280E-01
    0.14186E+01    0.34515E-01
    0.14472E+01    0.32835E-01
    0.14765E+01    0.31236E-01
    0.15063E+01    0.29713E-01
    0.15367E+01    0.28264E-01
    0.15678E+01    0.26884E-01
    0.15994E+01    0.25569E-01
    0.16318E+01    0.24317E-01
    0.16647E+01    0.23124E-01
    0.16984E+01    0.21988E-01
    0.17327E+01    0.20907E-01
    0.17677E+01    0.19881E-01
    0.18034E+01    0.18907E-01
    0.18398E+01    0.17983E-01
    0.18770E+01    0.17106E-01
    0.19149E+01    0.16272E-01
    0.19536E+01    0.15478E-01
    0.19930E+01    0.14721E-01
    0.20333E+01    0.13997E-01
    0.20744E+01    0.13307E-01
    0.21163E+01    0.12649E-01
    0.21590E+01    0.12022E-01
    0.22026E+01    0.11425E-01
    0.22471E+01    0.10858E-01
    0.22925E+01    0.10319E-01
    0.23388E+01    0.98071E-02
    0.23861E+01    0.93202E-02
    0.24343E+01    0.88572E-02
    0.24835E+01    0.84170E-02
    0.25336E+01    0.79983E-02
    0.25848E+01    0.75999E-02
    0.26370E+01    0.72207E-02
    0.26903E+01    0.68597E-02
    0.27447E+01    0.65160E-02
    0.28001E+01    0.61891E-02
    0.28567E+01    0.58788E-02
    0.29144E+01    0.55846E-02
    0.29733E+01    0.53063E-02
    0.30333E+01    0.50431E-02
    0.30946E+01    0.47940E-02
    0.31571E+01    0.45574E-02
    0.32209E+01    0.43323E-02
    0.32860E+01    0.41176E-02
    0.33523E+01    0.39123E-02
    0.34201E+01    0.37163E-02
    0.34892E+01    0.35294E-02
    0.35596E+01    0.33515E-02
    0.36316E+01    0.31825E-02
    0.37049E+01    0.30220E-02
    0.37798E+01    0.28698E-02
    0.38561E+01    0.27252E-02
    0.39340E+01    0.25879E-02
    0.40135E+01    0.24574E-02
    0.40946E+01    0.23334E-02
    0.41773E+01    0.22156E-02
    0.42617E+01    0.21037E-02
    0.43478E+01    0.19973E-02
    0.44356E+01    0.18963E-02
    0.45252E+01    0.18002E-02
    0.46166E+01    0.17090E-02
    0.47099E+01    0.16224E-02
    0.48050E+01    0.15401E-02
    0.49021E+01    0.14620E-02
    0.50011E+01    0.13879E-02
    0.51021E+01    0.13175E-02
    0.52052E+01    0.12506E-02
    0.53104E+01    0.11870E-02
    0.54176E+01    0.11264E-02
    0.55271E+01    0.10687E-02
    0.56387E+01    0.10139E-02
    0.57526E+01    0.96203E-03
    0.58689E+01    0.91300E-03
    0.59874E+01    0.86681E-03
    0.61084E+01    0.82338E-03
    0.62318E+01    0.78242E-03
    0.63577E+01    0.74362E-03
    0.64861E+01    0.70670E-03
    0.66171E+01    0.67141E-03
    0.67508E+01    0.63758E-03
    0.68872E+01    0.60518E-03
    0.70263E+01    0.57426E-03
    0.71682E+01    0.54482E-03
    0.73130E+01    0.51687E-03
    0.74608E+01    0.49040E-03
    0.76115E+01    0.46532E-03
    0.77653E+01    0.44154E-03
    0.79221E+01    0.41899E-03
    0.80822E+01    0.39757E-03
    0.82454E+01    0.37724E-03
    0.84120E+01    0.35792E-03
    0.85819E+01    0.33959E-03
    0.87553E+01    0.32219E-03
    0.89322E+01    0.30570E-03
    0.91126E+01    0.29006E-03
    0.92967E+01    0.27522E-03
    0.94845E+01    0.26112E-03
    0.96761E+01    0.24770E-03
    0.98716E+01    0.23493E-03
    0.10071E+02    0.22276E-03
    0.10274E+02    0.21120E-03
    0.10482E+02    0.20027E-03
    0.10694E+02    0.18998E-03
    0.10910E+02    0.18035E-03
    0.11130E+02    0.17134E-03
    0.11355E+02    0.16289E-03
    0.11584E+02    0.15490E-03
    0.11818E+02    0.14727E-03
    0.12057E+02    0.13995E-03
    0.12301E+02    0.13288E-03
    0.12549E+02    0.12607E-03
    0.12803E+02    0.11956E-03
    0.13061E+02    0.11335E-03
    0.13325E+02    0.10746E-03
    0.13594E+02    0.10191E-03
    0.13869E+02    0.96667E-04
    0.14149E+02    0.91710E-04
    0.14435E+02    0.87013E-04
    0.14727E+02    0.82555E-04
    0.15024E+02    0.78319E-04
    0.15328E+02    0.74294E-04
    0.15637E+02    0.70471E-04
    0.15953E+02    0.66842E-04
    0.16275E+02    0.63401E-04
    0.16604E+02    0.60137E-04
    0.16940E+02    0.57043E-04
    0.17282E+02    0.54109E-04
    0.17631E+02    0.51326E-04
    0.17987E+02    0.48684E-04
    0.18351E+02    0.46178E-04
    0.18721E+02    0.43799E-04
    0.19099E+02    0.41541E-04
    0.19485E+02    0.39399E-04
    0.19879E+02    0.37365E-04
    0.20280E+02    0.35436E-04
    0.20690E+02    0.33604E-04
    0.21108E+02    0.31867E-04
    0.21535E+02    0.30219E-04
    0.21970E+02    0.28656E-04
