    0.10000E-03    0.31950E+03
    0.10202E-03    0.32584E+03
    0.10408E-03    0.33232E+03
    0.10618E-03    0.33892E+03
    0.10833E-03    0.34566E+03
    0.11052E-03    0.35255E+03
    0.11275E-03    0.35957E+03
    0.11503E-03    0.36674E+03
    0.11735E-03    0.37405E+03
    0.11972E-03    0.38152E+03
    0.12214E-03    0.38914E+03
    0.12461E-03    0.39692E+03
    0.12712E-03    0.40486E+03
    0.12969E-03    0.41297E+03
    0.13231E-03    0.42125E+03
    0.13499E-03    0.42970E+03
    0.13771E-03    0.43832E+03
    0.14049E-03    0.44713E+03
    0.14333E-03    0.45613E+03
    0.14623E-03    0.46531E+03
    0.14918E-03    0.47469E+03
    0.15220E-03    0.48426E+03
    0.15527E-03    0.49404E+03
    0.15841E-03    0.50402E+03
    0.16161E-03    0.51422E+03
    0.16487E-03    0.52463E+03
    0.16820E-03    0.53526E+03
    0.17160E-03    0.54612E+03
    0.17507E-03    0.55721E+03
    0.17860E-03    0.56854E+03
    0.18221E-03    0.58011E+03
    0.18589E-03    0.59193E+03
    0.18965E-03    0.60400E+03
    0.19348E-03    0.61633E+03
    0.19739E-03    0.62892E+03
    0.20138E-03    0.64178E+03
    0.20544E-03    0.65492E+03
    0.20959E-03    0.66834E+03
    0.21383E-03    0.68205E+03
    0.21815E-03    0.69605E+03
    0.22255E-03    0.71035E+03
    0.22705E-03    0.72496E+03
    0.23164E-03    0.73987E+03
    0.23632E-03    0.75511E+03
    0.24109E-03    0.77067E+03
    0.24596E-03    0.78656E+03
    0.25093E-03    0.80279E+03
    0.25600E-03    0.81937E+03
    0.26117E-03    0.83629E+03
    0.26645E-03    0.85357E+03
    0.27183E-03    0.87121E+03
    0.27732E-03    0.88922E+03
    0.28292E-03    0.90760E+03
    0.28864E-03    0.92636E+03
    0.29447E-03    0.94551E+03
    0.30042E-03    0.96505E+03
    0.30649E-03    0.98499E+03
    0.31268E-03    0.10053E+04
    0.31899E-03    0.10261E+04
    0.32544E-03    0.10472E+04
    0.33201E-03    0.10688E+04
    0.33872E-03    0.10908E+04
    0.34556E-03    0.11133E+04
    0.35254E-03    0.11361E+04
    0.35966E-03    0.11594E+04
    0.36693E-03    0.11831E+04
    0.37434E-03    0.12073E+04
    0.38190E-03    0.12319E+04
    0.38962E-03    0.12570E+04
    0.39749E-03    0.12825E+04
    0.40552E-03    0.13084E+04
    0.41371E-03    0.13348E+04
    0.42207E-03    0.13617E+04
    0.43060E-03    0.13890E+04
    0.43929E-03    0.14167E+04
    0.44817E-03    0.14449E+04
    0.45722E-03    0.14735E+04
    0.46646E-03    0.15026E+04
    0.47588E-03    0.15321E+04
    0.48550E-03    0.15621E+04
    0.49530E-03    0.15925E+04
    0.50531E-03    0.16233E+04
    0.51552E-03    0.16545E+04
    0.52593E-03    0.16861E+04
    0.53656E-03    0.17182E+04
    0.54739E-03    0.17507E+04
    0.55845E-03    0.17835E+04
    0.56973E-03    0.18168E+04
    0.58124E-03    0.18504E+04
    0.59299E-03    0.18844E+04
    0.60496E-03    0.19188E+04
    0.61719E-03    0.19535E+04
    0.62965E-03    0.19886E+04
    0.64237E-03    0.20241E+04
    0.65535E-03    0.20598E+04
    0.66859E-03    0.20959E+04
    0.68210E-03    0.21324E+04
    0.69588E-03    0.21691E+04
    0.70993E-03    0.22061E+04
    0.72427E-03    0.22435E+04
    0.73891E-03    0.22811E+04
    0.75383E-03    0.23190E+04
    0.76906E-03    0.23572E+04
    0.78460E-03    0.23956E+04
    0.80045E-03    0.24343E+04
    0.81662E-03    0.24733E+04
    0.83311E-03    0.25125E+04
    0.84994E-03    0.25520E+04
    0.86711E-03    0.25917E+04
    0.88463E-03    0.26316E+04
    0.90250E-03    0.26718E+04
    0.92073E-03    0.27123E+04
    0.93933E-03    0.27529E+04
    0.95831E-03    0.27939E+04
    0.97767E-03    0.28350E+04
    0.99742E-03    0.28764E+04
    0.10176E-02    0.29181E+04
    0.10381E-02    0.29600E+04
    0.10591E-02    0.30021E+04
    0.10805E-02    0.30446E+04
    0.11023E-02    0.30872E+04
    0.11246E-02    0.31302E+04
    0.11473E-02    0.31734E+04
    0.11705E-02    0.32169E+04
    0.11941E-02    0.32607E+04
    0.12182E-02    0.33048E+04
    0.12429E-02    0.33492E+04
    0.12680E-02    0.33939E+04
    0.12936E-02    0.34390E+04
    0.13197E-02    0.34843E+04
    0.13464E-02    0.35300E+04
    0.13736E-02    0.35761E+04
    0.14013E-02    0.36224E+04
    0.14296E-02    0.36692E+04
    0.14585E-02    0.37163E+04
    0.14880E-02    0.37638E+04
    0.15180E-02    0.38117E+04
    0.15487E-02    0.38599E+04
    0.15800E-02    0.39086E+04
    0.16119E-02    0.39576E+04
    0.16445E-02    0.40071E+04
    0.16777E-02    0.40569E+04
    0.17116E-02    0.41072E+04
    0.17462E-02    0.41578E+04
    0.17814E-02    0.42089E+04
    0.18174E-02    0.42604E+04
    0.18541E-02    0.43123E+04
    0.18916E-02    0.43647E+04
    0.19298E-02    0.44174E+04
    0.19688E-02    0.44706E+04
    0.20086E-02    0.45242E+04
    0.20491E-02    0.45782E+04
    0.20905E-02    0.46326E+04
    0.21328E-02    0.46874E+04
    0.21758E-02    0.47426E+04
    0.22198E-02    0.47982E+04
    0.22646E-02    0.48542E+04
    0.23104E-02    0.49105E+04
    0.23571E-02    0.49673E+04
    0.24047E-02    0.50243E+04
    0.24533E-02    0.50818E+04
    0.25028E-02    0.51395E+04
    0.25534E-02    0.51976E+04
    0.26050E-02    0.52560E+04
    0.26576E-02    0.53147E+04
    0.27113E-02    0.53737E+04
    0.27660E-02    0.54329E+04
    0.28219E-02    0.54923E+04
    0.28789E-02    0.55520E+04
    0.29371E-02    0.56119E+04
    0.29964E-02    0.56719E+04
    0.30569E-02    0.57321E+04
    0.31187E-02    0.57925E+04
    0.31817E-02    0.58529E+04
    0.32460E-02    0.59134E+04
    0.33115E-02    0.59739E+04
    0.33784E-02    0.60345E+04
    0.34467E-02    0.60951E+04
    0.35163E-02    0.61555E+04
    0.35874E-02    0.62159E+04
    0.36598E-02    0.62762E+04
    0.37338E-02    0.63363E+04
    0.38092E-02    0.63961E+04
    0.38861E-02    0.64557E+04
    0.39646E-02    0.65151E+04
    0.40447E-02    0.65742E+04
    0.41264E-02    0.66329E+04
    0.42098E-02    0.66912E+04
    0.42948E-02    0.67490E+04
    0.43816E-02    0.68062E+04
    0.44701E-02    0.68628E+04
    0.45604E-02    0.69186E+04
    0.46525E-02    0.69737E+04
    0.47465E-02    0.70279E+04
    0.48424E-02    0.70812E+04
    0.49402E-02    0.71336E+04
    0.50400E-02    0.71849E+04
    0.51419E-02    0.72351E+04
    0.52457E-02    0.72842E+04
    0.53517E-02    0.73319E+04
    0.54598E-02    0.73782E+04
    0.55701E-02    0.74231E+04
    0.56826E-02    0.74664E+04
    0.57974E-02    0.75080E+04
    0.59145E-02    0.75479E+04
    0.60340E-02    0.75859E+04
    0.61559E-02    0.76219E+04
    0.62803E-02    0.76557E+04
    0.64072E-02    0.76874E+04
    0.65366E-02    0.77166E+04
    0.66686E-02    0.77434E+04
    0.68033E-02    0.77675E+04
    0.69408E-02    0.77889E+04
    0.70810E-02    0.78073E+04
    0.72240E-02    0.78226E+04
    0.73700E-02    0.78348E+04
    0.75189E-02    0.78435E+04
    0.76708E-02    0.78487E+04
    0.78257E-02    0.78501E+04
    0.79838E-02    0.78476E+04
    0.81451E-02    0.78410E+04
    0.83096E-02    0.78302E+04
    0.84775E-02    0.78149E+04
    0.86488E-02    0.77949E+04
    0.88235E-02    0.77700E+04
    0.90017E-02    0.77401E+04
    0.91836E-02    0.77050E+04
    0.93691E-02    0.76644E+04
    0.95583E-02    0.76180E+04
    0.97514E-02    0.75658E+04
    0.99484E-02    0.75075E+04
    0.10149E-01    0.74430E+04
    0.10354E-01    0.73719E+04
    0.10564E-01    0.72941E+04
    0.10777E-01    0.72095E+04
    0.10995E-01    0.71178E+04
    0.11217E-01    0.70190E+04
    0.11443E-01    0.69129E+04
    0.11675E-01    0.67991E+04
    0.11910E-01    0.66777E+04
    0.12151E-01    0.65485E+04
    0.12397E-01    0.64116E+04
    0.12647E-01    0.62669E+04
    0.12902E-01    0.61146E+04
    0.13163E-01    0.59547E+04
    0.13429E-01    0.57876E+04
    0.13700E-01    0.56133E+04
    0.13977E-01    0.54315E+04
    0.14259E-01    0.52423E+04
    0.14547E-01    0.50459E+04
    0.14841E-01    0.48424E+04
    0.15141E-01    0.46329E+04
    0.15447E-01    0.44187E+04
    0.15759E-01    0.42014E+04
    0.16077E-01    0.39823E+04
    0.16402E-01    0.37629E+04
    0.16734E-01    0.35433E+04
    0.17072E-01    0.33231E+04
    0.17416E-01    0.31022E+04
    0.17768E-01    0.28809E+04
    0.18127E-01    0.26597E+04
    0.18493E-01    0.24402E+04
    0.18867E-01    0.22244E+04
    0.19248E-01    0.20143E+04
    0.19637E-01    0.18116E+04
    0.20034E-01    0.16180E+04
    0.20438E-01    0.14342E+04
    0.20851E-01    0.12606E+04
    0.21272E-01    0.10976E+04
    0.21702E-01    0.94592E+03
    0.22141E-01    0.80610E+03
    0.22588E-01    0.67883E+03
    0.23044E-01    0.56466E+03
    0.23510E-01    0.46378E+03
    0.23985E-01    0.37597E+03
    0.24469E-01    0.30071E+03
    0.24964E-01    0.23731E+03
    0.25468E-01    0.18488E+03
    0.25982E-01    0.14225E+03
    0.26507E-01    0.10815E+03
    0.27043E-01    0.81287E+02
    0.27589E-01    0.60464E+02
    0.28146E-01    0.44571E+02
    0.28715E-01    0.32607E+02
    0.29295E-01    0.23709E+02
    0.29887E-01    0.17160E+02
    0.30490E-01    0.12409E+02
    0.31106E-01    0.90162E+01
    0.31735E-01    0.66203E+01
    0.32376E-01    0.49406E+01
    0.33030E-01    0.37662E+01
    0.33697E-01    0.29046E+01
    0.34378E-01    0.22159E+01
    0.35072E-01    0.16344E+01
    0.35781E-01    0.11390E+01
    0.36504E-01    0.73388E+00
    0.37241E-01    0.43676E+00
    0.37993E-01    0.24421E+00
    0.38761E-01    0.13057E+00
    0.39544E-01    0.67935E-01
    0.40343E-01    0.35073E-01
    0.41158E-01    0.18899E-01
    0.41989E-01    0.11473E-01
    0.42838E-01    0.84767E-02
    0.43703E-01    0.82349E-02
    0.44586E-01    0.11163E-01
    0.45486E-01    0.19687E-01
    0.46405E-01    0.39783E-01
    0.47343E-01    0.81091E-01
    0.48299E-01    0.14719E+00
    0.49275E-01    0.22749E+00
    0.50270E-01    0.31320E+00
    0.51286E-01    0.40376E+00
    0.52322E-01    0.51181E+00
    0.53379E-01    0.65094E+00
    0.54457E-01    0.82043E+00
    0.55557E-01    0.10103E+01
    0.56680E-01    0.12003E+01
    0.57825E-01    0.13767E+01
    0.58993E-01    0.15361E+01
    0.60184E-01    0.16801E+01
    0.61400E-01    0.18090E+01
    0.62641E-01    0.19145E+01
    0.63906E-01    0.19875E+01
    0.65197E-01    0.20208E+01
    0.66514E-01    0.20126E+01
    0.67858E-01    0.19643E+01
    0.69229E-01    0.18791E+01
    0.70627E-01    0.17594E+01
    0.72054E-01    0.16098E+01
    0.73510E-01    0.14372E+01
    0.74994E-01    0.12503E+01
    0.76509E-01    0.10585E+01
    0.78055E-01    0.86423E+00
    0.79632E-01    0.66943E+00
    0.81241E-01    0.48746E+00
    0.82882E-01    0.34440E+00
    0.84556E-01    0.24603E+00
    0.86264E-01    0.16891E+00
    0.88007E-01    0.95977E-01
    0.89785E-01    0.38689E-01
    0.91598E-01    0.10282E-01
    0.93449E-01    0.22204E-02
    0.95337E-01    0.51052E-03
    0.97263E-01    0.16363E-03
    0.99227E-01    0.95206E-04
    0.10123E+00    0.13065E-03
    0.10328E+00    0.50083E-03
    0.10536E+00    0.33748E-02
    0.10749E+00    0.19305E-01
    0.10966E+00    0.53767E-01
    0.11188E+00    0.86747E-01
    0.11414E+00    0.11674E+00
    0.11644E+00    0.16180E+00
    0.11880E+00    0.21857E+00
    0.12120E+00    0.26717E+00
    0.12365E+00    0.29367E+00
    0.12614E+00    0.29899E+00
    0.12869E+00    0.28648E+00
    0.13129E+00    0.25654E+00
    0.13394E+00    0.21263E+00
    0.13665E+00    0.16112E+00
    0.13941E+00    0.11027E+00
    0.14223E+00    0.67782E-01
    0.14510E+00    0.37153E-01
    0.14803E+00    0.17045E-01
    0.15102E+00    0.60931E-02
    0.15407E+00    0.23082E-02
    0.15718E+00    0.15875E-02
    0.16036E+00    0.21806E-02
    0.16360E+00    0.48663E-02
    0.16690E+00    0.12365E-01
    0.17028E+00    0.25482E-01
    0.17371E+00    0.42832E-01
    0.17722E+00    0.62677E-01
    0.18080E+00    0.80009E-01
    0.18446E+00    0.89341E-01
    0.18818E+00    0.88015E-01
    0.19198E+00    0.76468E-01
    0.19586E+00    0.58366E-01
    0.19982E+00    0.38998E-01
    0.20386E+00    0.22895E-01
    0.20797E+00    0.12233E-01
    0.21218E+00    0.66172E-02
    0.21646E+00    0.46729E-02
    0.22083E+00    0.50666E-02
    0.22530E+00    0.78451E-02
    0.22985E+00    0.13199E-01
    0.23449E+00    0.20514E-01
    0.23923E+00    0.27802E-01
    0.24406E+00    0.32252E-01
    0.24899E+00    0.31967E-01
    0.25402E+00    0.27147E-01
    0.25915E+00    0.20019E-01
    0.26439E+00    0.13282E-01
    0.26973E+00    0.85897E-02
    0.27518E+00    0.62268E-02
    0.28074E+00    0.58231E-02
    0.28641E+00    0.70612E-02
    0.29219E+00    0.95429E-02
    0.29810E+00    0.12384E-01
    0.30412E+00    0.14230E-01
    0.31026E+00    0.14099E-01
    0.31653E+00    0.12120E-01
    0.32292E+00    0.93456E-02
    0.32945E+00    0.69545E-02
    0.33610E+00    0.55872E-02
    0.34289E+00    0.53075E-02
    0.34982E+00    0.58791E-02
    0.35689E+00    0.68588E-02
    0.36409E+00    0.75845E-02
    0.37145E+00    0.75462E-02
    0.37895E+00    0.67079E-02
    0.38661E+00    0.55551E-02
    0.39442E+00    0.46530E-02
    0.40239E+00    0.42627E-02
    0.41052E+00    0.43352E-02
    0.41881E+00    0.45863E-02
    0.42727E+00    0.47495E-02
    0.43590E+00    0.45360E-02
    0.44471E+00    0.40818E-02
    0.45369E+00    0.36079E-02
    0.46286E+00    0.33119E-02
    0.47221E+00    0.32396E-02
    0.48174E+00    0.32564E-02
    0.49148E+00    0.32165E-02
    0.50141E+00    0.30332E-02
    0.51153E+00    0.27906E-02
    0.52187E+00    0.25844E-02
    0.53241E+00    0.24643E-02
    0.54317E+00    0.24068E-02
    0.55414E+00    0.23376E-02
    0.56533E+00    0.22101E-02
    0.57675E+00    0.20929E-02
    0.58840E+00    0.19873E-02
    0.60029E+00    0.18896E-02
    0.61242E+00    0.17970E-02
    0.62479E+00    0.17084E-02
    0.63741E+00    0.16239E-02
    0.65029E+00    0.15438E-02
    0.66342E+00    0.14679E-02
    0.67683E+00    0.13964E-02
    0.69050E+00    0.13290E-02
    0.70445E+00    0.12652E-02
    0.71868E+00    0.12046E-02
    0.73320E+00    0.11468E-02
    0.74801E+00    0.10914E-02
    0.76312E+00    0.10384E-02
    0.77854E+00    0.98765E-03
    0.79426E+00    0.93912E-03
    0.81031E+00    0.89275E-03
    0.82668E+00    0.84850E-03
    0.84338E+00    0.80640E-03
    0.86041E+00    0.76653E-03
    0.87780E+00    0.72896E-03
    0.89553E+00    0.69373E-03
    0.91362E+00    0.66082E-03
    0.93208E+00    0.63001E-03
    0.95091E+00    0.60089E-03
    0.97011E+00    0.57310E-03
    0.98971E+00    0.54636E-03
    0.10097E+01    0.52042E-03
    0.10301E+01    0.49526E-03
    0.10509E+01    0.47098E-03
    0.10721E+01    0.44770E-03
    0.10938E+01    0.42550E-03
    0.11159E+01    0.40443E-03
    0.11384E+01    0.38446E-03
    0.11614E+01    0.36554E-03
    0.11849E+01    0.34758E-03
    0.12088E+01    0.33053E-03
    0.12333E+01    0.31433E-03
    0.12582E+01    0.29892E-03
    0.12836E+01    0.28421E-03
    0.13095E+01    0.27016E-03
    0.13360E+01    0.25671E-03
    0.13630E+01    0.24382E-03
    0.13905E+01    0.23151E-03
    0.14186E+01    0.21986E-03
    0.14472E+01    0.20893E-03
    0.14765E+01    0.19878E-03
    0.15063E+01    0.18941E-03
    0.15367E+01    0.18075E-03
    0.15678E+01    0.17262E-03
    0.15994E+01    0.16486E-03
    0.16318E+01    0.15736E-03
    0.16647E+01    0.15000E-03
    0.16984E+01    0.14278E-03
    0.17327E+01    0.13577E-03
    0.17677E+01    0.12903E-03
    0.18034E+01    0.12259E-03
    0.18398E+01    0.11650E-03
    0.18770E+01    0.11074E-03
    0.19149E+01    0.10530E-03
    0.19536E+01    0.10014E-03
    0.19930E+01    0.95234E-04
    0.20333E+01    0.90571E-04
    0.20744E+01    0.86130E-04
    0.21163E+01    0.81902E-04
    0.21590E+01    0.77876E-04
    0.22026E+01    0.74043E-04
    0.22471E+01    0.70394E-04
    0.22925E+01    0.66921E-04
    0.23388E+01    0.63621E-04
    0.23861E+01    0.60487E-04
    0.24343E+01    0.57514E-04
    0.24835E+01    0.54695E-04
    0.25336E+01    0.52018E-04
    0.25848E+01    0.49464E-04
    0.26370E+01    0.47018E-04
    0.26903E+01    0.44665E-04
    0.27447E+01    0.42395E-04
    0.28001E+01    0.40222E-04
    0.28567E+01    0.38173E-04
    0.29144E+01    0.36271E-04
    0.29733E+01    0.34533E-04
    0.30333E+01    0.32971E-04
    0.30946E+01    0.31560E-04
    0.31571E+01    0.30251E-04
    0.32209E+01    0.29000E-04
    0.32860E+01    0.27770E-04
    0.33523E+01    0.26532E-04
    0.34201E+01    0.25287E-04
    0.34892E+01    0.24057E-04
    0.35596E+01    0.22864E-04
    0.36316E+01    0.21723E-04
    0.37049E+01    0.20647E-04
    0.37798E+01    0.19638E-04
    0.38561E+01    0.18686E-04
    0.39340E+01    0.17786E-04
    0.40135E+01    0.16929E-04
    0.40946E+01    0.16112E-04
    0.41773E+01    0.15331E-04
    0.42617E+01    0.14587E-04
    0.43478E+01    0.13881E-04
    0.44356E+01    0.13211E-04
    0.45252E+01    0.12578E-04
    0.46166E+01    0.11977E-04
    0.47099E+01    0.11403E-04
    0.48050E+01    0.10851E-04
    0.49021E+01    0.10316E-04
    0.50011E+01    0.97961E-05
    0.51021E+01    0.92958E-05
    0.52052E+01    0.88258E-05
    0.53104E+01    0.83950E-05
    0.54176E+01    0.80102E-05
    0.55271E+01    0.76760E-05
    0.56387E+01    0.73843E-05
    0.57526E+01    0.71176E-05
    0.58689E+01    0.68603E-05
    0.59874E+01    0.65991E-05
    0.61084E+01    0.63231E-05
    0.62318E+01    0.60335E-05
    0.63577E+01    0.57408E-05
    0.64861E+01    0.54538E-05
    0.66171E+01    0.51802E-05
    0.67508E+01    0.49255E-05
    0.68872E+01    0.46903E-05
    0.70263E+01    0.44710E-05
    0.71682E+01    0.42647E-05
    0.73130E+01    0.40686E-05
    0.74608E+01    0.38806E-05
    0.76115E+01    0.36998E-05
    0.77653E+01    0.35264E-05
    0.79221E+01    0.33605E-05
    0.80822E+01    0.32022E-05
    0.82454E+01    0.30514E-05
    0.84120E+01    0.29082E-05
    0.85819E+01    0.27722E-05
    0.87553E+01    0.26434E-05
    0.89322E+01    0.25216E-05
    0.91126E+01    0.24063E-05
    0.92967E+01    0.22968E-05
    0.94845E+01    0.21916E-05
    0.96761E+01    0.20893E-05
    0.98716E+01    0.19891E-05
    0.10071E+02    0.18901E-05
    0.10274E+02    0.17941E-05
    0.10482E+02    0.17045E-05
    0.10694E+02    0.16241E-05
    0.10910E+02    0.15551E-05
    0.11130E+02    0.14993E-05
    0.11355E+02    0.14543E-05
    0.11584E+02    0.14150E-05
    0.11818E+02    0.13767E-05
    0.12057E+02    0.13353E-05
    0.12301E+02    0.12871E-05
    0.12549E+02    0.12327E-05
    0.12803E+02    0.11752E-05
    0.13061E+02    0.11177E-05
    0.13325E+02    0.10626E-05
    0.13594E+02    0.10119E-05
    0.13869E+02    0.96589E-06
    0.14149E+02    0.92346E-06
    0.14435E+02    0.88371E-06
    0.14727E+02    0.84588E-06
    0.15024E+02    0.80931E-06
    0.15328E+02    0.77381E-06
    0.15637E+02    0.73956E-06
    0.15953E+02    0.70669E-06
    0.16275E+02    0.67532E-06
    0.16604E+02    0.64551E-06
    0.16940E+02    0.61722E-06
    0.17282E+02    0.59030E-06
    0.17631E+02    0.56462E-06
    0.17987E+02    0.54005E-06
    0.18351E+02    0.51648E-06
    0.18721E+02    0.49387E-06
    0.19099E+02    0.47219E-06
    0.19485E+02    0.45143E-06
    0.19879E+02    0.43156E-06
