    0.10000E-03    0.32766E+03
    0.10202E-03    0.33417E+03
    0.10408E-03    0.34082E+03
    0.10618E-03    0.34759E+03
    0.10833E-03    0.35451E+03
    0.11052E-03    0.36157E+03
    0.11275E-03    0.36878E+03
    0.11503E-03    0.37614E+03
    0.11735E-03    0.38365E+03
    0.11972E-03    0.39131E+03
    0.12214E-03    0.39913E+03
    0.12461E-03    0.40712E+03
    0.12712E-03    0.41527E+03
    0.12969E-03    0.42359E+03
    0.13231E-03    0.43209E+03
    0.13499E-03    0.44077E+03
    0.13771E-03    0.44962E+03
    0.14049E-03    0.45867E+03
    0.14333E-03    0.46790E+03
    0.14623E-03    0.47733E+03
    0.14918E-03    0.48696E+03
    0.15220E-03    0.49679E+03
    0.15527E-03    0.50683E+03
    0.15841E-03    0.51708E+03
    0.16161E-03    0.52755E+03
    0.16487E-03    0.53824E+03
    0.16820E-03    0.54916E+03
    0.17160E-03    0.56032E+03
    0.17507E-03    0.57171E+03
    0.17860E-03    0.58335E+03
    0.18221E-03    0.59523E+03
    0.18589E-03    0.60737E+03
    0.18965E-03    0.61977E+03
    0.19348E-03    0.63244E+03
    0.19739E-03    0.64538E+03
    0.20138E-03    0.65859E+03
    0.20544E-03    0.67209E+03
    0.20959E-03    0.68588E+03
    0.21383E-03    0.69997E+03
    0.21815E-03    0.71436E+03
    0.22255E-03    0.72905E+03
    0.22705E-03    0.74406E+03
    0.23164E-03    0.75940E+03
    0.23632E-03    0.77506E+03
    0.24109E-03    0.79105E+03
    0.24596E-03    0.80738E+03
    0.25093E-03    0.82407E+03
    0.25600E-03    0.84110E+03
    0.26117E-03    0.85850E+03
    0.26645E-03    0.87626E+03
    0.27183E-03    0.89439E+03
    0.27732E-03    0.91290E+03
    0.28292E-03    0.93180E+03
    0.28864E-03    0.95109E+03
    0.29447E-03    0.97077E+03
    0.30042E-03    0.99086E+03
    0.30649E-03    0.10114E+04
    0.31268E-03    0.10323E+04
    0.31899E-03    0.10536E+04
    0.32544E-03    0.10754E+04
    0.33201E-03    0.10975E+04
    0.33872E-03    0.11202E+04
    0.34556E-03    0.11432E+04
    0.35254E-03    0.11667E+04
    0.35966E-03    0.11906E+04
    0.36693E-03    0.12150E+04
    0.37434E-03    0.12399E+04
    0.38190E-03    0.12652E+04
    0.38962E-03    0.12909E+04
    0.39749E-03    0.13171E+04
    0.40552E-03    0.13438E+04
    0.41371E-03    0.13709E+04
    0.42207E-03    0.13985E+04
    0.43060E-03    0.14265E+04
    0.43929E-03    0.14550E+04
    0.44817E-03    0.14840E+04
    0.45722E-03    0.15134E+04
    0.46646E-03    0.15432E+04
    0.47588E-03    0.15735E+04
    0.48550E-03    0.16043E+04
    0.49530E-03    0.16355E+04
    0.50531E-03    0.16671E+04
    0.51552E-03    0.16991E+04
    0.52593E-03    0.17316E+04
    0.53656E-03    0.17645E+04
    0.54739E-03    0.17978E+04
    0.55845E-03    0.18315E+04
    0.56973E-03    0.18656E+04
    0.58124E-03    0.19001E+04
    0.59299E-03    0.19350E+04
    0.60496E-03    0.19703E+04
    0.61719E-03    0.20059E+04
    0.62965E-03    0.20419E+04
    0.64237E-03    0.20782E+04
    0.65535E-03    0.21149E+04
    0.66859E-03    0.21519E+04
    0.68210E-03    0.21892E+04
    0.69588E-03    0.22268E+04
    0.70993E-03    0.22648E+04
    0.72427E-03    0.23030E+04
    0.73891E-03    0.23416E+04
    0.75383E-03    0.23804E+04
    0.76906E-03    0.24195E+04
    0.78460E-03    0.24589E+04
    0.80045E-03    0.24985E+04
    0.81662E-03    0.25384E+04
    0.83311E-03    0.25786E+04
    0.84994E-03    0.26190E+04
    0.86711E-03    0.26597E+04
    0.88463E-03    0.27006E+04
    0.90250E-03    0.27418E+04
    0.92073E-03    0.27833E+04
    0.93933E-03    0.28250E+04
    0.95831E-03    0.28669E+04
    0.97767E-03    0.29091E+04
    0.99742E-03    0.29516E+04
    0.10176E-02    0.29943E+04
    0.10381E-02    0.30373E+04
    0.10591E-02    0.30805E+04
    0.10805E-02    0.31241E+04
    0.11023E-02    0.31679E+04
    0.11246E-02    0.32120E+04
    0.11473E-02    0.32564E+04
    0.11705E-02    0.33011E+04
    0.11941E-02    0.33462E+04
    0.12182E-02    0.33915E+04
    0.12429E-02    0.34372E+04
    0.12680E-02    0.34833E+04
    0.12936E-02    0.35297E+04
    0.13197E-02    0.35765E+04
    0.13464E-02    0.36236E+04
    0.13736E-02    0.36711E+04
    0.14013E-02    0.37191E+04
    0.14296E-02    0.37674E+04
    0.14585E-02    0.38161E+04
    0.14880E-02    0.38653E+04
    0.15180E-02    0.39149E+04
    0.15487E-02    0.39649E+04
    0.15800E-02    0.40154E+04
    0.16119E-02    0.40664E+04
    0.16445E-02    0.41178E+04
    0.16777E-02    0.41697E+04
    0.17116E-02    0.42221E+04
    0.17462E-02    0.42750E+04
    0.17814E-02    0.43284E+04
    0.18174E-02    0.43822E+04
    0.18541E-02    0.44366E+04
    0.18916E-02    0.44915E+04
    0.19298E-02    0.45469E+04
    0.19688E-02    0.46028E+04
    0.20086E-02    0.46593E+04
    0.20491E-02    0.47163E+04
    0.20905E-02    0.47738E+04
    0.21328E-02    0.48318E+04
    0.21758E-02    0.48904E+04
    0.22198E-02    0.49495E+04
    0.22646E-02    0.50091E+04
    0.23104E-02    0.50693E+04
    0.23571E-02    0.51300E+04
    0.24047E-02    0.51912E+04
    0.24533E-02    0.52530E+04
    0.25028E-02    0.53153E+04
    0.25534E-02    0.53781E+04
    0.26050E-02    0.54414E+04
    0.26576E-02    0.55052E+04
    0.27113E-02    0.55695E+04
    0.27660E-02    0.56343E+04
    0.28219E-02    0.56997E+04
    0.28789E-02    0.57655E+04
    0.29371E-02    0.58317E+04
    0.29964E-02    0.58985E+04
    0.30569E-02    0.59657E+04
    0.31187E-02    0.60333E+04
    0.31817E-02    0.61014E+04
    0.32460E-02    0.61699E+04
    0.33115E-02    0.62389E+04
    0.33784E-02    0.63082E+04
    0.34467E-02    0.63780E+04
    0.35163E-02    0.64480E+04
    0.35874E-02    0.65185E+04
    0.36598E-02    0.65893E+04
    0.37338E-02    0.66604E+04
    0.38092E-02    0.67318E+04
    0.38861E-02    0.68035E+04
    0.39646E-02    0.68755E+04
    0.40447E-02    0.69478E+04
    0.41264E-02    0.70204E+04
    0.42098E-02    0.70932E+04
    0.42948E-02    0.71663E+04
    0.43816E-02    0.72395E+04
    0.44701E-02    0.73128E+04
    0.45604E-02    0.73862E+04
    0.46525E-02    0.74596E+04
    0.47465E-02    0.75330E+04
    0.48424E-02    0.76065E+04
    0.49402E-02    0.76799E+04
    0.50400E-02    0.77534E+04
    0.51419E-02    0.78267E+04
    0.52457E-02    0.79000E+04
    0.53517E-02    0.79732E+04
    0.54598E-02    0.80462E+04
    0.55701E-02    0.81190E+04
    0.56826E-02    0.81916E+04
    0.57974E-02    0.82639E+04
    0.59145E-02    0.83359E+04
    0.60340E-02    0.84076E+04
    0.61559E-02    0.84788E+04
    0.62803E-02    0.85497E+04
    0.64072E-02    0.86200E+04
    0.65366E-02    0.86899E+04
    0.66686E-02    0.87592E+04
    0.68033E-02    0.88279E+04
    0.69408E-02    0.88959E+04
    0.70810E-02    0.89632E+04
    0.72240E-02    0.90298E+04
    0.73700E-02    0.90955E+04
    0.75189E-02    0.91604E+04
    0.76708E-02    0.92244E+04
    0.78257E-02    0.92874E+04
    0.79838E-02    0.93493E+04
    0.81451E-02    0.94102E+04
    0.83096E-02    0.94699E+04
    0.84775E-02    0.95284E+04
    0.86488E-02    0.95857E+04
    0.88235E-02    0.96416E+04
    0.90017E-02    0.96961E+04
    0.91836E-02    0.97491E+04
    0.93691E-02    0.98006E+04
    0.95583E-02    0.98505E+04
    0.97514E-02    0.98987E+04
    0.99484E-02    0.99452E+04
    0.10149E-01    0.99898E+04
    0.10354E-01    0.10033E+05
    0.10564E-01    0.10073E+05
    0.10777E-01    0.10112E+05
    0.10995E-01    0.10149E+05
    0.11217E-01    0.10183E+05
    0.11443E-01    0.10215E+05
    0.11675E-01    0.10245E+05
    0.11910E-01    0.10272E+05
    0.12151E-01    0.10297E+05
    0.12397E-01    0.10319E+05
    0.12647E-01    0.10339E+05
    0.12902E-01    0.10355E+05
    0.13163E-01    0.10369E+05
    0.13429E-01    0.10380E+05
    0.13700E-01    0.10388E+05
    0.13977E-01    0.10393E+05
    0.14259E-01    0.10395E+05
    0.14547E-01    0.10393E+05
    0.14841E-01    0.10387E+05
    0.15141E-01    0.10377E+05
    0.15447E-01    0.10364E+05
    0.15759E-01    0.10348E+05
    0.16077E-01    0.10329E+05
    0.16402E-01    0.10310E+05
    0.16734E-01    0.10288E+05
    0.17072E-01    0.10265E+05
    0.17416E-01    0.10238E+05
    0.17768E-01    0.10206E+05
    0.18127E-01    0.10168E+05
    0.18493E-01    0.10124E+05
    0.18867E-01    0.10075E+05
    0.19248E-01    0.10020E+05
    0.19637E-01    0.99608E+04
    0.20034E-01    0.98982E+04
    0.20438E-01    0.98324E+04
    0.20851E-01    0.97628E+04
    0.21272E-01    0.96886E+04
    0.21702E-01    0.96093E+04
    0.22141E-01    0.95242E+04
    0.22588E-01    0.94333E+04
    0.23044E-01    0.93371E+04
    0.23510E-01    0.92366E+04
    0.23985E-01    0.91325E+04
    0.24469E-01    0.90256E+04
    0.24964E-01    0.89164E+04
    0.25468E-01    0.88050E+04
    0.25982E-01    0.86914E+04
    0.26507E-01    0.85757E+04
    0.27043E-01    0.84579E+04
    0.27589E-01    0.83380E+04
    0.28146E-01    0.82156E+04
    0.28715E-01    0.80906E+04
    0.29295E-01    0.79626E+04
    0.29887E-01    0.78315E+04
    0.30490E-01    0.76974E+04
    0.31106E-01    0.75611E+04
    0.31735E-01    0.74231E+04
    0.32376E-01    0.72844E+04
    0.33030E-01    0.71455E+04
    0.33697E-01    0.70069E+04
    0.34378E-01    0.68689E+04
    0.35072E-01    0.67316E+04
    0.35781E-01    0.65954E+04
    0.36504E-01    0.64603E+04
    0.37241E-01    0.63265E+04
    0.37993E-01    0.61944E+04
    0.38761E-01    0.60643E+04
    0.39544E-01    0.59364E+04
    0.40343E-01    0.58109E+04
    0.41158E-01    0.56882E+04
    0.41989E-01    0.55686E+04
    0.42838E-01    0.54523E+04
    0.43703E-01    0.53396E+04
    0.44586E-01    0.52307E+04
    0.45486E-01    0.51259E+04
    0.46405E-01    0.50252E+04
    0.47343E-01    0.49289E+04
    0.48299E-01    0.48371E+04
    0.49275E-01    0.47497E+04
    0.50270E-01    0.46669E+04
    0.51286E-01    0.45884E+04
    0.52322E-01    0.45139E+04
    0.53379E-01    0.44433E+04
    0.54457E-01    0.43763E+04
    0.55557E-01    0.43124E+04
    0.56680E-01    0.42511E+04
    0.57825E-01    0.41919E+04
    0.58993E-01    0.41344E+04
    0.60184E-01    0.40780E+04
    0.61400E-01    0.40223E+04
    0.62641E-01    0.39669E+04
    0.63906E-01    0.39112E+04
    0.65197E-01    0.38545E+04
    0.66514E-01    0.37963E+04
    0.67858E-01    0.37361E+04
    0.69229E-01    0.36739E+04
    0.70627E-01    0.36098E+04
    0.72054E-01    0.35438E+04
    0.73510E-01    0.34748E+04
    0.74994E-01    0.34014E+04
    0.76509E-01    0.33225E+04
    0.78055E-01    0.32384E+04
    0.79632E-01    0.31500E+04
    0.81241E-01    0.30584E+04
    0.82882E-01    0.29640E+04
    0.84556E-01    0.28676E+04
    0.86264E-01    0.27697E+04
    0.88007E-01    0.26714E+04
    0.89785E-01    0.25734E+04
    0.91598E-01    0.24767E+04
    0.93449E-01    0.23820E+04
    0.95337E-01    0.22902E+04
    0.97263E-01    0.22023E+04
    0.99227E-01    0.21192E+04
    0.10123E+00    0.20415E+04
    0.10328E+00    0.19699E+04
    0.10536E+00    0.19048E+04
    0.10749E+00    0.18468E+04
    0.10966E+00    0.17956E+04
    0.11188E+00    0.17508E+04
    0.11414E+00    0.17118E+04
    0.11644E+00    0.16779E+04
    0.11880E+00    0.16476E+04
    0.12120E+00    0.16196E+04
    0.12365E+00    0.15928E+04
    0.12614E+00    0.15656E+04
    0.12869E+00    0.15369E+04
    0.13129E+00    0.15058E+04
    0.13394E+00    0.14716E+04
    0.13665E+00    0.14337E+04
    0.13941E+00    0.13917E+04
    0.14223E+00    0.13456E+04
    0.14510E+00    0.12958E+04
    0.14803E+00    0.12431E+04
    0.15102E+00    0.11889E+04
    0.15407E+00    0.11348E+04
    0.15718E+00    0.10823E+04
    0.16036E+00    0.10327E+04
    0.16360E+00    0.98730E+03
    0.16690E+00    0.94672E+03
    0.17028E+00    0.91137E+03
    0.17371E+00    0.88114E+03
    0.17722E+00    0.85564E+03
    0.18080E+00    0.83414E+03
    0.18446E+00    0.81560E+03
    0.18818E+00    0.79866E+03
    0.19198E+00    0.78183E+03
    0.19586E+00    0.76365E+03
    0.19982E+00    0.74310E+03
    0.20386E+00    0.71961E+03
    0.20797E+00    0.69319E+03
    0.21218E+00    0.66445E+03
    0.21646E+00    0.63449E+03
    0.22083E+00    0.60464E+03
    0.22530E+00    0.57616E+03
    0.22985E+00    0.55014E+03
    0.23449E+00    0.52723E+03
    0.23923E+00    0.50766E+03
    0.24406E+00    0.49116E+03
    0.24899E+00    0.47703E+03
    0.25402E+00    0.46424E+03
    0.25915E+00    0.45155E+03
    0.26439E+00    0.43798E+03
    0.26973E+00    0.42316E+03
    0.27518E+00    0.40694E+03
    0.28074E+00    0.38964E+03
    0.28641E+00    0.37202E+03
    0.29219E+00    0.35503E+03
    0.29810E+00    0.33950E+03
    0.30412E+00    0.32583E+03
    0.31026E+00    0.31392E+03
    0.31653E+00    0.30333E+03
    0.32292E+00    0.29349E+03
    0.32945E+00    0.28369E+03
    0.33610E+00    0.27345E+03
    0.34289E+00    0.26263E+03
    0.34982E+00    0.25149E+03
    0.35689E+00    0.24048E+03
    0.36409E+00    0.23009E+03
    0.37145E+00    0.22059E+03
    0.37895E+00    0.21207E+03
    0.38661E+00    0.20427E+03
    0.39442E+00    0.19677E+03
    0.40239E+00    0.18927E+03
    0.41052E+00    0.18165E+03
    0.41881E+00    0.17400E+03
    0.42727E+00    0.16656E+03
    0.43590E+00    0.15955E+03
    0.44471E+00    0.15305E+03
    0.45369E+00    0.14694E+03
    0.46286E+00    0.14116E+03
    0.47221E+00    0.13548E+03
    0.48174E+00    0.12985E+03
    0.49148E+00    0.12435E+03
    0.50141E+00    0.11908E+03
    0.51153E+00    0.11409E+03
    0.52187E+00    0.10937E+03
    0.53241E+00    0.10487E+03
    0.54317E+00    0.10050E+03
    0.55414E+00    0.96248E+02
    0.56533E+00    0.92154E+02
    0.57675E+00    0.88242E+02
    0.58840E+00    0.84497E+02
    0.60029E+00    0.80906E+02
    0.61242E+00    0.77456E+02
    0.62479E+00    0.74142E+02
    0.63741E+00    0.70957E+02
    0.65029E+00    0.67897E+02
    0.66342E+00    0.64955E+02
    0.67683E+00    0.62128E+02
    0.69050E+00    0.59413E+02
    0.70445E+00    0.56808E+02
    0.71868E+00    0.54311E+02
    0.73320E+00    0.51919E+02
    0.74801E+00    0.49629E+02
    0.76312E+00    0.47437E+02
    0.77854E+00    0.45338E+02
    0.79426E+00    0.43326E+02
    0.81031E+00    0.41398E+02
    0.82668E+00    0.39549E+02
    0.84338E+00    0.37775E+02
    0.86041E+00    0.36074E+02
    0.87780E+00    0.34441E+02
    0.89553E+00    0.32873E+02
    0.91362E+00    0.31369E+02
    0.93208E+00    0.29925E+02
    0.95091E+00    0.28541E+02
    0.97011E+00    0.27216E+02
    0.98971E+00    0.25946E+02
    0.10097E+01    0.24732E+02
    0.10301E+01    0.23571E+02
    0.10509E+01    0.22459E+02
    0.10721E+01    0.21396E+02
    0.10938E+01    0.20378E+02
    0.11159E+01    0.19404E+02
    0.11384E+01    0.18470E+02
    0.11614E+01    0.17575E+02
    0.11849E+01    0.16716E+02
    0.12088E+01    0.15890E+02
    0.12333E+01    0.15096E+02
    0.12582E+01    0.14333E+02
    0.12836E+01    0.13601E+02
    0.13095E+01    0.12899E+02
    0.13360E+01    0.12228E+02
    0.13630E+01    0.11586E+02
    0.13905E+01    0.10973E+02
    0.14186E+01    0.10384E+02
    0.14472E+01    0.98199E+01
    0.14765E+01    0.92776E+01
    0.15063E+01    0.87562E+01
    0.15367E+01    0.82550E+01
    0.15678E+01    0.77738E+01
    0.15994E+01    0.73124E+01
    0.16318E+01    0.68702E+01
    0.16647E+01    0.64470E+01
    0.16984E+01    0.60415E+01
    0.17327E+01    0.56524E+01
    0.17677E+01    0.52786E+01
    0.18034E+01    0.49192E+01
    0.18398E+01    0.45737E+01
    0.18770E+01    0.42422E+01
    0.19149E+01    0.39251E+01
    0.19536E+01    0.36227E+01
    0.19930E+01    0.33352E+01
    0.20333E+01    0.30623E+01
    0.20744E+01    0.28022E+01
    0.21163E+01    0.25530E+01
    0.21590E+01    0.23134E+01
    0.22026E+01    0.20828E+01
    0.22471E+01    0.18616E+01
    0.22925E+01    0.16532E+01
    0.23388E+01    0.14610E+01
    0.23861E+01    0.12869E+01
    0.24343E+01    0.11315E+01
    0.24835E+01    0.99398E+00
    0.25336E+01    0.86702E+00
    0.25848E+01    0.74394E+00
    0.26370E+01    0.62203E+00
    0.26903E+01    0.50208E+00
    0.27447E+01    0.38863E+00
    0.28001E+01    0.29308E+00
    0.28567E+01    0.22120E+00
    0.29144E+01    0.17161E+00
    0.29733E+01    0.14060E+00
    0.30333E+01    0.12354E+00
    0.30946E+01    0.10787E+00
    0.31571E+01    0.82961E-01
    0.32209E+01    0.49796E-01
    0.32860E+01    0.20669E-01
    0.33523E+01    0.53967E-02
    0.34201E+01    0.99695E-03
    0.34892E+01    0.16245E-03
    0.35596E+01    0.29129E-04
    0.36316E+01    0.71699E-05
    0.37049E+01    0.29558E-05
    0.37798E+01    0.20790E-05
    0.38561E+01    0.23290E-05
    0.39340E+01    0.38768E-05
    0.40135E+01    0.89457E-05
    0.40946E+01    0.26586E-04
    0.41773E+01    0.91429E-04
    0.42617E+01    0.32158E-03
    0.43478E+01    0.10224E-02
    0.44356E+01    0.25971E-02
    0.45252E+01    0.47229E-02
    0.46166E+01    0.61626E-02
    0.47099E+01    0.61044E-02
    0.48050E+01    0.48587E-02
    0.49021E+01    0.32889E-02
    0.50011E+01    0.20051E-02
    0.51021E+01    0.11716E-02
    0.52052E+01    0.69986E-03
    0.53104E+01    0.45582E-03
    0.54176E+01    0.34525E-03
    0.55271E+01    0.32066E-03
    0.56387E+01    0.35075E-03
    0.57526E+01    0.41483E-03
    0.58689E+01    0.48683E-03
    0.59874E+01    0.52029E-03
    0.61084E+01    0.47031E-03
    0.62318E+01    0.36775E-03
    0.63577E+01    0.26656E-03
    0.64861E+01    0.19199E-03
    0.66171E+01    0.14729E-03
    0.67508E+01    0.12786E-03
    0.68872E+01    0.12399E-03
    0.70263E+01    0.12798E-03
    0.71682E+01    0.13395E-03
    0.73130E+01    0.13540E-03
    0.74608E+01    0.12666E-03
    0.76115E+01    0.10993E-03
    0.77653E+01    0.90761E-04
    0.79221E+01    0.73088E-04
    0.80822E+01    0.58860E-04
    0.82454E+01    0.48496E-04
    0.84120E+01    0.41046E-04
    0.85819E+01    0.35512E-04
    0.87553E+01    0.31249E-04
    0.89322E+01    0.27829E-04
    0.91126E+01    0.24959E-04
    0.92967E+01    0.22453E-04
    0.94845E+01    0.20188E-04
    0.96761E+01    0.18075E-04
    0.98716E+01    0.16058E-04
    0.10071E+02    0.14114E-04
    0.10274E+02    0.12307E-04
    0.10482E+02    0.10705E-04
    0.10694E+02    0.93399E-05
    0.10910E+02    0.82188E-05
    0.11130E+02    0.73288E-05
    0.11355E+02    0.66112E-05
    0.11584E+02    0.60046E-05
    0.11818E+02    0.54646E-05
    0.12057E+02    0.49592E-05
    0.12301E+02    0.44686E-05
    0.12549E+02    0.39975E-05
    0.12803E+02    0.35566E-05
    0.13061E+02    0.31529E-05
    0.13325E+02    0.27901E-05
    0.13594E+02    0.24690E-05
    0.13869E+02    0.21865E-05
    0.14149E+02    0.19383E-05
    0.14435E+02    0.17207E-05
    0.14727E+02    0.15300E-05
    0.15024E+02    0.13634E-05
    0.15328E+02    0.12190E-05
    0.15637E+02    0.10953E-05
    0.15953E+02    0.99067E-06
    0.16275E+02    0.90340E-06
    0.16604E+02    0.83151E-06
    0.16940E+02    0.77002E-06
    0.17282E+02    0.71367E-06
    0.17631E+02    0.65849E-06
    0.17987E+02    0.60169E-06
    0.18351E+02    0.54208E-06
    0.18721E+02    0.48299E-06
    0.19099E+02    0.42843E-06
    0.19485E+02    0.38088E-06
    0.19879E+02    0.34161E-06
    0.20280E+02    0.31094E-06
    0.20690E+02    0.28712E-06
    0.21108E+02    0.26806E-06
    0.21535E+02    0.25216E-06
    0.21970E+02    0.23821E-06
