7.389889999999999816e-05 3.164667427687884924e+02 3.164635368654567174e+02
1.218389999999999968e-04 5.128521605186300576e+02 5.128521605187074783e+02
2.008780000000000103e-04 8.307731013881893887e+02 8.307731013881798390e+02
3.311920000000000098e-04 1.344415612016103978e+03 1.344401975618263350e+03
5.460429999999999624e-04 2.170060990667661827e+03 2.170060990636795850e+03
9.002730000000000454e-04 3.482916632719592599e+03 3.482922530592509247e+03
1.484300000000000029e-03 5.527214551538396336e+03 5.527233468770648869e+03
2.447200000000000070e-03 8.588217817272077809e+03 8.588232333339563411e+03
4.034740000000000201e-03 1.285702624244392609e+04 1.285714154587830490e+04
4.571959999999999913e-03 1.410189798985975358e+04 1.410186842826882639e+04
5.180709999999999829e-03 1.540119756071538359e+04 1.540116370000514507e+04
5.870519999999999732e-03 1.673906760129741087e+04 1.673906086112609046e+04
6.652169999999999785e-03 1.809470798853576707e+04 1.809484036602879496e+04
7.537890000000000215e-03 1.944068158863093049e+04 1.944082429275848335e+04
8.541550000000000184e-03 2.074292881567088261e+04 2.074320974857098918e+04
9.678849999999999260e-03 2.195950987207338767e+04 2.195981088376478147e+04
1.096759999999999922e-02 2.304094555244612638e+04 2.304116249799850993e+04
1.242790000000000041e-02 2.392981569689717799e+04 2.393025892529592238e+04
1.408260000000000067e-02 2.456228541609767490e+04 2.456286396740502096e+04
1.595769999999999827e-02 2.487230397324404839e+04 2.487296140206927885e+04
1.808250000000000135e-02 2.479602877399424688e+04 2.479716219694435858e+04
2.049010000000000067e-02 2.428270049800948618e+04 2.428376985096017961e+04
2.321830000000000074e-02 2.330744574554863721e+04 2.330848389397536084e+04
2.630980000000000124e-02 2.188843418317666510e+04 2.188986226496694144e+04
2.981289999999999982e-02 2.010352274264627704e+04 2.010496345454743641e+04
3.378250000000000003e-02 1.809765024779929809e+04 1.809896417066736831e+04
3.828059999999999796e-02 1.628442406591371400e+04 1.628538239463912578e+04
4.337760000000000227e-02 1.445011875897282698e+04 1.445032207444345840e+04
4.915320000000000106e-02 1.284513611859783668e+04 1.284420098674333531e+04
5.569790000000000157e-02 1.181397110754199093e+04 1.180106856661343409e+04
6.311400000000000343e-02 1.091691190399817788e+04 1.090870754172627130e+04
7.050389999999999435e-02 9.981864473561019622e+03 9.983150818996244197e+03
7.789379999999999915e-02 8.985719630996400156e+03 8.976552215158348190e+03
8.528370000000000395e-02 7.840981694939880981e+03 7.833015195646428765e+03
9.267359999999999487e-02 6.777592901751863792e+03 6.771153059224327080e+03
1.000629999999999992e-01 5.955121401505658469e+03 5.945308342470613752e+03
1.074530000000000068e-01 5.396746255648040460e+03 5.387106596432377955e+03
1.148430000000000006e-01 5.043595160943252267e+03 5.035117632686949946e+03
1.222329999999999944e-01 4.796612405860731997e+03 4.786186560894931063e+03
1.296229999999999882e-01 4.548234065688277042e+03 4.537620712941896272e+03
1.370129999999999959e-01 4.240037640370855115e+03 4.230514185452409038e+03
1.444030000000000036e-01 3.880007305447473300e+03 3.869486305770748913e+03
1.517930000000000113e-01 3.512616257957485232e+03 3.501758957802517671e+03
1.591829999999999912e-01 3.193979347643691654e+03 3.183891714550313282e+03
1.665719999999999978e-01 2.957511265087074207e+03 2.946977654856447316e+03
1.739620000000000055e-01 2.794808816680613745e+03 2.783961315751591428e+03
1.813520000000000132e-01 2.678259861592367542e+03 2.668008021644575820e+03
1.887419999999999931e-01 2.577395854087772022e+03 2.566857119261258049e+03
1.961320000000000008e-01 2.464385154373522710e+03 2.453520265918675250e+03
2.035220000000000085e-01 2.329901217353733500e+03 2.319427833061040928e+03
2.109119999999999884e-01 2.183950012177720055e+03 2.173451987696551441e+03
2.183019999999999960e-01 2.043052166911195172e+03 2.032381897429791479e+03
2.315280000000000116e-01 1.846848230127163561e+03 1.836502252821961065e+03
2.455559999999999965e-01 1.717162732444028507e+03 1.706689550100141787e+03
2.604339999999999988e-01 1.602591511700369665e+03 1.592179626302437782e+03
2.762129999999999863e-01 1.462382590825433454e+03 1.452176097629463584e+03
2.929479999999999862e-01 1.328090154689712563e+03 1.317936169397060894e+03
3.106970000000000010e-01 1.230355405629423785e+03 1.220279886292275251e+03
3.295219999999999816e-01 1.143570941718778613e+03 1.133641327851557890e+03
3.494869999999999921e-01 1.050213196686463789e+03 1.040439110752527085e+03
3.706619999999999915e-01 9.712863754923941997e+02 9.616728088348077108e+02
3.931189999999999962e-01 9.051311605488475607e+02 8.956713006176323688e+02
4.169379999999999753e-01 8.395845403914510143e+02 8.303060116142559082e+02
4.421990000000000087e-01 7.827544441915492826e+02 7.736733669218206160e+02
6.171389999999999931e-01 5.497797304190943350e+02 5.420856656212399685e+02
8.612859999999999960e-01 4.099582588552856919e+02 4.040103882009221934e+02
1.202020000000000088e+00 3.090042712732459904e+02 3.049323679791739892e+02
1.677559999999999940e+00 2.207555967432409716e+02 2.184533644448271446e+02
2.341219999999999857e+00 1.425105895517233705e+02 1.416407795533120293e+02
3.267430000000000057e+00 8.296935836730598623e+01 8.293238610312600656e+01
4.560069999999999624e+00 4.525733825582913994e+01 4.534655899134492785e+01
6.364090000000000025e+00 2.360534494535564320e+01 2.373309390215838022e+01
