7.389889999999999816e-05 3.164635368654562626e+02 3.164635368654567174e+02
1.218389999999999968e-04 5.128521605187060004e+02 5.128521605187074783e+02
2.008780000000000103e-04 8.307731013881759736e+02 8.307731013881798390e+02
3.311920000000000098e-04 1.344401975618271763e+03 1.344401975618263350e+03
5.460429999999999624e-04 2.170060990637011855e+03 2.170060990636795850e+03
9.002730000000000454e-04 3.482916958478351717e+03 3.482922530592509247e+03
1.484300000000000029e-03 5.527206658267270541e+03 5.527233468770648869e+03
2.447200000000000070e-03 8.588223608670079557e+03 8.588232333339563411e+03
4.034740000000000201e-03 1.285702599049016499e+04 1.285714154587830490e+04
4.571959999999999913e-03 1.410193084314036787e+04 1.410186842826882639e+04
5.180709999999999829e-03 1.540109656610514321e+04 1.540116370000514507e+04
5.870519999999999732e-03 1.673913063317722845e+04 1.673906086112609046e+04
6.652169999999999785e-03 1.809479678901006264e+04 1.809484036602879496e+04
7.537890000000000215e-03 1.944080459670882919e+04 1.944082429275848335e+04
8.541550000000000184e-03 2.074309823279494958e+04 2.074320974857098918e+04
9.678849999999999260e-03 2.195973988588407883e+04 2.195981088376478147e+04
1.096759999999999922e-02 2.304125495048588709e+04 2.304116249799850993e+04
1.242790000000000041e-02 2.393023134446355471e+04 2.393025892529592238e+04
1.408260000000000067e-02 2.456283011608457309e+04 2.456286396740502096e+04
1.595769999999999827e-02 2.487300347450341724e+04 2.487296140206927885e+04
1.808250000000000135e-02 2.479690998108785061e+04 2.479716219694435858e+04
2.049010000000000067e-02 2.428377649778340492e+04 2.428376985096017961e+04
2.321830000000000074e-02 2.330870454807883289e+04 2.330848389397536084e+04
2.630980000000000124e-02 2.188986494032240807e+04 2.188986226496694144e+04
2.981289999999999982e-02 2.010498439332401904e+04 2.010496345454743641e+04
3.378250000000000003e-02 1.809893298972139746e+04 1.809896417066736831e+04
3.828059999999999796e-02 1.628536123989408043e+04 1.628538239463912578e+04
4.337760000000000227e-02 1.445031119736328765e+04 1.445032207444345840e+04
4.915320000000000106e-02 1.284417139294435947e+04 1.284420098674333531e+04
5.569790000000000157e-02 1.180108299168347003e+04 1.180106856661343409e+04
6.311400000000000343e-02 1.090873755975235508e+04 1.090870754172627130e+04
7.050389999999999435e-02 9.983207454420604336e+03 9.983150818996244197e+03
7.789379999999999915e-02 8.976616535844364989e+03 8.976552215158348190e+03
8.528370000000000395e-02 7.833083288580622138e+03 7.833015195646428765e+03
9.267359999999999487e-02 6.771237744476496118e+03 6.771153059224327080e+03
1.000629999999999992e-01 5.945385107186900314e+03 5.945308342470613752e+03
1.074530000000000068e-01 5.387196590087873119e+03 5.387106596432377955e+03
1.148430000000000006e-01 5.035220216362269639e+03 5.035117632686949946e+03
1.222329999999999944e-01 4.786307831893323964e+03 4.786186560894931063e+03
1.296229999999999882e-01 4.537692718672798946e+03 4.537620712941896272e+03
1.370129999999999959e-01 4.230584540160584766e+03 4.230514185452409038e+03
1.444030000000000036e-01 3.869582085553489378e+03 3.869486305770748913e+03
1.517930000000000113e-01 3.501837890124881596e+03 3.501758957802517671e+03
1.591829999999999912e-01 3.184000190558292161e+03 3.183891714550313282e+03
1.665719999999999978e-01 2.947076917142946058e+03 2.946977654856447316e+03
1.739620000000000055e-01 2.784066587525139312e+03 2.783961315751591428e+03
1.813520000000000132e-01 2.668078563909630702e+03 2.668008021644575820e+03
1.887419999999999931e-01 2.566986276530486521e+03 2.566857119261258049e+03
1.961320000000000008e-01 2.453629032419861232e+03 2.453520265918675250e+03
2.035220000000000085e-01 2.319526186234244506e+03 2.319427833061040928e+03
2.109119999999999884e-01 2.173562146823328476e+03 2.173451987696551441e+03
2.183019999999999960e-01 2.032476525848051779e+03 2.032381897429791479e+03
2.315280000000000116e-01 1.836596460031368451e+03 1.836502252821961065e+03
2.455559999999999965e-01 1.706786583876859595e+03 1.706689550100141787e+03
2.604339999999999988e-01 1.592273588606457452e+03 1.592179626302437782e+03
2.762129999999999863e-01 1.452270255779202444e+03 1.452176097629463584e+03
2.929479999999999862e-01 1.318027101600532433e+03 1.317936169397060894e+03
3.106970000000000010e-01 1.220372011238200912e+03 1.220279886292275251e+03
3.295219999999999816e-01 1.133730706736150978e+03 1.133641327851557890e+03
3.494869999999999921e-01 1.040529254989248102e+03 1.040439110752527085e+03
3.706619999999999915e-01 9.617603318488874038e+02 9.616728088348077108e+02
3.931189999999999962e-01 8.957575865510664244e+02 8.956713006176323688e+02
4.169379999999999753e-01 8.303917403308176972e+02 8.303060116142559082e+02
4.421990000000000087e-01 7.737562040426807926e+02 7.736733669218206160e+02
6.171389999999999931e-01 5.421571201972739118e+02 5.420856656212399685e+02
8.612859999999999960e-01 4.040656165408882430e+02 4.040103882009221934e+02
1.202020000000000088e+00 3.049702079975878064e+02 3.049323679791739892e+02
1.677559999999999940e+00 2.184746179121775072e+02 2.184533644448271446e+02
2.341219999999999857e+00 1.416486442044344471e+02 1.416407795533120293e+02
3.267430000000000057e+00 8.293246063648943789e+01 8.293238610312600656e+01
4.560069999999999624e+00 4.534549002143706531e+01 4.534655899134492785e+01
6.364090000000000025e+00 2.373171692869689409e+01 2.373309390215838022e+01
