7.450449999999999792e-05 3.497524178209621368e+02 3.497524178173703149e+02
1.228369999999999896e-04 5.667879311101844451e+02 5.667879310945813813e+02
2.025239999999999875e-04 9.181378943849099414e+02 9.181378943178237932e+02
3.339060000000000248e-04 1.485703536131355122e+03 1.485703535848245792e+03
5.505179999999999492e-04 2.397851541644854024e+03 2.397855446169001425e+03
9.076509999999999873e-04 3.847452781027160654e+03 3.847459075404766736e+03
1.496460000000000021e-03 6.102436752877004437e+03 6.102456938064451606e+03
2.467249999999999825e-03 9.472710733015464939e+03 9.472724535169125375e+03
4.067809999999999829e-03 1.415737657556463637e+04 1.415751955359765452e+04
4.609430000000000298e-03 1.551939128925149089e+04 1.551954671865689488e+04
5.223170000000000070e-03 1.693851260425641158e+04 1.693868126675360691e+04
5.918630000000000245e-03 1.839719111033970330e+04 1.839745157937759359e+04
6.706690000000000394e-03 1.987163976068633201e+04 1.987183244219463086e+04
7.599670000000000210e-03 2.133132144678639088e+04 2.133177835445260280e+04
8.611550000000000801e-03 2.273862710622106897e+04 2.273925568642223516e+04
9.758170000000000038e-03 2.404682760377574232e+04 2.404785419398534214e+04
1.105749999999999962e-02 2.520166150638391264e+04 2.520303627680412319e+04
1.252969999999999952e-02 2.613988314194240593e+04 2.614153204706709585e+04
1.419809999999999996e-02 2.679297703177291623e+04 2.679498979151146341e+04
1.608849999999999864e-02 2.708799513743613352e+04 2.709075525289023426e+04
1.823069999999999899e-02 2.695760098028215361e+04 2.696105388217545624e+04
2.065799999999999928e-02 2.634834174047159104e+04 2.635249324645043816e+04
2.340860000000000163e-02 2.523639938464938677e+04 2.524190751152489247e+04
2.652550000000000047e-02 2.364717334474748714e+04 2.365367803591957636e+04
3.005729999999999860e-02 2.166989774153463077e+04 2.167790710054152805e+04
3.405939999999999662e-02 1.946799670788708681e+04 1.947758502029196097e+04
3.859429999999999805e-02 1.749624145575422517e+04 1.750796092673430030e+04
4.373309999999999698e-02 1.551654186597179614e+04 1.553055222678114660e+04
4.955609999999999876e-02 1.379278507339167845e+04 1.381046712698695592e+04
5.615440000000000015e-02 1.269670433729570686e+04 1.270267125421019409e+04
6.363130000000000175e-02 1.172327182188352344e+04 1.174483405209630655e+04
7.108169999999999766e-02 1.069495760565762612e+04 1.072658826818053785e+04
7.853219999999999645e-02 9.595086574244880467e+03 9.620302519868788295e+03
8.598260000000000625e-02 8.343731591044126617e+03 8.373284650034720471e+03
9.343310000000000504e-02 7.202019844998146255e+03 7.232744941730348728e+03
1.008840000000000015e-01 6.331917122141521759e+03 6.360959806204030428e+03
1.083339999999999997e-01 5.747835059267556971e+03 5.779476038891529242e+03
1.157839999999999980e-01 5.380206883958542676e+03 5.413220293166270494e+03
1.232349999999999973e-01 5.115025408702092136e+03 5.147852910251919639e+03
1.306849999999999956e-01 4.837387191529060146e+03 4.872514653219697720e+03
1.381360000000000088e-01 4.492731517722560056e+03 4.530077493311690887e+03
1.455859999999999932e-01 4.094582157334591102e+03 4.134050485724206737e+03
1.530370000000000064e-01 3.698603544780682114e+03 3.739452729723486300e+03
1.604869999999999908e-01 3.363650558281400663e+03 3.406117209027074750e+03
1.679380000000000039e-01 3.118595121881267460e+03 3.162585275675170578e+03
1.753879999999999884e-01 2.950270546237919916e+03 2.996188123670233381e+03
1.828390000000000015e-01 2.825230985780767696e+03 2.875257328374882945e+03
1.902890000000000137e-01 2.712819560794204790e+03 2.764974472622220219e+03
1.977389999999999981e-01 2.583333377717579879e+03 2.638382810868443357e+03
2.051900000000000113e-01 2.430511557312527657e+03 2.489832453710448135e+03
2.126399999999999957e-01 2.270732044664847763e+03 2.331475868889226604e+03
2.200910000000000089e-01 2.119110284034918550e+03 2.182375142047647842e+03
2.334259999999999946e-01 1.912406882712202105e+03 1.980928429552522175e+03
2.475680000000000103e-01 1.771496806953551868e+03 1.846668990687611313e+03
2.625680000000000236e-01 1.639078192301384661e+03 1.721170083469742622e+03
2.784769999999999746e-01 1.480228229845653914e+03 1.568955699957045681e+03
2.953489999999999727e-01 1.333750215462387359e+03 1.429006879147179234e+03
3.132440000000000224e-01 1.224665779399603480e+03 1.327374089059699600e+03
3.322220000000000173e-01 1.123517243194182583e+03 1.233303860831437760e+03
3.523510000000000253e-01 1.018343155966639529e+03 1.133862699343453642e+03
3.736990000000000034e-01 9.317175039310977809e+02 1.051652289415389532e+03
3.963409999999999989e-01 8.576703042183775096e+02 9.808877094464068023e+02
4.203549999999999787e-01 7.874092157969664640e+02 9.111753474447393728e+02
4.458230000000000248e-01 7.291398326888419206e+02 8.513670241581110076e+02
6.221959999999999713e-01 5.146521313152924222e+02 6.032015849103615892e+02
8.683450000000000335e-01 3.897058908828551580e+02 4.519610128959428152e+02
1.211870000000000003e+00 2.956560286652328955e+02 3.396790003471386399e+02
1.691310000000000091e+00 2.080666875675792085e+02 2.401866275942068967e+02
2.360409999999999897e+00 1.294727112022245876e+02 1.532197471320574493e+02
3.294210000000000083e+00 7.162811739614059547e+01 8.865567023043807637e+01
4.597439999999999749e+00 3.684682165728398218e+01 4.817561418600789125e+01
6.416249999999999787e+00 1.810041865773321490e+01 2.511834317443466347e+01
