7.389889999999999816e-05 3.164663920030954500e+02 3.164635368654567174e+02
1.218389999999999968e-04 5.128507788657999527e+02 5.128521605187074783e+02
2.008780000000000103e-04 8.307644718924556173e+02 8.307731013881794979e+02
3.311920000000000098e-04 1.344374366733424949e+03 1.344401975618263350e+03
5.460429999999999624e-04 2.169926260076969811e+03 2.170060990636796760e+03
9.002730000000000454e-04 3.482313957678467432e+03 3.482922530592504245e+03
1.484300000000000029e-03 5.524699410874149180e+03 5.527233468770618856e+03
2.447200000000000070e-03 8.577962637036134765e+03 8.588232333339386969e+03
4.034740000000000201e-03 1.281654793467612399e+04 1.285714154587721350e+04
4.571959999999999913e-03 1.404520520512858093e+04 1.410186842826708380e+04
5.180709999999999829e-03 1.532149842066663587e+04 1.540116370000236930e+04
5.870519999999999732e-03 1.662748243745828586e+04 1.673906086112164121e+04
6.652169999999999785e-03 1.793795612549696307e+04 1.809484036602167180e+04
7.537890000000000215e-03 1.922080863464807408e+04 1.944082429274699462e+04
8.541550000000000184e-03 2.043339035599962153e+04 2.074320974855247550e+04
9.678849999999999260e-03 2.152267230978246880e+04 2.195981088373480816e+04
1.096759999999999922e-02 2.242268237227011559e+04 2.304116249794992473e+04
1.242790000000000041e-02 2.305345861231041636e+04 2.393025892521698916e+04
1.408260000000000067e-02 2.332430255200617103e+04 2.456286396727657848e+04
1.595769999999999827e-02 2.313787165171526794e+04 2.487296140186004777e+04
1.808250000000000135e-02 2.240962840247344502e+04 2.479716219660333081e+04
2.049010000000000067e-02 2.109811763474565669e+04 2.428376985040450381e+04
2.321830000000000074e-02 1.924909226709736686e+04 2.330848389307134858e+04
2.630980000000000124e-02 1.702342003815591670e+04 2.188986226350140350e+04
2.981289999999999982e-02 1.465597714547144824e+04 2.010496345218716306e+04
3.378250000000000003e-02 1.235818177868969724e+04 1.809896416690857586e+04
3.828059999999999796e-02 1.042911236244065913e+04 1.628538238876061223e+04
4.337760000000000227e-02 8.677532481611688127e+03 1.445032206550371666e+04
4.915320000000000106e-02 7.264836244776638523e+03 1.284420097368688585e+04
5.569790000000000157e-02 6.348598171290453138e+03 1.180106854854583798e+04
6.311400000000000343e-02 5.587740318746905359e+03 1.090870751829819710e+04
7.050389999999999435e-02 4.877616667395014701e+03 9.983150791153504542e+03
7.789379999999999915e-02 4.191567662546226529e+03 8.976552184005382514e+03
8.528370000000000395e-02 3.485161780540418476e+03 7.833015162159391366e+03
9.267359999999999487e-02 2.882151942384291033e+03 6.771153024140928210e+03
1.000629999999999992e-01 2.448005654100140418e+03 5.945308306303433710e+03
1.074530000000000068e-01 2.172150009972372573e+03 5.387106559523161195e+03
1.148430000000000006e-01 2.007616268564205484e+03 5.035117595260922826e+03
1.222329999999999944e-01 1.894445111372084057e+03 4.786186523101672719e+03
1.296229999999999882e-01 1.776095859240187565e+03 4.537620674883111860e+03
1.370129999999999959e-01 1.627135870809940570e+03 4.230514147199208310e+03
1.444030000000000036e-01 1.456480874766766419e+03 3.869486267373660212e+03
1.517930000000000113e-01 1.289077836121557766e+03 3.501758919297249122e+03
1.591829999999999912e-01 1.151658932686510070e+03 3.183891675961450346e+03
1.665719999999999978e-01 1.056306386319944977e+03 2.946977616200629200e+03
1.739620000000000055e-01 9.950627429711308878e+02 2.783961277040469213e+03
1.813520000000000132e-01 9.526231964500460663e+02 2.668007982887026174e+03
1.887419999999999931e-01 9.136563822206568375e+02 2.566857080464837509e+03
1.961320000000000008e-01 8.659941904901119187e+02 2.453520227090412845e+03
2.035220000000000085e-01 8.076529460415516724e+02 2.319427794207304032e+03
2.109119999999999884e-01 7.452721353041146131e+02 2.173451948822499617e+03
2.183019999999999960e-01 6.873074738016180163e+02 2.032381858539001541e+03
2.315280000000000116e-01 6.125179937016342819e+02 1.836498847895199788e+03
2.455559999999999965e-01 5.665928211863686101e+02 1.706689511158350797e+03
2.604339999999999988e-01 5.222262840629065295e+02 1.592179587338123838e+03
2.762129999999999863e-01 4.650319841360039845e+02 1.452176058648153003e+03
2.929479999999999862e-01 4.138582676969474505e+02 1.317936130401322316e+03
3.106970000000000010e-01 3.790609525132268800e+02 1.220279847280457943e+03
3.295219999999999816e-01 3.459837611126096704e+02 1.133638404406499376e+03
3.494869999999999921e-01 3.100738814188160291e+02 1.040439071711323095e+03
3.706619999999999915e-01 2.816939811760256589e+02 9.616727697790727234e+02
3.931189999999999962e-01 2.574166220940256835e+02 8.956686440895683745e+02
4.169379999999999753e-01 2.331172854093999263e+02 8.303059725268338980e+02
4.421990000000000087e-01 2.129517975430186709e+02 7.736733278171201391e+02
6.171389999999999931e-01 1.321044935582382038e+02 5.420856263845317926e+02
8.612859999999999960e-01 8.993186530816034008e+01 4.040103487422915123e+02
1.202020000000000088e+00 6.640500303223610956e+01 3.049323282108888975e+02
1.677559999999999940e+00 5.049328699617758076e+01 2.184532334712676231e+02
2.341219999999999857e+00 3.694637541474391185e+01 1.416406758651889959e+02
3.267430000000000057e+00 2.465726213548201429e+01 8.293230728953354003e+01
4.560069999999999624e+00 1.475221383249844642e+01 4.534653224694974227e+01
6.364090000000000025e+00 8.073797412620011826e+00 2.373307493251370914e+01
