    0.10000E-03    0.32766E+03
    0.10202E-03    0.33417E+03
    0.10408E-03    0.34081E+03
    0.10618E-03    0.34759E+03
    0.10833E-03    0.35451E+03
    0.11052E-03    0.36157E+03
    0.11275E-03    0.36878E+03
    0.11503E-03    0.37613E+03
    0.11735E-03    0.38364E+03
    0.11972E-03    0.39130E+03
    0.12214E-03    0.39913E+03
    0.12461E-03    0.40711E+03
    0.12712E-03    0.41527E+03
    0.12969E-03    0.42359E+03
    0.13231E-03    0.43209E+03
    0.13499E-03    0.44076E+03
    0.13771E-03    0.44962E+03
    0.14049E-03    0.45866E+03
    0.14333E-03    0.46789E+03
    0.14623E-03    0.47732E+03
    0.14918E-03    0.48695E+03
    0.15220E-03    0.49678E+03
    0.15527E-03    0.50682E+03
    0.15841E-03    0.51707E+03
    0.16161E-03    0.52754E+03
    0.16487E-03    0.53824E+03
    0.16820E-03    0.54916E+03
    0.17160E-03    0.56031E+03
    0.17507E-03    0.57171E+03
    0.17860E-03    0.58334E+03
    0.18221E-03    0.59523E+03
    0.18589E-03    0.60737E+03
    0.18965E-03    0.61977E+03
    0.19348E-03    0.63243E+03
    0.19739E-03    0.64537E+03
    0.20138E-03    0.65859E+03
    0.20544E-03    0.67209E+03
    0.20959E-03    0.68588E+03
    0.21383E-03    0.69996E+03
    0.21815E-03    0.71435E+03
    0.22255E-03    0.72904E+03
    0.22705E-03    0.74405E+03
    0.23164E-03    0.75939E+03
    0.23632E-03    0.77505E+03
    0.24109E-03    0.79104E+03
    0.24596E-03    0.80737E+03
    0.25093E-03    0.82406E+03
    0.25600E-03    0.84109E+03
    0.26117E-03    0.85848E+03
    0.26645E-03    0.87625E+03
    0.27183E-03    0.89438E+03
    0.27732E-03    0.91289E+03
    0.28292E-03    0.93179E+03
    0.28864E-03    0.95108E+03
    0.29447E-03    0.97076E+03
    0.30042E-03    0.99085E+03
    0.30649E-03    0.10113E+04
    0.31268E-03    0.10323E+04
    0.31899E-03    0.10536E+04
    0.32544E-03    0.10753E+04
    0.33201E-03    0.10975E+04
    0.33872E-03    0.11201E+04
    0.34556E-03    0.11432E+04
    0.35254E-03    0.11667E+04
    0.35966E-03    0.11906E+04
    0.36693E-03    0.12150E+04
    0.37434E-03    0.12399E+04
    0.38190E-03    0.12652E+04
    0.38962E-03    0.12909E+04
    0.39749E-03    0.13171E+04
    0.40552E-03    0.13438E+04
    0.41371E-03    0.13709E+04
    0.42207E-03    0.13985E+04
    0.43060E-03    0.14265E+04
    0.43929E-03    0.14550E+04
    0.44817E-03    0.14840E+04
    0.45722E-03    0.15134E+04
    0.46646E-03    0.15432E+04
    0.47588E-03    0.15735E+04
    0.48550E-03    0.16043E+04
    0.49530E-03    0.16354E+04
    0.50531E-03    0.16671E+04
    0.51552E-03    0.16991E+04
    0.52593E-03    0.17316E+04
    0.53656E-03    0.17645E+04
    0.54739E-03    0.17978E+04
    0.55845E-03    0.18315E+04
    0.56973E-03    0.18656E+04
    0.58124E-03    0.19001E+04
    0.59299E-03    0.19350E+04
    0.60496E-03    0.19702E+04
    0.61719E-03    0.20059E+04
    0.62965E-03    0.20418E+04
    0.64237E-03    0.20782E+04
    0.65535E-03    0.21148E+04
    0.66859E-03    0.21518E+04
    0.68210E-03    0.21891E+04
    0.69588E-03    0.22268E+04
    0.70993E-03    0.22647E+04
    0.72427E-03    0.23030E+04
    0.73891E-03    0.23415E+04
    0.75383E-03    0.23803E+04
    0.76906E-03    0.24194E+04
    0.78460E-03    0.24588E+04
    0.80045E-03    0.24985E+04
    0.81662E-03    0.25384E+04
    0.83311E-03    0.25786E+04
    0.84994E-03    0.26190E+04
    0.86711E-03    0.26597E+04
    0.88463E-03    0.27006E+04
    0.90250E-03    0.27418E+04
    0.92073E-03    0.27832E+04
    0.93933E-03    0.28249E+04
    0.95831E-03    0.28669E+04
    0.97767E-03    0.29091E+04
    0.99742E-03    0.29515E+04
    0.10176E-02    0.29942E+04
    0.10381E-02    0.30372E+04
    0.10591E-02    0.30805E+04
    0.10805E-02    0.31240E+04
    0.11023E-02    0.31678E+04
    0.11246E-02    0.32119E+04
    0.11473E-02    0.32564E+04
    0.11705E-02    0.33011E+04
    0.11941E-02    0.33461E+04
    0.12182E-02    0.33915E+04
    0.12429E-02    0.34372E+04
    0.12680E-02    0.34832E+04
    0.12936E-02    0.35296E+04
    0.13197E-02    0.35764E+04
    0.13464E-02    0.36236E+04
    0.13736E-02    0.36711E+04
    0.14013E-02    0.37190E+04
    0.14296E-02    0.37673E+04
    0.14585E-02    0.38161E+04
    0.14880E-02    0.38652E+04
    0.15180E-02    0.39148E+04
    0.15487E-02    0.39649E+04
    0.15800E-02    0.40154E+04
    0.16119E-02    0.40663E+04
    0.16445E-02    0.41178E+04
    0.16777E-02    0.41697E+04
    0.17116E-02    0.42220E+04
    0.17462E-02    0.42749E+04
    0.17814E-02    0.43283E+04
    0.18174E-02    0.43822E+04
    0.18541E-02    0.44365E+04
    0.18916E-02    0.44914E+04
    0.19298E-02    0.45468E+04
    0.19688E-02    0.46028E+04
    0.20086E-02    0.46592E+04
    0.20491E-02    0.47162E+04
    0.20905E-02    0.47737E+04
    0.21328E-02    0.48318E+04
    0.21758E-02    0.48903E+04
    0.22198E-02    0.49494E+04
    0.22646E-02    0.50091E+04
    0.23104E-02    0.50692E+04
    0.23571E-02    0.51299E+04
    0.24047E-02    0.51912E+04
    0.24533E-02    0.52529E+04
    0.25028E-02    0.53152E+04
    0.25534E-02    0.53780E+04
    0.26050E-02    0.54413E+04
    0.26576E-02    0.55051E+04
    0.27113E-02    0.55694E+04
    0.27660E-02    0.56343E+04
    0.28219E-02    0.56996E+04
    0.28789E-02    0.57654E+04
    0.29371E-02    0.58316E+04
    0.29964E-02    0.58984E+04
    0.30569E-02    0.59656E+04
    0.31187E-02    0.60332E+04
    0.31817E-02    0.61013E+04
    0.32460E-02    0.61698E+04
    0.33115E-02    0.62388E+04
    0.33784E-02    0.63081E+04
    0.34467E-02    0.63778E+04
    0.35163E-02    0.64479E+04
    0.35874E-02    0.65184E+04
    0.36598E-02    0.65892E+04
    0.37338E-02    0.66602E+04
    0.38092E-02    0.67316E+04
    0.38861E-02    0.68033E+04
    0.39646E-02    0.68754E+04
    0.40447E-02    0.69477E+04
    0.41264E-02    0.70203E+04
    0.42098E-02    0.70931E+04
    0.42948E-02    0.71661E+04
    0.43816E-02    0.72393E+04
    0.44701E-02    0.73126E+04
    0.45604E-02    0.73860E+04
    0.46525E-02    0.74594E+04
    0.47465E-02    0.75328E+04
    0.48424E-02    0.76063E+04
    0.49402E-02    0.76797E+04
    0.50400E-02    0.77532E+04
    0.51419E-02    0.78265E+04
    0.52457E-02    0.78998E+04
    0.53517E-02    0.79730E+04
    0.54598E-02    0.80460E+04
    0.55701E-02    0.81188E+04
    0.56826E-02    0.81914E+04
    0.57974E-02    0.82637E+04
    0.59145E-02    0.83357E+04
    0.60340E-02    0.84073E+04
    0.61559E-02    0.84786E+04
    0.62803E-02    0.85494E+04
    0.64072E-02    0.86198E+04
    0.65366E-02    0.86896E+04
    0.66686E-02    0.87589E+04
    0.68033E-02    0.88276E+04
    0.69408E-02    0.88956E+04
    0.70810E-02    0.89629E+04
    0.72240E-02    0.90294E+04
    0.73700E-02    0.90952E+04
    0.75189E-02    0.91600E+04
    0.76708E-02    0.92240E+04
    0.78257E-02    0.92870E+04
    0.79838E-02    0.93489E+04
    0.81451E-02    0.94098E+04
    0.83096E-02    0.94695E+04
    0.84775E-02    0.95280E+04
    0.86488E-02    0.95852E+04
    0.88235E-02    0.96411E+04
    0.90017E-02    0.96956E+04
    0.91836E-02    0.97486E+04
    0.93691E-02    0.98001E+04
    0.95583E-02    0.98500E+04
    0.97514E-02    0.98982E+04
    0.99484E-02    0.99446E+04
    0.10149E-01    0.99892E+04
    0.10354E-01    0.10032E+05
    0.10564E-01    0.10073E+05
    0.10777E-01    0.10111E+05
    0.10995E-01    0.10148E+05
    0.11217E-01    0.10182E+05
    0.11443E-01    0.10215E+05
    0.11675E-01    0.10244E+05
    0.11910E-01    0.10272E+05
    0.12151E-01    0.10296E+05
    0.12397E-01    0.10318E+05
    0.12647E-01    0.10338E+05
    0.12902E-01    0.10354E+05
    0.13163E-01    0.10368E+05
    0.13429E-01    0.10379E+05
    0.13700E-01    0.10387E+05
    0.13977E-01    0.10392E+05
    0.14259E-01    0.10394E+05
    0.14547E-01    0.10392E+05
    0.14841E-01    0.10386E+05
    0.15141E-01    0.10376E+05
    0.15447E-01    0.10363E+05
    0.15759E-01    0.10346E+05
    0.16077E-01    0.10328E+05
    0.16402E-01    0.10308E+05
    0.16734E-01    0.10287E+05
    0.17072E-01    0.10263E+05
    0.17416E-01    0.10236E+05
    0.17768E-01    0.10204E+05
    0.18127E-01    0.10167E+05
    0.18493E-01    0.10123E+05
    0.18867E-01    0.10073E+05
    0.19248E-01    0.10018E+05
    0.19637E-01    0.99589E+04
    0.20034E-01    0.98963E+04
    0.20438E-01    0.98304E+04
    0.20851E-01    0.97607E+04
    0.21272E-01    0.96864E+04
    0.21702E-01    0.96070E+04
    0.22141E-01    0.95219E+04
    0.22588E-01    0.94309E+04
    0.23044E-01    0.93346E+04
    0.23510E-01    0.92340E+04
    0.23985E-01    0.91299E+04
    0.24469E-01    0.90229E+04
    0.24964E-01    0.89137E+04
    0.25468E-01    0.88022E+04
    0.25982E-01    0.86886E+04
    0.26507E-01    0.85729E+04
    0.27043E-01    0.84550E+04
    0.27589E-01    0.83350E+04
    0.28146E-01    0.82126E+04
    0.28715E-01    0.80875E+04
    0.29295E-01    0.79595E+04
    0.29887E-01    0.78284E+04
    0.30490E-01    0.76942E+04
    0.31106E-01    0.75578E+04
    0.31735E-01    0.74198E+04
    0.32376E-01    0.72810E+04
    0.33030E-01    0.71421E+04
    0.33697E-01    0.70035E+04
    0.34378E-01    0.68655E+04
    0.35072E-01    0.67283E+04
    0.35781E-01    0.65920E+04
    0.36504E-01    0.64568E+04
    0.37241E-01    0.63229E+04
    0.37993E-01    0.61906E+04
    0.38761E-01    0.60602E+04
    0.39544E-01    0.59320E+04
    0.40343E-01    0.58064E+04
    0.41158E-01    0.56834E+04
    0.41989E-01    0.55636E+04
    0.42838E-01    0.54472E+04
    0.43703E-01    0.53346E+04
    0.44586E-01    0.52261E+04
    0.45486E-01    0.51218E+04
    0.46405E-01    0.50218E+04
    0.47343E-01    0.49262E+04
    0.48299E-01    0.48351E+04
    0.49275E-01    0.47485E+04
    0.50270E-01    0.46663E+04
    0.51286E-01    0.45882E+04
    0.52322E-01    0.45141E+04
    0.53379E-01    0.44437E+04
    0.54457E-01    0.43768E+04
    0.55557E-01    0.43129E+04
    0.56680E-01    0.42515E+04
    0.57825E-01    0.41922E+04
    0.58993E-01    0.41346E+04
    0.60184E-01    0.40782E+04
    0.61400E-01    0.40225E+04
    0.62641E-01    0.39669E+04
    0.63906E-01    0.39110E+04
    0.65197E-01    0.38540E+04
    0.66514E-01    0.37951E+04
    0.67858E-01    0.37340E+04
    0.69229E-01    0.36707E+04
    0.70627E-01    0.36057E+04
    0.72054E-01    0.35390E+04
    0.73510E-01    0.34696E+04
    0.74994E-01    0.33961E+04
    0.76509E-01    0.33174E+04
    0.78055E-01    0.32335E+04
    0.79632E-01    0.31455E+04
    0.81241E-01    0.30541E+04
    0.82882E-01    0.29601E+04
    0.84556E-01    0.28638E+04
    0.86264E-01    0.27659E+04
    0.88007E-01    0.26673E+04
    0.89785E-01    0.25690E+04
    0.91598E-01    0.24719E+04
    0.93449E-01    0.23769E+04
    0.95337E-01    0.22849E+04
    0.97263E-01    0.21969E+04
    0.99227E-01    0.21137E+04
    0.10123E+00    0.20361E+04
    0.10328E+00    0.19646E+04
    0.10536E+00    0.18996E+04
    0.10749E+00    0.18416E+04
    0.10966E+00    0.17903E+04
    0.11188E+00    0.17454E+04
    0.11414E+00    0.17062E+04
    0.11644E+00    0.16721E+04
    0.11880E+00    0.16415E+04
    0.12120E+00    0.16135E+04
    0.12365E+00    0.15865E+04
    0.12614E+00    0.15592E+04
    0.12869E+00    0.15303E+04
    0.13129E+00    0.14988E+04
    0.13394E+00    0.14643E+04
    0.13665E+00    0.14260E+04
    0.13941E+00    0.13838E+04
    0.14223E+00    0.13374E+04
    0.14510E+00    0.12874E+04
    0.14803E+00    0.12346E+04
    0.15102E+00    0.11802E+04
    0.15407E+00    0.11259E+04
    0.15718E+00    0.10731E+04
    0.16036E+00    0.10233E+04
    0.16360E+00    0.97745E+03
    0.16690E+00    0.93652E+03
    0.17028E+00    0.90089E+03
    0.17371E+00    0.87043E+03
    0.17722E+00    0.84468E+03
    0.18080E+00    0.82280E+03
    0.18446E+00    0.80374E+03
    0.18818E+00    0.78621E+03
    0.19198E+00    0.76883E+03
    0.19586E+00    0.75019E+03
    0.19982E+00    0.72914E+03
    0.20386E+00    0.70502E+03
    0.20797E+00    0.67798E+03
    0.21218E+00    0.64871E+03
    0.21646E+00    0.61827E+03
    0.22083E+00    0.58794E+03
    0.22530E+00    0.55895E+03
    0.22985E+00    0.53231E+03
    0.23449E+00    0.50880E+03
    0.23923E+00    0.48862E+03
    0.24406E+00    0.47141E+03
    0.24899E+00    0.45650E+03
    0.25402E+00    0.44285E+03
    0.25915E+00    0.42931E+03
    0.26439E+00    0.41495E+03
    0.26973E+00    0.39931E+03
    0.27518E+00    0.38229E+03
    0.28074E+00    0.36424E+03
    0.28641E+00    0.34591E+03
    0.29219E+00    0.32823E+03
    0.29810E+00    0.31199E+03
    0.30412E+00    0.29751E+03
    0.31026E+00    0.28478E+03
    0.31653E+00    0.27337E+03
    0.32292E+00    0.26267E+03
    0.32945E+00    0.25202E+03
    0.33610E+00    0.24100E+03
    0.34289E+00    0.22952E+03
    0.34982E+00    0.21777E+03
    0.35689E+00    0.20626E+03
    0.36409E+00    0.19539E+03
    0.37145E+00    0.18547E+03
    0.37895E+00    0.17652E+03
    0.38661E+00    0.16834E+03
    0.39442E+00    0.16050E+03
    0.40239E+00    0.15279E+03
    0.41052E+00    0.14509E+03
    0.41881E+00    0.13748E+03
    0.42727E+00    0.13020E+03
    0.43590E+00    0.12343E+03
    0.44471E+00    0.11725E+03
    0.45369E+00    0.11159E+03
    0.46286E+00    0.10626E+03
    0.47221E+00    0.10116E+03
    0.48174E+00    0.96200E+02
    0.49148E+00    0.91451E+02
    0.50141E+00    0.86993E+02
    0.51153E+00    0.82854E+02
    0.52187E+00    0.79015E+02
    0.53241E+00    0.75380E+02
    0.54317E+00    0.71887E+02
    0.55414E+00    0.68498E+02
    0.56533E+00    0.65251E+02
    0.57675E+00    0.62155E+02
    0.58840E+00    0.59186E+02
    0.60029E+00    0.56327E+02
    0.61242E+00    0.53561E+02
    0.62479E+00    0.50893E+02
    0.63741E+00    0.48333E+02
    0.65029E+00    0.45890E+02
    0.66342E+00    0.43568E+02
    0.67683E+00    0.41371E+02
    0.69050E+00    0.39292E+02
    0.70445E+00    0.37322E+02
    0.71868E+00    0.35453E+02
    0.73320E+00    0.33677E+02
    0.74801E+00    0.31988E+02
    0.76312E+00    0.30381E+02
    0.77854E+00    0.28851E+02
    0.79426E+00    0.27394E+02
    0.81031E+00    0.26007E+02
    0.82668E+00    0.24685E+02
    0.84338E+00    0.23428E+02
    0.86041E+00    0.22231E+02
    0.87780E+00    0.21093E+02
    0.89553E+00    0.20012E+02
    0.91362E+00    0.18986E+02
    0.93208E+00    0.18011E+02
    0.95091E+00    0.17086E+02
    0.97011E+00    0.16207E+02
    0.98971E+00    0.15374E+02
    0.10097E+01    0.14583E+02
    0.10301E+01    0.13832E+02
    0.10509E+01    0.13119E+02
    0.10721E+01    0.12442E+02
    0.10938E+01    0.11800E+02
    0.11159E+01    0.11189E+02
    0.11384E+01    0.10610E+02
    0.11614E+01    0.10059E+02
    0.11849E+01    0.95376E+01
    0.12088E+01    0.90428E+01
    0.12333E+01    0.85737E+01
    0.12582E+01    0.81290E+01
    0.12836E+01    0.77073E+01
    0.13095E+01    0.73073E+01
    0.13360E+01    0.69279E+01
    0.13630E+01    0.65678E+01
    0.13905E+01    0.62263E+01
    0.14186E+01    0.59023E+01
    0.14472E+01    0.55953E+01
    0.14765E+01    0.53043E+01
    0.15063E+01    0.50286E+01
    0.15367E+01    0.47674E+01
    0.15678E+01    0.45200E+01
    0.15994E+01    0.42855E+01
    0.16318E+01    0.40632E+01
    0.16647E+01    0.38524E+01
    0.16984E+01    0.36527E+01
    0.17327E+01    0.34633E+01
    0.17677E+01    0.32838E+01
    0.18034E+01    0.31136E+01
    0.18398E+01    0.29523E+01
    0.18770E+01    0.27995E+01
    0.19149E+01    0.26547E+01
    0.19536E+01    0.25175E+01
    0.19930E+01    0.23875E+01
    0.20333E+01    0.22644E+01
    0.20744E+01    0.21478E+01
    0.21163E+01    0.20374E+01
    0.21590E+01    0.19327E+01
    0.22026E+01    0.18334E+01
    0.22471E+01    0.17392E+01
    0.22925E+01    0.16499E+01
    0.23388E+01    0.15652E+01
    0.23861E+01    0.14849E+01
    0.24343E+01    0.14088E+01
    0.24835E+01    0.13367E+01
    0.25336E+01    0.12683E+01
    0.25848E+01    0.12036E+01
    0.26370E+01    0.11422E+01
    0.26903E+01    0.10839E+01
    0.27447E+01    0.10288E+01
    0.28001E+01    0.97641E+00
    0.28567E+01    0.92677E+00
    0.29144E+01    0.87969E+00
    0.29733E+01    0.83503E+00
    0.30333E+01    0.79265E+00
    0.30946E+01    0.75245E+00
    0.31571E+01    0.71432E+00
    0.32209E+01    0.67816E+00
    0.32860E+01    0.64387E+00
    0.33523E+01    0.61136E+00
    0.34201E+01    0.58052E+00
    0.34892E+01    0.55126E+00
    0.35596E+01    0.52349E+00
    0.36316E+01    0.49712E+00
    0.37049E+01    0.47208E+00
    0.37798E+01    0.44829E+00
    0.38561E+01    0.42570E+00
    0.39340E+01    0.40425E+00
    0.40135E+01    0.38388E+00
    0.40946E+01    0.36455E+00
    0.41773E+01    0.34620E+00
    0.42617E+01    0.32878E+00
    0.43478E+01    0.31224E+00
    0.44356E+01    0.29653E+00
    0.45252E+01    0.28162E+00
    0.46166E+01    0.26745E+00
    0.47099E+01    0.25400E+00
    0.48050E+01    0.24122E+00
    0.49021E+01    0.22908E+00
    0.50011E+01    0.21756E+00
    0.51021E+01    0.20661E+00
    0.52052E+01    0.19622E+00
    0.53104E+01    0.18634E+00
    0.54176E+01    0.17695E+00
    0.55271E+01    0.16803E+00
    0.56387E+01    0.15956E+00
    0.57526E+01    0.15152E+00
    0.58689E+01    0.14388E+00
    0.59874E+01    0.13663E+00
    0.61084E+01    0.12976E+00
    0.62318E+01    0.12323E+00
    0.63577E+01    0.11704E+00
    0.64861E+01    0.11115E+00
    0.66171E+01    0.10555E+00
    0.67508E+01    0.10023E+00
    0.68872E+01    0.95168E-01
    0.70263E+01    0.90356E-01
    0.71682E+01    0.85784E-01
    0.73130E+01    0.81440E-01
    0.74608E+01    0.77316E-01
    0.76115E+01    0.73399E-01
    0.77653E+01    0.69680E-01
    0.79221E+01    0.66148E-01
    0.80822E+01    0.62794E-01
    0.82454E+01    0.59608E-01
    0.84120E+01    0.56582E-01
    0.85819E+01    0.53707E-01
    0.87553E+01    0.50978E-01
    0.89322E+01    0.48385E-01
    0.91126E+01    0.45924E-01
    0.92967E+01    0.43586E-01
    0.94845E+01    0.41366E-01
    0.96761E+01    0.39258E-01
    0.98716E+01    0.37256E-01
    0.10071E+02    0.35356E-01
    0.10274E+02    0.33552E-01
    0.10482E+02    0.31839E-01
    0.10694E+02    0.30212E-01
    0.10910E+02    0.28666E-01
    0.11130E+02    0.27198E-01
    0.11355E+02    0.25804E-01
    0.11584E+02    0.24481E-01
    0.11818E+02    0.23226E-01
    0.12057E+02    0.22038E-01
    0.12301E+02    0.20912E-01
    0.12549E+02    0.19845E-01
    0.12803E+02    0.18833E-01
    0.13061E+02    0.17872E-01
    0.13325E+02    0.16958E-01
    0.13594E+02    0.16089E-01
    0.13869E+02    0.15263E-01
    0.14149E+02    0.14477E-01
    0.14435E+02    0.13732E-01
    0.14727E+02    0.13024E-01
    0.15024E+02    0.12352E-01
    0.15328E+02    0.11716E-01
    0.15637E+02    0.11111E-01
    0.15953E+02    0.10538E-01
    0.16275E+02    0.99946E-02
    0.16604E+02    0.94786E-02
    0.16940E+02    0.89889E-02
    0.17282E+02    0.85243E-02
    0.17631E+02    0.80835E-02
    0.17987E+02    0.76653E-02
    0.18351E+02    0.72685E-02
    0.18721E+02    0.68921E-02
    0.19099E+02    0.65350E-02
    0.19485E+02    0.61962E-02
    0.19879E+02    0.58748E-02
    0.20280E+02    0.55698E-02
    0.20690E+02    0.52806E-02
    0.21108E+02    0.50062E-02
    0.21535E+02    0.47460E-02
    0.21970E+02    0.44993E-02
