    0.10000E-03    0.32766E+03
    0.10202E-03    0.33417E+03
    0.10408E-03    0.34081E+03
    0.10618E-03    0.34759E+03
    0.10833E-03    0.35451E+03
    0.11052E-03    0.36157E+03
    0.11275E-03    0.36878E+03
    0.11503E-03    0.37613E+03
    0.11735E-03    0.38364E+03
    0.11972E-03    0.39130E+03
    0.12214E-03    0.39913E+03
    0.12461E-03    0.40711E+03
    0.12712E-03    0.41527E+03
    0.12969E-03    0.42359E+03
    0.13231E-03    0.43209E+03
    0.13499E-03    0.44076E+03
    0.13771E-03    0.44962E+03
    0.14049E-03    0.45866E+03
    0.14333E-03    0.46789E+03
    0.14623E-03    0.47732E+03
    0.14918E-03    0.48695E+03
    0.15220E-03    0.49678E+03
    0.15527E-03    0.50682E+03
    0.15841E-03    0.51707E+03
    0.16161E-03    0.52754E+03
    0.16487E-03    0.53824E+03
    0.16820E-03    0.54916E+03
    0.17160E-03    0.56031E+03
    0.17507E-03    0.57171E+03
    0.17860E-03    0.58334E+03
    0.18221E-03    0.59523E+03
    0.18589E-03    0.60737E+03
    0.18965E-03    0.61977E+03
    0.19348E-03    0.63243E+03
    0.19739E-03    0.64537E+03
    0.20138E-03    0.65859E+03
    0.20544E-03    0.67209E+03
    0.20959E-03    0.68588E+03
    0.21383E-03    0.69996E+03
    0.21815E-03    0.71435E+03
    0.22255E-03    0.72904E+03
    0.22705E-03    0.74405E+03
    0.23164E-03    0.75939E+03
    0.23632E-03    0.77505E+03
    0.24109E-03    0.79104E+03
    0.24596E-03    0.80737E+03
    0.25093E-03    0.82406E+03
    0.25600E-03    0.84109E+03
    0.26117E-03    0.85848E+03
    0.26645E-03    0.87624E+03
    0.27183E-03    0.89438E+03
    0.27732E-03    0.91289E+03
    0.28292E-03    0.93179E+03
    0.28864E-03    0.95108E+03
    0.29447E-03    0.97076E+03
    0.30042E-03    0.99085E+03
    0.30649E-03    0.10113E+04
    0.31268E-03    0.10323E+04
    0.31899E-03    0.10536E+04
    0.32544E-03    0.10753E+04
    0.33201E-03    0.10975E+04
    0.33872E-03    0.11201E+04
    0.34556E-03    0.11432E+04
    0.35254E-03    0.11667E+04
    0.35966E-03    0.11906E+04
    0.36693E-03    0.12150E+04
    0.37434E-03    0.12399E+04
    0.38190E-03    0.12651E+04
    0.38962E-03    0.12909E+04
    0.39749E-03    0.13171E+04
    0.40552E-03    0.13438E+04
    0.41371E-03    0.13709E+04
    0.42207E-03    0.13985E+04
    0.43060E-03    0.14265E+04
    0.43929E-03    0.14550E+04
    0.44817E-03    0.14839E+04
    0.45722E-03    0.15134E+04
    0.46646E-03    0.15432E+04
    0.47588E-03    0.15735E+04
    0.48550E-03    0.16043E+04
    0.49530E-03    0.16354E+04
    0.50531E-03    0.16671E+04
    0.51552E-03    0.16991E+04
    0.52593E-03    0.17316E+04
    0.53656E-03    0.17645E+04
    0.54739E-03    0.17978E+04
    0.55845E-03    0.18315E+04
    0.56973E-03    0.18656E+04
    0.58124E-03    0.19001E+04
    0.59299E-03    0.19350E+04
    0.60496E-03    0.19702E+04
    0.61719E-03    0.20058E+04
    0.62965E-03    0.20418E+04
    0.64237E-03    0.20781E+04
    0.65535E-03    0.21148E+04
    0.66859E-03    0.21518E+04
    0.68210E-03    0.21891E+04
    0.69588E-03    0.22268E+04
    0.70993E-03    0.22647E+04
    0.72427E-03    0.23030E+04
    0.73891E-03    0.23415E+04
    0.75383E-03    0.23803E+04
    0.76906E-03    0.24194E+04
    0.78460E-03    0.24588E+04
    0.80045E-03    0.24985E+04
    0.81662E-03    0.25384E+04
    0.83311E-03    0.25785E+04
    0.84994E-03    0.26190E+04
    0.86711E-03    0.26596E+04
    0.88463E-03    0.27006E+04
    0.90250E-03    0.27418E+04
    0.92073E-03    0.27832E+04
    0.93933E-03    0.28249E+04
    0.95831E-03    0.28668E+04
    0.97767E-03    0.29090E+04
    0.99742E-03    0.29515E+04
    0.10176E-02    0.29942E+04
    0.10381E-02    0.30372E+04
    0.10591E-02    0.30804E+04
    0.10805E-02    0.31240E+04
    0.11023E-02    0.31678E+04
    0.11246E-02    0.32119E+04
    0.11473E-02    0.32563E+04
    0.11705E-02    0.33010E+04
    0.11941E-02    0.33461E+04
    0.12182E-02    0.33914E+04
    0.12429E-02    0.34371E+04
    0.12680E-02    0.34832E+04
    0.12936E-02    0.35296E+04
    0.13197E-02    0.35764E+04
    0.13464E-02    0.36235E+04
    0.13736E-02    0.36710E+04
    0.14013E-02    0.37189E+04
    0.14296E-02    0.37673E+04
    0.14585E-02    0.38160E+04
    0.14880E-02    0.38652E+04
    0.15180E-02    0.39148E+04
    0.15487E-02    0.39648E+04
    0.15800E-02    0.40153E+04
    0.16119E-02    0.40663E+04
    0.16445E-02    0.41177E+04
    0.16777E-02    0.41696E+04
    0.17116E-02    0.42220E+04
    0.17462E-02    0.42748E+04
    0.17814E-02    0.43282E+04
    0.18174E-02    0.43821E+04
    0.18541E-02    0.44365E+04
    0.18916E-02    0.44914E+04
    0.19298E-02    0.45468E+04
    0.19688E-02    0.46027E+04
    0.20086E-02    0.46591E+04
    0.20491E-02    0.47161E+04
    0.20905E-02    0.47736E+04
    0.21328E-02    0.48317E+04
    0.21758E-02    0.48902E+04
    0.22198E-02    0.49493E+04
    0.22646E-02    0.50090E+04
    0.23104E-02    0.50691E+04
    0.23571E-02    0.51298E+04
    0.24047E-02    0.51911E+04
    0.24533E-02    0.52528E+04
    0.25028E-02    0.53151E+04
    0.25534E-02    0.53779E+04
    0.26050E-02    0.54412E+04
    0.26576E-02    0.55050E+04
    0.27113E-02    0.55693E+04
    0.27660E-02    0.56341E+04
    0.28219E-02    0.56994E+04
    0.28789E-02    0.57652E+04
    0.29371E-02    0.58315E+04
    0.29964E-02    0.58982E+04
    0.30569E-02    0.59654E+04
    0.31187E-02    0.60331E+04
    0.31817E-02    0.61012E+04
    0.32460E-02    0.61697E+04
    0.33115E-02    0.62386E+04
    0.33784E-02    0.63079E+04
    0.34467E-02    0.63777E+04
    0.35163E-02    0.64477E+04
    0.35874E-02    0.65182E+04
    0.36598E-02    0.65890E+04
    0.37338E-02    0.66600E+04
    0.38092E-02    0.67314E+04
    0.38861E-02    0.68031E+04
    0.39646E-02    0.68751E+04
    0.40447E-02    0.69474E+04
    0.41264E-02    0.70200E+04
    0.42098E-02    0.70928E+04
    0.42948E-02    0.71659E+04
    0.43816E-02    0.72391E+04
    0.44701E-02    0.73124E+04
    0.45604E-02    0.73857E+04
    0.46525E-02    0.74591E+04
    0.47465E-02    0.75325E+04
    0.48424E-02    0.76060E+04
    0.49402E-02    0.76794E+04
    0.50400E-02    0.77528E+04
    0.51419E-02    0.78262E+04
    0.52457E-02    0.78995E+04
    0.53517E-02    0.79726E+04
    0.54598E-02    0.80456E+04
    0.55701E-02    0.81184E+04
    0.56826E-02    0.81909E+04
    0.57974E-02    0.82632E+04
    0.59145E-02    0.83352E+04
    0.60340E-02    0.84068E+04
    0.61559E-02    0.84781E+04
    0.62803E-02    0.85489E+04
    0.64072E-02    0.86192E+04
    0.65366E-02    0.86890E+04
    0.66686E-02    0.87583E+04
    0.68033E-02    0.88269E+04
    0.69408E-02    0.88949E+04
    0.70810E-02    0.89622E+04
    0.72240E-02    0.90287E+04
    0.73700E-02    0.90944E+04
    0.75189E-02    0.91593E+04
    0.76708E-02    0.92232E+04
    0.78257E-02    0.92862E+04
    0.79838E-02    0.93481E+04
    0.81451E-02    0.94089E+04
    0.83096E-02    0.94686E+04
    0.84775E-02    0.95270E+04
    0.86488E-02    0.95842E+04
    0.88235E-02    0.96401E+04
    0.90017E-02    0.96945E+04
    0.91836E-02    0.97475E+04
    0.93691E-02    0.97989E+04
    0.95583E-02    0.98487E+04
    0.97514E-02    0.98969E+04
    0.99484E-02    0.99433E+04
    0.10149E-01    0.99878E+04
    0.10354E-01    0.10030E+05
    0.10564E-01    0.10071E+05
    0.10777E-01    0.10110E+05
    0.10995E-01    0.10146E+05
    0.11217E-01    0.10181E+05
    0.11443E-01    0.10213E+05
    0.11675E-01    0.10242E+05
    0.11910E-01    0.10270E+05
    0.12151E-01    0.10294E+05
    0.12397E-01    0.10316E+05
    0.12647E-01    0.10335E+05
    0.12902E-01    0.10352E+05
    0.13163E-01    0.10366E+05
    0.13429E-01    0.10377E+05
    0.13700E-01    0.10385E+05
    0.13977E-01    0.10390E+05
    0.14259E-01    0.10391E+05
    0.14547E-01    0.10389E+05
    0.14841E-01    0.10383E+05
    0.15141E-01    0.10373E+05
    0.15447E-01    0.10359E+05
    0.15759E-01    0.10343E+05
    0.16077E-01    0.10325E+05
    0.16402E-01    0.10305E+05
    0.16734E-01    0.10283E+05
    0.17072E-01    0.10260E+05
    0.17416E-01    0.10232E+05
    0.17768E-01    0.10200E+05
    0.18127E-01    0.10162E+05
    0.18493E-01    0.10118E+05
    0.18867E-01    0.10068E+05
    0.19248E-01    0.10014E+05
    0.19637E-01    0.99543E+04
    0.20034E-01    0.98915E+04
    0.20438E-01    0.98254E+04
    0.20851E-01    0.97554E+04
    0.21272E-01    0.96809E+04
    0.21702E-01    0.96013E+04
    0.22141E-01    0.95160E+04
    0.22588E-01    0.94248E+04
    0.23044E-01    0.93284E+04
    0.23510E-01    0.92277E+04
    0.23985E-01    0.91235E+04
    0.24469E-01    0.90164E+04
    0.24964E-01    0.89070E+04
    0.25468E-01    0.87954E+04
    0.25982E-01    0.86817E+04
    0.26507E-01    0.85658E+04
    0.27043E-01    0.84478E+04
    0.27589E-01    0.83277E+04
    0.28146E-01    0.82052E+04
    0.28715E-01    0.80800E+04
    0.29295E-01    0.79518E+04
    0.29887E-01    0.78206E+04
    0.30490E-01    0.76862E+04
    0.31106E-01    0.75496E+04
    0.31735E-01    0.74115E+04
    0.32376E-01    0.72726E+04
    0.33030E-01    0.71336E+04
    0.33697E-01    0.69950E+04
    0.34378E-01    0.68570E+04
    0.35072E-01    0.67197E+04
    0.35781E-01    0.65834E+04
    0.36504E-01    0.64481E+04
    0.37241E-01    0.63141E+04
    0.37993E-01    0.61816E+04
    0.38761E-01    0.60511E+04
    0.39544E-01    0.59228E+04
    0.40343E-01    0.57970E+04
    0.41158E-01    0.56741E+04
    0.41989E-01    0.55543E+04
    0.42838E-01    0.54380E+04
    0.43703E-01    0.53255E+04
    0.44586E-01    0.52170E+04
    0.45486E-01    0.51128E+04
    0.46405E-01    0.50129E+04
    0.47343E-01    0.49175E+04
    0.48299E-01    0.48267E+04
    0.49275E-01    0.47405E+04
    0.50270E-01    0.46588E+04
    0.51286E-01    0.45812E+04
    0.52322E-01    0.45074E+04
    0.53379E-01    0.44370E+04
    0.54457E-01    0.43697E+04
    0.55557E-01    0.43050E+04
    0.56680E-01    0.42427E+04
    0.57825E-01    0.41823E+04
    0.58993E-01    0.41235E+04
    0.60184E-01    0.40660E+04
    0.61400E-01    0.40094E+04
    0.62641E-01    0.39535E+04
    0.63906E-01    0.38976E+04
    0.65197E-01    0.38411E+04
    0.66514E-01    0.37831E+04
    0.67858E-01    0.37231E+04
    0.69229E-01    0.36610E+04
    0.70627E-01    0.35970E+04
    0.72054E-01    0.35310E+04
    0.73510E-01    0.34621E+04
    0.74994E-01    0.33886E+04
    0.76509E-01    0.33096E+04
    0.78055E-01    0.32252E+04
    0.79632E-01    0.31364E+04
    0.81241E-01    0.30442E+04
    0.82882E-01    0.29494E+04
    0.84556E-01    0.28525E+04
    0.86264E-01    0.27545E+04
    0.88007E-01    0.26560E+04
    0.89785E-01    0.25580E+04
    0.91598E-01    0.24612E+04
    0.93449E-01    0.23664E+04
    0.95337E-01    0.22743E+04
    0.97263E-01    0.21861E+04
    0.99227E-01    0.21027E+04
    0.10123E+00    0.20247E+04
    0.10328E+00    0.19529E+04
    0.10536E+00    0.18876E+04
    0.10749E+00    0.18294E+04
    0.10966E+00    0.17781E+04
    0.11188E+00    0.17332E+04
    0.11414E+00    0.16942E+04
    0.11644E+00    0.16600E+04
    0.11880E+00    0.16293E+04
    0.12120E+00    0.16004E+04
    0.12365E+00    0.15724E+04
    0.12614E+00    0.15442E+04
    0.12869E+00    0.15148E+04
    0.13129E+00    0.14832E+04
    0.13394E+00    0.14484E+04
    0.13665E+00    0.14099E+04
    0.13941E+00    0.13673E+04
    0.14223E+00    0.13206E+04
    0.14510E+00    0.12702E+04
    0.14803E+00    0.12167E+04
    0.15102E+00    0.11617E+04
    0.15407E+00    0.11072E+04
    0.15718E+00    0.10545E+04
    0.16036E+00    0.10041E+04
    0.16360E+00    0.95708E+03
    0.16690E+00    0.91523E+03
    0.17028E+00    0.87928E+03
    0.17371E+00    0.84849E+03
    0.17722E+00    0.82210E+03
    0.18080E+00    0.79941E+03
    0.18446E+00    0.77943E+03
    0.18818E+00    0.76089E+03
    0.19198E+00    0.74246E+03
    0.19586E+00    0.72286E+03
    0.19982E+00    0.70079E+03
    0.20386E+00    0.67553E+03
    0.20797E+00    0.64745E+03
    0.21218E+00    0.61725E+03
    0.21646E+00    0.58591E+03
    0.22083E+00    0.55470E+03
    0.22530E+00    0.52477E+03
    0.22985E+00    0.49701E+03
    0.23449E+00    0.47246E+03
    0.23923E+00    0.45123E+03
    0.24406E+00    0.43269E+03
    0.24899E+00    0.41635E+03
    0.25402E+00    0.40126E+03
    0.25915E+00    0.38626E+03
    0.26439E+00    0.37039E+03
    0.26973E+00    0.35318E+03
    0.27518E+00    0.33491E+03
    0.28074E+00    0.31578E+03
    0.28641E+00    0.29636E+03
    0.29219E+00    0.27764E+03
    0.29810E+00    0.26034E+03
    0.30412E+00    0.24479E+03
    0.31026E+00    0.23093E+03
    0.31653E+00    0.21830E+03
    0.32292E+00    0.20642E+03
    0.32945E+00    0.19469E+03
    0.33610E+00    0.18278E+03
    0.34289E+00    0.17055E+03
    0.34982E+00    0.15835E+03
    0.35689E+00    0.14656E+03
    0.36409E+00    0.13551E+03
    0.37145E+00    0.12548E+03
    0.37895E+00    0.11647E+03
    0.38661E+00    0.10829E+03
    0.39442E+00    0.10064E+03
    0.40239E+00    0.93301E+02
    0.41052E+00    0.86219E+02
    0.41881E+00    0.79459E+02
    0.42727E+00    0.73189E+02
    0.43590E+00    0.67547E+02
    0.44471E+00    0.62568E+02
    0.45369E+00    0.58177E+02
    0.46286E+00    0.54233E+02
    0.47221E+00    0.50605E+02
    0.48174E+00    0.47258E+02
    0.49148E+00    0.44196E+02
    0.50141E+00    0.41443E+02
    0.51153E+00    0.39010E+02
    0.52187E+00    0.36845E+02
    0.53241E+00    0.34862E+02
    0.54317E+00    0.32990E+02
    0.55414E+00    0.31189E+02
    0.56533E+00    0.29465E+02
    0.57675E+00    0.27809E+02
    0.58840E+00    0.26196E+02
    0.60029E+00    0.24610E+02
    0.61242E+00    0.23041E+02
    0.62479E+00    0.21508E+02
    0.63741E+00    0.20041E+02
    0.65029E+00    0.18661E+02
    0.66342E+00    0.17381E+02
    0.67683E+00    0.16211E+02
    0.69050E+00    0.15141E+02
    0.70445E+00    0.14157E+02
    0.71868E+00    0.13247E+02
    0.73320E+00    0.12400E+02
    0.74801E+00    0.11609E+02
    0.76312E+00    0.10867E+02
    0.77854E+00    0.10170E+02
    0.79426E+00    0.95141E+01
    0.81031E+00    0.88966E+01
    0.82668E+00    0.83143E+01
    0.84338E+00    0.77665E+01
    0.86041E+00    0.72524E+01
    0.87780E+00    0.67715E+01
    0.89553E+00    0.63228E+01
    0.91362E+00    0.59051E+01
    0.93208E+00    0.55162E+01
    0.95091E+00    0.51538E+01
    0.97011E+00    0.48159E+01
    0.98971E+00    0.45005E+01
    0.10097E+01    0.42059E+01
    0.10301E+01    0.39306E+01
    0.10509E+01    0.36734E+01
    0.10721E+01    0.34332E+01
    0.10938E+01    0.32086E+01
    0.11159E+01    0.29989E+01
    0.11384E+01    0.28029E+01
    0.11614E+01    0.26200E+01
    0.11849E+01    0.24492E+01
    0.12088E+01    0.22899E+01
    0.12333E+01    0.21413E+01
    0.12582E+01    0.20027E+01
    0.12836E+01    0.18733E+01
    0.13095E+01    0.17525E+01
    0.13360E+01    0.16397E+01
    0.13630E+01    0.15343E+01
    0.13905E+01    0.14358E+01
    0.14186E+01    0.13438E+01
    0.14472E+01    0.12579E+01
    0.14765E+01    0.11777E+01
    0.15063E+01    0.11028E+01
    0.15367E+01    0.10329E+01
    0.15678E+01    0.96766E+00
    0.15994E+01    0.90674E+00
    0.16318E+01    0.84987E+00
    0.16647E+01    0.79678E+00
    0.16984E+01    0.74720E+00
    0.17327E+01    0.70088E+00
    0.17677E+01    0.65758E+00
    0.18034E+01    0.61709E+00
    0.18398E+01    0.57921E+00
    0.18770E+01    0.54377E+00
    0.19149E+01    0.51062E+00
    0.19536E+01    0.47962E+00
    0.19930E+01    0.45063E+00
    0.20333E+01    0.42353E+00
    0.20744E+01    0.39818E+00
    0.21163E+01    0.37446E+00
    0.21590E+01    0.35225E+00
    0.22026E+01    0.33146E+00
    0.22471E+01    0.31198E+00
    0.22925E+01    0.29373E+00
    0.23388E+01    0.27662E+00
    0.23861E+01    0.26058E+00
    0.24343E+01    0.24553E+00
    0.24835E+01    0.23142E+00
    0.25336E+01    0.21818E+00
    0.25848E+01    0.20575E+00
    0.26370E+01    0.19408E+00
    0.26903E+01    0.18313E+00
    0.27447E+01    0.17284E+00
    0.28001E+01    0.16317E+00
    0.28567E+01    0.15409E+00
    0.29144E+01    0.14554E+00
    0.29733E+01    0.13749E+00
    0.30333E+01    0.12992E+00
    0.30946E+01    0.12279E+00
    0.31571E+01    0.11608E+00
    0.32209E+01    0.10976E+00
    0.32860E+01    0.10382E+00
    0.33523E+01    0.98220E-01
    0.34201E+01    0.92949E-01
    0.34892E+01    0.87980E-01
    0.35596E+01    0.83291E-01
    0.36316E+01    0.78863E-01
    0.37049E+01    0.74676E-01
    0.37798E+01    0.70718E-01
    0.38561E+01    0.66977E-01
    0.39340E+01    0.63442E-01
    0.40135E+01    0.60101E-01
    0.40946E+01    0.56944E-01
    0.41773E+01    0.53961E-01
    0.42617E+01    0.51141E-01
    0.43478E+01    0.48473E-01
    0.44356E+01    0.45950E-01
    0.45252E+01    0.43561E-01
    0.46166E+01    0.41300E-01
    0.47099E+01    0.39160E-01
    0.48050E+01    0.37133E-01
    0.49021E+01    0.35214E-01
    0.50011E+01    0.33397E-01
    0.51021E+01    0.31675E-01
    0.52052E+01    0.30044E-01
    0.53104E+01    0.28498E-01
    0.54176E+01    0.27031E-01
    0.55271E+01    0.25640E-01
    0.56387E+01    0.24321E-01
    0.57526E+01    0.23072E-01
    0.58689E+01    0.21888E-01
    0.59874E+01    0.20768E-01
    0.61084E+01    0.19709E-01
    0.62318E+01    0.18706E-01
    0.63577E+01    0.17756E-01
    0.64861E+01    0.16854E-01
    0.66171E+01    0.15996E-01
    0.67508E+01    0.15181E-01
    0.68872E+01    0.14405E-01
    0.70263E+01    0.13669E-01
    0.71682E+01    0.12969E-01
    0.73130E+01    0.12305E-01
    0.74608E+01    0.11675E-01
    0.76115E+01    0.11078E-01
    0.77653E+01    0.10512E-01
    0.79221E+01    0.99741E-02
    0.80822E+01    0.94640E-02
    0.82454E+01    0.89797E-02
    0.84120E+01    0.85201E-02
    0.85819E+01    0.80839E-02
    0.87553E+01    0.76700E-02
    0.89322E+01    0.72772E-02
    0.91126E+01    0.69046E-02
    0.92967E+01    0.65510E-02
    0.94845E+01    0.62152E-02
    0.96761E+01    0.58964E-02
    0.98716E+01    0.55936E-02
    0.10071E+02    0.53058E-02
    0.10274E+02    0.50327E-02
    0.10482E+02    0.47737E-02
    0.10694E+02    0.45285E-02
    0.10910E+02    0.42965E-02
    0.11130E+02    0.40773E-02
    0.11355E+02    0.38699E-02
    0.11584E+02    0.36732E-02
    0.11818E+02    0.34864E-02
    0.12057E+02    0.33085E-02
    0.12301E+02    0.31390E-02
    0.12549E+02    0.29775E-02
    0.12803E+02    0.28239E-02
    0.13061E+02    0.26779E-02
    0.13325E+02    0.25395E-02
    0.13594E+02    0.24083E-02
    0.13869E+02    0.22840E-02
    0.14149E+02    0.21662E-02
    0.14435E+02    0.20545E-02
    0.14727E+02    0.19485E-02
    0.15024E+02    0.18478E-02
    0.15328E+02    0.17523E-02
    0.15637E+02    0.16617E-02
    0.15953E+02    0.15757E-02
    0.16275E+02    0.14942E-02
    0.16604E+02    0.14168E-02
    0.16940E+02    0.13434E-02
    0.17282E+02    0.12738E-02
    0.17631E+02    0.12078E-02
    0.17987E+02    0.11452E-02
    0.18351E+02    0.10858E-02
    0.18721E+02    0.10295E-02
    0.19099E+02    0.97600E-03
    0.19485E+02    0.92530E-03
    0.19879E+02    0.87720E-03
    0.20280E+02    0.83157E-03
    0.20690E+02    0.78830E-03
    0.21108E+02    0.74726E-03
    0.21535E+02    0.70834E-03
    0.21970E+02    0.67145E-03
