    0.10000E-03    0.32817E+03
    0.10202E-03    0.33469E+03
    0.10408E-03    0.34135E+03
    0.10618E-03    0.34814E+03
    0.10833E-03    0.35507E+03
    0.11052E-03    0.36214E+03
    0.11275E-03    0.36936E+03
    0.11503E-03    0.37672E+03
    0.11735E-03    0.38424E+03
    0.11972E-03    0.39192E+03
    0.12214E-03    0.39976E+03
    0.12461E-03    0.40775E+03
    0.12712E-03    0.41592E+03
    0.12969E-03    0.42426E+03
    0.13231E-03    0.43277E+03
    0.13499E-03    0.44146E+03
    0.13771E-03    0.45033E+03
    0.14049E-03    0.45938E+03
    0.14333E-03    0.46863E+03
    0.14623E-03    0.47808E+03
    0.14918E-03    0.48772E+03
    0.15220E-03    0.49757E+03
    0.15527E-03    0.50762E+03
    0.15841E-03    0.51789E+03
    0.16161E-03    0.52838E+03
    0.16487E-03    0.53909E+03
    0.16820E-03    0.55003E+03
    0.17160E-03    0.56120E+03
    0.17507E-03    0.57261E+03
    0.17860E-03    0.58426E+03
    0.18221E-03    0.59617E+03
    0.18589E-03    0.60833E+03
    0.18965E-03    0.62075E+03
    0.19348E-03    0.63343E+03
    0.19739E-03    0.64639E+03
    0.20138E-03    0.65963E+03
    0.20544E-03    0.67315E+03
    0.20959E-03    0.68696E+03
    0.21383E-03    0.70107E+03
    0.21815E-03    0.71548E+03
    0.22255E-03    0.73020E+03
    0.22705E-03    0.74523E+03
    0.23164E-03    0.76059E+03
    0.23632E-03    0.77627E+03
    0.24109E-03    0.79229E+03
    0.24596E-03    0.80865E+03
    0.25093E-03    0.82536E+03
    0.25600E-03    0.84242E+03
    0.26117E-03    0.85984E+03
    0.26645E-03    0.87763E+03
    0.27183E-03    0.89579E+03
    0.27732E-03    0.91433E+03
    0.28292E-03    0.93326E+03
    0.28864E-03    0.95258E+03
    0.29447E-03    0.97229E+03
    0.30042E-03    0.99241E+03
    0.30649E-03    0.10129E+04
    0.31268E-03    0.10339E+04
    0.31899E-03    0.10552E+04
    0.32544E-03    0.10770E+04
    0.33201E-03    0.10992E+04
    0.33872E-03    0.11219E+04
    0.34556E-03    0.11450E+04
    0.35254E-03    0.11685E+04
    0.35966E-03    0.11925E+04
    0.36693E-03    0.12169E+04
    0.37434E-03    0.12418E+04
    0.38190E-03    0.12671E+04
    0.38962E-03    0.12929E+04
    0.39749E-03    0.13191E+04
    0.40552E-03    0.13458E+04
    0.41371E-03    0.13730E+04
    0.42207E-03    0.14006E+04
    0.43060E-03    0.14287E+04
    0.43929E-03    0.14572E+04
    0.44817E-03    0.14862E+04
    0.45722E-03    0.15156E+04
    0.46646E-03    0.15455E+04
    0.47588E-03    0.15759E+04
    0.48550E-03    0.16067E+04
    0.49530E-03    0.16379E+04
    0.50531E-03    0.16695E+04
    0.51552E-03    0.17016E+04
    0.52593E-03    0.17341E+04
    0.53656E-03    0.17671E+04
    0.54739E-03    0.18004E+04
    0.55845E-03    0.18341E+04
    0.56973E-03    0.18683E+04
    0.58124E-03    0.19028E+04
    0.59299E-03    0.19377E+04
    0.60496E-03    0.19730E+04
    0.61719E-03    0.20087E+04
    0.62965E-03    0.20447E+04
    0.64237E-03    0.20810E+04
    0.65535E-03    0.21177E+04
    0.66859E-03    0.21547E+04
    0.68210E-03    0.21921E+04
    0.69588E-03    0.22297E+04
    0.70993E-03    0.22677E+04
    0.72427E-03    0.23060E+04
    0.73891E-03    0.23445E+04
    0.75383E-03    0.23834E+04
    0.76906E-03    0.24225E+04
    0.78460E-03    0.24619E+04
    0.80045E-03    0.25015E+04
    0.81662E-03    0.25415E+04
    0.83311E-03    0.25816E+04
    0.84994E-03    0.26221E+04
    0.86711E-03    0.26627E+04
    0.88463E-03    0.27037E+04
    0.90250E-03    0.27449E+04
    0.92073E-03    0.27863E+04
    0.93933E-03    0.28280E+04
    0.95831E-03    0.28699E+04
    0.97767E-03    0.29121E+04
    0.99742E-03    0.29545E+04
    0.10176E-02    0.29972E+04
    0.10381E-02    0.30402E+04
    0.10591E-02    0.30834E+04
    0.10805E-02    0.31269E+04
    0.11023E-02    0.31707E+04
    0.11246E-02    0.32148E+04
    0.11473E-02    0.32592E+04
    0.11705E-02    0.33039E+04
    0.11941E-02    0.33488E+04
    0.12182E-02    0.33942E+04
    0.12429E-02    0.34398E+04
    0.12680E-02    0.34858E+04
    0.12936E-02    0.35321E+04
    0.13197E-02    0.35788E+04
    0.13464E-02    0.36259E+04
    0.13736E-02    0.36733E+04
    0.14013E-02    0.37212E+04
    0.14296E-02    0.37694E+04
    0.14585E-02    0.38181E+04
    0.14880E-02    0.38671E+04
    0.15180E-02    0.39166E+04
    0.15487E-02    0.39665E+04
    0.15800E-02    0.40169E+04
    0.16119E-02    0.40677E+04
    0.16445E-02    0.41190E+04
    0.16777E-02    0.41708E+04
    0.17116E-02    0.42230E+04
    0.17462E-02    0.42757E+04
    0.17814E-02    0.43289E+04
    0.18174E-02    0.43826E+04
    0.18541E-02    0.44368E+04
    0.18916E-02    0.44914E+04
    0.19298E-02    0.45466E+04
    0.19688E-02    0.46023E+04
    0.20086E-02    0.46585E+04
    0.20491E-02    0.47152E+04
    0.20905E-02    0.47725E+04
    0.21328E-02    0.48302E+04
    0.21758E-02    0.48885E+04
    0.22198E-02    0.49472E+04
    0.22646E-02    0.50065E+04
    0.23104E-02    0.50663E+04
    0.23571E-02    0.51266E+04
    0.24047E-02    0.51875E+04
    0.24533E-02    0.52488E+04
    0.25028E-02    0.53106E+04
    0.25534E-02    0.53729E+04
    0.26050E-02    0.54357E+04
    0.26576E-02    0.54990E+04
    0.27113E-02    0.55627E+04
    0.27660E-02    0.56269E+04
    0.28219E-02    0.56916E+04
    0.28789E-02    0.57568E+04
    0.29371E-02    0.58223E+04
    0.29964E-02    0.58883E+04
    0.30569E-02    0.59548E+04
    0.31187E-02    0.60216E+04
    0.31817E-02    0.60888E+04
    0.32460E-02    0.61564E+04
    0.33115E-02    0.62244E+04
    0.33784E-02    0.62927E+04
    0.34467E-02    0.63614E+04
    0.35163E-02    0.64304E+04
    0.35874E-02    0.64997E+04
    0.36598E-02    0.65692E+04
    0.37338E-02    0.66391E+04
    0.38092E-02    0.67091E+04
    0.38861E-02    0.67794E+04
    0.39646E-02    0.68500E+04
    0.40447E-02    0.69208E+04
    0.41264E-02    0.69917E+04
    0.42098E-02    0.70629E+04
    0.42948E-02    0.71341E+04
    0.43816E-02    0.72054E+04
    0.44701E-02    0.72767E+04
    0.45604E-02    0.73480E+04
    0.46525E-02    0.74193E+04
    0.47465E-02    0.74905E+04
    0.48424E-02    0.75616E+04
    0.49402E-02    0.76326E+04
    0.50400E-02    0.77034E+04
    0.51419E-02    0.77741E+04
    0.52457E-02    0.78445E+04
    0.53517E-02    0.79147E+04
    0.54598E-02    0.79846E+04
    0.55701E-02    0.80541E+04
    0.56826E-02    0.81233E+04
    0.57974E-02    0.81920E+04
    0.59145E-02    0.82603E+04
    0.60340E-02    0.83280E+04
    0.61559E-02    0.83952E+04
    0.62803E-02    0.84618E+04
    0.64072E-02    0.85277E+04
    0.65366E-02    0.85929E+04
    0.66686E-02    0.86574E+04
    0.68033E-02    0.87210E+04
    0.69408E-02    0.87837E+04
    0.70810E-02    0.88454E+04
    0.72240E-02    0.89062E+04
    0.73700E-02    0.89659E+04
    0.75189E-02    0.90245E+04
    0.76708E-02    0.90819E+04
    0.78257E-02    0.91380E+04
    0.79838E-02    0.91928E+04
    0.81451E-02    0.92462E+04
    0.83096E-02    0.92981E+04
    0.84775E-02    0.93485E+04
    0.86488E-02    0.93972E+04
    0.88235E-02    0.94442E+04
    0.90017E-02    0.94895E+04
    0.91836E-02    0.95329E+04
    0.93691E-02    0.95744E+04
    0.95583E-02    0.96138E+04
    0.97514E-02    0.96511E+04
    0.99484E-02    0.96862E+04
    0.10149E-01    0.97190E+04
    0.10354E-01    0.97494E+04
    0.10564E-01    0.97774E+04
    0.10777E-01    0.98027E+04
    0.10995E-01    0.98254E+04
    0.11217E-01    0.98453E+04
    0.11443E-01    0.98623E+04
    0.11675E-01    0.98763E+04
    0.11910E-01    0.98872E+04
    0.12151E-01    0.98949E+04
    0.12397E-01    0.98992E+04
    0.12647E-01    0.99002E+04
    0.12902E-01    0.98977E+04
    0.13163E-01    0.98916E+04
    0.13429E-01    0.98820E+04
    0.13700E-01    0.98686E+04
    0.13977E-01    0.98510E+04
    0.14259E-01    0.98291E+04
    0.14547E-01    0.98024E+04
    0.14841E-01    0.97709E+04
    0.15141E-01    0.97349E+04
    0.15447E-01    0.96950E+04
    0.15759E-01    0.96518E+04
    0.16077E-01    0.96057E+04
    0.16402E-01    0.95572E+04
    0.16734E-01    0.95053E+04
    0.17072E-01    0.94489E+04
    0.17416E-01    0.93869E+04
    0.17768E-01    0.93182E+04
    0.18127E-01    0.92418E+04
    0.18493E-01    0.91583E+04
    0.18867E-01    0.90683E+04
    0.19248E-01    0.89726E+04
    0.19637E-01    0.88719E+04
    0.20034E-01    0.87667E+04
    0.20438E-01    0.86563E+04
    0.20851E-01    0.85397E+04
    0.21272E-01    0.84162E+04
    0.21702E-01    0.82848E+04
    0.22141E-01    0.81451E+04
    0.22588E-01    0.79979E+04
    0.23044E-01    0.78441E+04
    0.23510E-01    0.76848E+04
    0.23985E-01    0.75207E+04
    0.24469E-01    0.73528E+04
    0.24964E-01    0.71810E+04
    0.25468E-01    0.70055E+04
    0.25982E-01    0.68261E+04
    0.26507E-01    0.66429E+04
    0.27043E-01    0.64560E+04
    0.27589E-01    0.62650E+04
    0.28146E-01    0.60695E+04
    0.28715E-01    0.58695E+04
    0.29295E-01    0.56647E+04
    0.29887E-01    0.54555E+04
    0.30490E-01    0.52423E+04
    0.31106E-01    0.50259E+04
    0.31735E-01    0.48071E+04
    0.32376E-01    0.45867E+04
    0.33030E-01    0.43655E+04
    0.33697E-01    0.41438E+04
    0.34378E-01    0.39221E+04
    0.35072E-01    0.37008E+04
    0.35781E-01    0.34806E+04
    0.36504E-01    0.32623E+04
    0.37241E-01    0.30463E+04
    0.37993E-01    0.28336E+04
    0.38761E-01    0.26249E+04
    0.39544E-01    0.24210E+04
    0.40343E-01    0.22226E+04
    0.41158E-01    0.20301E+04
    0.41989E-01    0.18440E+04
    0.42838E-01    0.16648E+04
    0.43703E-01    0.14932E+04
    0.44586E-01    0.13300E+04
    0.45486E-01    0.11759E+04
    0.46405E-01    0.10317E+04
    0.47343E-01    0.89807E+03
    0.48299E-01    0.77525E+03
    0.49275E-01    0.66338E+03
    0.50270E-01    0.56223E+03
    0.51286E-01    0.47156E+03
    0.52322E-01    0.39108E+03
    0.53379E-01    0.32047E+03
    0.54457E-01    0.25937E+03
    0.55557E-01    0.20730E+03
    0.56680E-01    0.16356E+03
    0.57825E-01    0.12741E+03
    0.58993E-01    0.98154E+02
    0.60184E-01    0.74930E+02
    0.61400E-01    0.56803E+02
    0.62641E-01    0.42944E+02
    0.63906E-01    0.32657E+02
    0.65197E-01    0.25211E+02
    0.66514E-01    0.19942E+02
    0.67858E-01    0.16331E+02
    0.69229E-01    0.13997E+02
    0.70627E-01    0.12684E+02
    0.72054E-01    0.12104E+02
    0.73510E-01    0.11968E+02
    0.74994E-01    0.12061E+02
    0.76509E-01    0.12216E+02
    0.78055E-01    0.12289E+02
    0.79632E-01    0.12135E+02
    0.81241E-01    0.11659E+02
    0.82882E-01    0.10819E+02
    0.84556E-01    0.96062E+01
    0.86264E-01    0.80101E+01
    0.88007E-01    0.61436E+01
    0.89785E-01    0.43282E+01
    0.91598E-01    0.28680E+01
    0.93449E-01    0.17824E+01
    0.95337E-01    0.91284E+00
    0.97263E-01    0.32679E+00
    0.99227E-01    0.70614E-01
    0.10123E+00    0.11674E-01
    0.10328E+00    0.27052E-02
    0.10536E+00    0.16262E-02
    0.10749E+00    0.30908E-02
    0.10966E+00    0.10962E-01
    0.11188E+00    0.39899E-01
    0.11414E+00    0.10282E+00
    0.11644E+00    0.19831E+00
    0.11880E+00    0.31695E+00
    0.12120E+00    0.45134E+00
    0.12365E+00    0.59295E+00
    0.12614E+00    0.74036E+00
    0.12869E+00    0.88086E+00
    0.13129E+00    0.98544E+00
    0.13394E+00    0.10247E+01
    0.13665E+00    0.98420E+00
    0.13941E+00    0.86864E+00
    0.14223E+00    0.70369E+00
    0.14510E+00    0.52385E+00
    0.14803E+00    0.35862E+00
    0.15102E+00    0.22578E+00
    0.15407E+00    0.12811E+00
    0.15718E+00    0.60996E-01
    0.16036E+00    0.23518E-01
    0.16360E+00    0.83182E-02
    0.16690E+00    0.33713E-02
    0.17028E+00    0.25161E-02
    0.17371E+00    0.46880E-02
    0.17722E+00    0.12440E-01
    0.18080E+00    0.27122E-01
    0.18446E+00    0.48700E-01
    0.18818E+00    0.76010E-01
    0.19198E+00    0.10248E+00
    0.19586E+00    0.11973E+00
    0.19982E+00    0.12296E+00
    0.20386E+00    0.11183E+00
    0.20797E+00    0.90186E-01
    0.21218E+00    0.64121E-01
    0.21646E+00    0.40213E-01
    0.22083E+00    0.22602E-01
    0.22530E+00    0.12007E-01
    0.22985E+00    0.70317E-02
    0.23449E+00    0.55417E-02
    0.23923E+00    0.65718E-02
    0.24406E+00    0.10015E-01
    0.24899E+00    0.15713E-01
    0.25402E+00    0.22562E-01
    0.25915E+00    0.28140E-01
    0.26439E+00    0.30324E-01
    0.26973E+00    0.28325E-01
    0.27518E+00    0.22994E-01
    0.28074E+00    0.16564E-01
    0.28641E+00    0.11018E-01
    0.29219E+00    0.74300E-02
    0.29810E+00    0.58238E-02
    0.30412E+00    0.57799E-02
    0.31026E+00    0.69368E-02
    0.31653E+00    0.88451E-02
    0.32292E+00    0.10723E-01
    0.32945E+00    0.11598E-01
    0.33610E+00    0.11007E-01
    0.34289E+00    0.93189E-02
    0.34982E+00    0.72716E-02
    0.35689E+00    0.56498E-02
    0.36409E+00    0.47920E-02
    0.37145E+00    0.46709E-02
    0.37895E+00    0.50909E-02
    0.38661E+00    0.56702E-02
    0.39442E+00    0.59689E-02
    0.40239E+00    0.57695E-02
    0.41052E+00    0.51138E-02
    0.41881E+00    0.43337E-02
    0.42727E+00    0.37764E-02
    0.43590E+00    0.35304E-02
    0.44471E+00    0.35616E-02
    0.45369E+00    0.36652E-02
    0.46286E+00    0.36615E-02
    0.47221E+00    0.34728E-02
    0.48174E+00    0.31454E-02
    0.49148E+00    0.28530E-02
    0.50141E+00    0.26503E-02
    0.51153E+00    0.25781E-02
    0.52187E+00    0.25468E-02
    0.53241E+00    0.24649E-02
    0.54317E+00    0.23379E-02
    0.55414E+00    0.21629E-02
    0.56533E+00    0.20255E-02
    0.57675E+00    0.19303E-02
    0.58840E+00    0.18576E-02
    0.60029E+00    0.17908E-02
    0.61242E+00    0.17173E-02
    0.62479E+00    0.16370E-02
    0.63741E+00    0.15540E-02
    0.65029E+00    0.14720E-02
    0.66342E+00    0.13942E-02
    0.67683E+00    0.13226E-02
    0.69050E+00    0.12568E-02
    0.70445E+00    0.11957E-02
    0.71868E+00    0.11382E-02
    0.73320E+00    0.10834E-02
    0.74801E+00    0.10306E-02
    0.76312E+00    0.97994E-03
    0.77854E+00    0.93143E-03
    0.79426E+00    0.88521E-03
    0.81031E+00    0.84138E-03
    0.82668E+00    0.79995E-03
    0.84338E+00    0.76075E-03
    0.86041E+00    0.72352E-03
    0.87780E+00    0.68806E-03
    0.89553E+00    0.65419E-03
    0.91362E+00    0.62177E-03
    0.93208E+00    0.59087E-03
    0.95091E+00    0.56162E-03
    0.97011E+00    0.53413E-03
    0.98971E+00    0.50844E-03
    0.10097E+01    0.48457E-03
    0.10301E+01    0.46225E-03
    0.10509E+01    0.44112E-03
    0.10721E+01    0.42091E-03
    0.10938E+01    0.40136E-03
    0.11159E+01    0.38230E-03
    0.11384E+01    0.36376E-03
    0.11614E+01    0.34588E-03
    0.11849E+01    0.32873E-03
    0.12088E+01    0.31240E-03
    0.12333E+01    0.29694E-03
    0.12582E+01    0.28229E-03
    0.12836E+01    0.26841E-03
    0.13095E+01    0.25524E-03
    0.13360E+01    0.24272E-03
    0.13630E+01    0.23080E-03
    0.13905E+01    0.21945E-03
    0.14186E+01    0.20863E-03
    0.14472E+01    0.19829E-03
    0.14765E+01    0.18842E-03
    0.15063E+01    0.17898E-03
    0.15367E+01    0.17002E-03
    0.15678E+01    0.16159E-03
    0.15994E+01    0.15371E-03
    0.16318E+01    0.14641E-03
    0.16647E+01    0.13969E-03
    0.16984E+01    0.13345E-03
    0.17327E+01    0.12756E-03
    0.17677E+01    0.12190E-03
    0.18034E+01    0.11638E-03
    0.18398E+01    0.11093E-03
    0.18770E+01    0.10558E-03
    0.19149E+01    0.10038E-03
    0.19536E+01    0.95394E-04
    0.19930E+01    0.90649E-04
    0.20333E+01    0.86173E-04
    0.20744E+01    0.81950E-04
    0.21163E+01    0.77954E-04
    0.21590E+01    0.74160E-04
    0.22026E+01    0.70548E-04
    0.22471E+01    0.67099E-04
    0.22925E+01    0.63809E-04
    0.23388E+01    0.60677E-04
    0.23861E+01    0.57701E-04
    0.24343E+01    0.54879E-04
    0.24835E+01    0.52205E-04
    0.25336E+01    0.49664E-04
    0.25848E+01    0.47237E-04
    0.26370E+01    0.44909E-04
    0.26903E+01    0.42665E-04
    0.27447E+01    0.40498E-04
    0.28001E+01    0.38430E-04
    0.28567E+01    0.36488E-04
    0.29144E+01    0.34695E-04
    0.29733E+01    0.33067E-04
    0.30333E+01    0.31611E-04
    0.30946E+01    0.30290E-04
    0.31571E+01    0.29055E-04
    0.32209E+01    0.27865E-04
    0.32860E+01    0.26685E-04
    0.33523E+01    0.25489E-04
    0.34201E+01    0.24288E-04
    0.34892E+01    0.23106E-04
    0.35596E+01    0.21963E-04
    0.36316E+01    0.20873E-04
    0.37049E+01    0.19849E-04
    0.37798E+01    0.18887E-04
    0.38561E+01    0.17980E-04
    0.39340E+01    0.17119E-04
    0.40135E+01    0.16299E-04
    0.40946E+01    0.15516E-04
    0.41773E+01    0.14768E-04
    0.42617E+01    0.14056E-04
    0.43478E+01    0.13380E-04
    0.44356E+01    0.12739E-04
    0.45252E+01    0.12134E-04
    0.46166E+01    0.11558E-04
    0.47099E+01    0.11007E-04
    0.48050E+01    0.10475E-04
    0.49021E+01    0.99584E-05
    0.50011E+01    0.94556E-05
    0.51021E+01    0.89747E-05
    0.52052E+01    0.85262E-05
    0.53104E+01    0.81185E-05
    0.54176E+01    0.77582E-05
    0.55271E+01    0.74485E-05
    0.56387E+01    0.71764E-05
    0.57526E+01    0.69245E-05
    0.58689E+01    0.66775E-05
    0.59874E+01    0.64221E-05
    0.61084E+01    0.61491E-05
    0.62318E+01    0.58642E-05
    0.63577E+01    0.55778E-05
    0.64861E+01    0.52988E-05
    0.66171E+01    0.50346E-05
    0.67508E+01    0.47904E-05
    0.68872E+01    0.45646E-05
    0.70263E+01    0.43538E-05
    0.71682E+01    0.41549E-05
    0.73130E+01    0.39654E-05
    0.74608E+01    0.37833E-05
    0.76115E+01    0.36081E-05
    0.77653E+01    0.34400E-05
    0.79221E+01    0.32792E-05
    0.80822E+01    0.31258E-05
    0.82454E+01    0.29798E-05
    0.84120E+01    0.28410E-05
    0.85819E+01    0.27093E-05
    0.87553E+01    0.25846E-05
    0.89322E+01    0.24666E-05
    0.91126E+01    0.23551E-05
    0.92967E+01    0.22487E-05
    0.94845E+01    0.21462E-05
    0.96761E+01    0.20461E-05
    0.98716E+01    0.19476E-05
    0.10071E+02    0.18503E-05
    0.10274E+02    0.17568E-05
    0.10482E+02    0.16705E-05
    0.10694E+02    0.15942E-05
    0.10910E+02    0.15299E-05
    0.11130E+02    0.14790E-05
    0.11355E+02    0.14377E-05
    0.11584E+02    0.14008E-05
    0.11818E+02    0.13635E-05
    0.12057E+02    0.13218E-05
    0.12301E+02    0.12725E-05
    0.12549E+02    0.12173E-05
    0.12803E+02    0.11598E-05
    0.13061E+02    0.11028E-05
    0.13325E+02    0.10489E-05
    0.13594E+02    0.99983E-06
    0.13869E+02    0.95519E-06
    0.14149E+02    0.91393E-06
    0.14435E+02    0.87514E-06
    0.14727E+02    0.83804E-06
    0.15024E+02    0.80203E-06
    0.15328E+02    0.76709E-06
    0.15637E+02    0.73338E-06
    0.15953E+02    0.70105E-06
    0.16275E+02    0.67021E-06
    0.16604E+02    0.64093E-06
    0.16940E+02    0.61311E-06
    0.17282E+02    0.58662E-06
    0.17631E+02    0.56132E-06
    0.17987E+02    0.53711E-06
    0.18351E+02    0.51390E-06
    0.18721E+02    0.49162E-06
    0.19099E+02    0.47024E-06
    0.19485E+02    0.44974E-06
    0.19879E+02    0.43007E-06
    0.20280E+02    0.41122E-06
    0.20690E+02    0.39314E-06
    0.21108E+02    0.37583E-06
    0.21535E+02    0.35926E-06
    0.21970E+02    0.34342E-06
