    0.10000E-03    0.32766E+03
    0.10202E-03    0.33417E+03
    0.10408E-03    0.34082E+03
    0.10618E-03    0.34759E+03
    0.10833E-03    0.35451E+03
    0.11052E-03    0.36157E+03
    0.11275E-03    0.36878E+03
    0.11503E-03    0.37614E+03
    0.11735E-03    0.38365E+03
    0.11972E-03    0.39131E+03
    0.12214E-03    0.39913E+03
    0.12461E-03    0.40712E+03
    0.12712E-03    0.41527E+03
    0.12969E-03    0.42359E+03
    0.13231E-03    0.43209E+03
    0.13499E-03    0.44077E+03
    0.13771E-03    0.44962E+03
    0.14049E-03    0.45867E+03
    0.14333E-03    0.46790E+03
    0.14623E-03    0.47733E+03
    0.14918E-03    0.48696E+03
    0.15220E-03    0.49679E+03
    0.15527E-03    0.50683E+03
    0.15841E-03    0.51708E+03
    0.16161E-03    0.52755E+03
    0.16487E-03    0.53824E+03
    0.16820E-03    0.54917E+03
    0.17160E-03    0.56032E+03
    0.17507E-03    0.57171E+03
    0.17860E-03    0.58335E+03
    0.18221E-03    0.59523E+03
    0.18589E-03    0.60737E+03
    0.18965E-03    0.61977E+03
    0.19348E-03    0.63244E+03
    0.19739E-03    0.64538E+03
    0.20138E-03    0.65859E+03
    0.20544E-03    0.67209E+03
    0.20959E-03    0.68588E+03
    0.21383E-03    0.69997E+03
    0.21815E-03    0.71436E+03
    0.22255E-03    0.72905E+03
    0.22705E-03    0.74406E+03
    0.23164E-03    0.75940E+03
    0.23632E-03    0.77506E+03
    0.24109E-03    0.79105E+03
    0.24596E-03    0.80738E+03
    0.25093E-03    0.82406E+03
    0.25600E-03    0.84110E+03
    0.26117E-03    0.85849E+03
    0.26645E-03    0.87625E+03
    0.27183E-03    0.89439E+03
    0.27732E-03    0.91290E+03
    0.28292E-03    0.93180E+03
    0.28864E-03    0.95109E+03
    0.29447E-03    0.97077E+03
    0.30042E-03    0.99086E+03
    0.30649E-03    0.10114E+04
    0.31268E-03    0.10323E+04
    0.31899E-03    0.10536E+04
    0.32544E-03    0.10754E+04
    0.33201E-03    0.10975E+04
    0.33872E-03    0.11201E+04
    0.34556E-03    0.11432E+04
    0.35254E-03    0.11667E+04
    0.35966E-03    0.11906E+04
    0.36693E-03    0.12150E+04
    0.37434E-03    0.12399E+04
    0.38190E-03    0.12652E+04
    0.38962E-03    0.12909E+04
    0.39749E-03    0.13171E+04
    0.40552E-03    0.13438E+04
    0.41371E-03    0.13709E+04
    0.42207E-03    0.13985E+04
    0.43060E-03    0.14265E+04
    0.43929E-03    0.14550E+04
    0.44817E-03    0.14840E+04
    0.45722E-03    0.15134E+04
    0.46646E-03    0.15432E+04
    0.47588E-03    0.15735E+04
    0.48550E-03    0.16043E+04
    0.49530E-03    0.16355E+04
    0.50531E-03    0.16671E+04
    0.51552E-03    0.16991E+04
    0.52593E-03    0.17316E+04
    0.53656E-03    0.17645E+04
    0.54739E-03    0.17978E+04
    0.55845E-03    0.18315E+04
    0.56973E-03    0.18656E+04
    0.58124E-03    0.19001E+04
    0.59299E-03    0.19350E+04
    0.60496E-03    0.19702E+04
    0.61719E-03    0.20059E+04
    0.62965E-03    0.20418E+04
    0.64237E-03    0.20782E+04
    0.65535E-03    0.21148E+04
    0.66859E-03    0.21518E+04
    0.68210E-03    0.21891E+04
    0.69588E-03    0.22268E+04
    0.70993E-03    0.22647E+04
    0.72427E-03    0.23030E+04
    0.73891E-03    0.23415E+04
    0.75383E-03    0.23803E+04
    0.76906E-03    0.24194E+04
    0.78460E-03    0.24588E+04
    0.80045E-03    0.24985E+04
    0.81662E-03    0.25384E+04
    0.83311E-03    0.25785E+04
    0.84994E-03    0.26190E+04
    0.86711E-03    0.26596E+04
    0.88463E-03    0.27006E+04
    0.90250E-03    0.27418E+04
    0.92073E-03    0.27832E+04
    0.93933E-03    0.28249E+04
    0.95831E-03    0.28668E+04
    0.97767E-03    0.29090E+04
    0.99742E-03    0.29515E+04
    0.10176E-02    0.29942E+04
    0.10381E-02    0.30372E+04
    0.10591E-02    0.30804E+04
    0.10805E-02    0.31239E+04
    0.11023E-02    0.31678E+04
    0.11246E-02    0.32119E+04
    0.11473E-02    0.32563E+04
    0.11705E-02    0.33010E+04
    0.11941E-02    0.33460E+04
    0.12182E-02    0.33914E+04
    0.12429E-02    0.34371E+04
    0.12680E-02    0.34831E+04
    0.12936E-02    0.35295E+04
    0.13197E-02    0.35763E+04
    0.13464E-02    0.36234E+04
    0.13736E-02    0.36709E+04
    0.14013E-02    0.37188E+04
    0.14296E-02    0.37672E+04
    0.14585E-02    0.38159E+04
    0.14880E-02    0.38650E+04
    0.15180E-02    0.39146E+04
    0.15487E-02    0.39647E+04
    0.15800E-02    0.40151E+04
    0.16119E-02    0.40661E+04
    0.16445E-02    0.41175E+04
    0.16777E-02    0.41694E+04
    0.17116E-02    0.42217E+04
    0.17462E-02    0.42746E+04
    0.17814E-02    0.43279E+04
    0.18174E-02    0.43818E+04
    0.18541E-02    0.44362E+04
    0.18916E-02    0.44910E+04
    0.19298E-02    0.45464E+04
    0.19688E-02    0.46023E+04
    0.20086E-02    0.46588E+04
    0.20491E-02    0.47157E+04
    0.20905E-02    0.47732E+04
    0.21328E-02    0.48312E+04
    0.21758E-02    0.48897E+04
    0.22198E-02    0.49488E+04
    0.22646E-02    0.50084E+04
    0.23104E-02    0.50685E+04
    0.23571E-02    0.51292E+04
    0.24047E-02    0.51904E+04
    0.24533E-02    0.52521E+04
    0.25028E-02    0.53143E+04
    0.25534E-02    0.53771E+04
    0.26050E-02    0.54403E+04
    0.26576E-02    0.55041E+04
    0.27113E-02    0.55684E+04
    0.27660E-02    0.56331E+04
    0.28219E-02    0.56984E+04
    0.28789E-02    0.57641E+04
    0.29371E-02    0.58303E+04
    0.29964E-02    0.58970E+04
    0.30569E-02    0.59641E+04
    0.31187E-02    0.60317E+04
    0.31817E-02    0.60997E+04
    0.32460E-02    0.61681E+04
    0.33115E-02    0.62370E+04
    0.33784E-02    0.63062E+04
    0.34467E-02    0.63759E+04
    0.35163E-02    0.64458E+04
    0.35874E-02    0.65162E+04
    0.36598E-02    0.65868E+04
    0.37338E-02    0.66578E+04
    0.38092E-02    0.67291E+04
    0.38861E-02    0.68007E+04
    0.39646E-02    0.68725E+04
    0.40447E-02    0.69447E+04
    0.41264E-02    0.70172E+04
    0.42098E-02    0.70898E+04
    0.42948E-02    0.71627E+04
    0.43816E-02    0.72357E+04
    0.44701E-02    0.73088E+04
    0.45604E-02    0.73820E+04
    0.46525E-02    0.74552E+04
    0.47465E-02    0.75284E+04
    0.48424E-02    0.76017E+04
    0.49402E-02    0.76749E+04
    0.50400E-02    0.77481E+04
    0.51419E-02    0.78212E+04
    0.52457E-02    0.78942E+04
    0.53517E-02    0.79671E+04
    0.54598E-02    0.80398E+04
    0.55701E-02    0.81123E+04
    0.56826E-02    0.81846E+04
    0.57974E-02    0.82566E+04
    0.59145E-02    0.83282E+04
    0.60340E-02    0.83995E+04
    0.61559E-02    0.84704E+04
    0.62803E-02    0.85408E+04
    0.64072E-02    0.86108E+04
    0.65366E-02    0.86802E+04
    0.66686E-02    0.87490E+04
    0.68033E-02    0.88172E+04
    0.69408E-02    0.88848E+04
    0.70810E-02    0.89516E+04
    0.72240E-02    0.90176E+04
    0.73700E-02    0.90827E+04
    0.75189E-02    0.91470E+04
    0.76708E-02    0.92104E+04
    0.78257E-02    0.92727E+04
    0.79838E-02    0.93340E+04
    0.81451E-02    0.93942E+04
    0.83096E-02    0.94532E+04
    0.84775E-02    0.95109E+04
    0.86488E-02    0.95673E+04
    0.88235E-02    0.96224E+04
    0.90017E-02    0.96760E+04
    0.91836E-02    0.97282E+04
    0.93691E-02    0.97787E+04
    0.95583E-02    0.98276E+04
    0.97514E-02    0.98748E+04
    0.99484E-02    0.99202E+04
    0.10149E-01    0.99637E+04
    0.10354E-01    0.10005E+05
    0.10564E-01    0.10045E+05
    0.10777E-01    0.10082E+05
    0.10995E-01    0.10118E+05
    0.11217E-01    0.10151E+05
    0.11443E-01    0.10181E+05
    0.11675E-01    0.10210E+05
    0.11910E-01    0.10235E+05
    0.12151E-01    0.10258E+05
    0.12397E-01    0.10279E+05
    0.12647E-01    0.10296E+05
    0.12902E-01    0.10311E+05
    0.13163E-01    0.10323E+05
    0.13429E-01    0.10332E+05
    0.13700E-01    0.10338E+05
    0.13977E-01    0.10341E+05
    0.14259E-01    0.10340E+05
    0.14547E-01    0.10336E+05
    0.14841E-01    0.10327E+05
    0.15141E-01    0.10315E+05
    0.15447E-01    0.10299E+05
    0.15759E-01    0.10280E+05
    0.16077E-01    0.10259E+05
    0.16402E-01    0.10236E+05
    0.16734E-01    0.10212E+05
    0.17072E-01    0.10186E+05
    0.17416E-01    0.10155E+05
    0.17768E-01    0.10119E+05
    0.18127E-01    0.10078E+05
    0.18493E-01    0.10030E+05
    0.18867E-01    0.99760E+04
    0.19248E-01    0.99170E+04
    0.19637E-01    0.98536E+04
    0.20034E-01    0.97866E+04
    0.20438E-01    0.97161E+04
    0.20851E-01    0.96416E+04
    0.21272E-01    0.95622E+04
    0.21702E-01    0.94773E+04
    0.22141E-01    0.93863E+04
    0.22588E-01    0.92891E+04
    0.23044E-01    0.91866E+04
    0.23510E-01    0.90795E+04
    0.23985E-01    0.89686E+04
    0.24469E-01    0.88548E+04
    0.24964E-01    0.87384E+04
    0.25468E-01    0.86196E+04
    0.25982E-01    0.84984E+04
    0.26507E-01    0.83747E+04
    0.27043E-01    0.82485E+04
    0.27589E-01    0.81199E+04
    0.28146E-01    0.79885E+04
    0.28715E-01    0.78539E+04
    0.29295E-01    0.77160E+04
    0.29887E-01    0.75744E+04
    0.30490E-01    0.74295E+04
    0.31106E-01    0.72820E+04
    0.31735E-01    0.71326E+04
    0.32376E-01    0.69821E+04
    0.33030E-01    0.68310E+04
    0.33697E-01    0.66800E+04
    0.34378E-01    0.65291E+04
    0.35072E-01    0.63785E+04
    0.35781E-01    0.62283E+04
    0.36504E-01    0.60787E+04
    0.37241E-01    0.59299E+04
    0.37993E-01    0.57823E+04
    0.38761E-01    0.56362E+04
    0.39544E-01    0.54920E+04
    0.40343E-01    0.53499E+04
    0.41158E-01    0.52104E+04
    0.41989E-01    0.50735E+04
    0.42838E-01    0.49395E+04
    0.43703E-01    0.48086E+04
    0.44586E-01    0.46810E+04
    0.45486E-01    0.45569E+04
    0.46405E-01    0.44365E+04
    0.47343E-01    0.43202E+04
    0.48299E-01    0.42081E+04
    0.49275E-01    0.41006E+04
    0.50270E-01    0.39974E+04
    0.51286E-01    0.38985E+04
    0.52322E-01    0.38036E+04
    0.53379E-01    0.37126E+04
    0.54457E-01    0.36251E+04
    0.55557E-01    0.35410E+04
    0.56680E-01    0.34599E+04
    0.57825E-01    0.33816E+04
    0.58993E-01    0.33057E+04
    0.60184E-01    0.32319E+04
    0.61400E-01    0.31599E+04
    0.62641E-01    0.30894E+04
    0.63906E-01    0.30199E+04
    0.65197E-01    0.29510E+04
    0.66514E-01    0.28821E+04
    0.67858E-01    0.28130E+04
    0.69229E-01    0.27438E+04
    0.70627E-01    0.26747E+04
    0.72054E-01    0.26057E+04
    0.73510E-01    0.25358E+04
    0.74994E-01    0.24637E+04
    0.76509E-01    0.23884E+04
    0.78055E-01    0.23101E+04
    0.79632E-01    0.22295E+04
    0.81241E-01    0.21473E+04
    0.82882E-01    0.20637E+04
    0.84556E-01    0.19790E+04
    0.86264E-01    0.18937E+04
    0.88007E-01    0.18086E+04
    0.89785E-01    0.17245E+04
    0.91598E-01    0.16422E+04
    0.93449E-01    0.15626E+04
    0.95337E-01    0.14863E+04
    0.97263E-01    0.14142E+04
    0.99227E-01    0.13469E+04
    0.10123E+00    0.12848E+04
    0.10328E+00    0.12283E+04
    0.10536E+00    0.11776E+04
    0.10749E+00    0.11328E+04
    0.10966E+00    0.10936E+04
    0.11188E+00    0.10595E+04
    0.11414E+00    0.10299E+04
    0.11644E+00    0.10043E+04
    0.11880E+00    0.98139E+03
    0.12120E+00    0.96043E+03
    0.12365E+00    0.94042E+03
    0.12614E+00    0.92040E+03
    0.12869E+00    0.89952E+03
    0.13129E+00    0.87709E+03
    0.13394E+00    0.85250E+03
    0.13665E+00    0.82541E+03
    0.13941E+00    0.79566E+03
    0.14223E+00    0.76334E+03
    0.14510E+00    0.72891E+03
    0.14803E+00    0.69298E+03
    0.15102E+00    0.65649E+03
    0.15407E+00    0.62045E+03
    0.15718E+00    0.58587E+03
    0.16036E+00    0.55371E+03
    0.16360E+00    0.52464E+03
    0.16690E+00    0.49911E+03
    0.17028E+00    0.47726E+03
    0.17371E+00    0.45894E+03
    0.17722E+00    0.44380E+03
    0.18080E+00    0.43126E+03
    0.18446E+00    0.42060E+03
    0.18818E+00    0.41094E+03
    0.19198E+00    0.40135E+03
    0.19586E+00    0.39092E+03
    0.19982E+00    0.37901E+03
    0.20386E+00    0.36525E+03
    0.20797E+00    0.34974E+03
    0.21218E+00    0.33293E+03
    0.21646E+00    0.31554E+03
    0.22083E+00    0.29840E+03
    0.22530E+00    0.28225E+03
    0.22985E+00    0.26773E+03
    0.23449E+00    0.25520E+03
    0.23923E+00    0.24475E+03
    0.24406E+00    0.23619E+03
    0.24899E+00    0.22901E+03
    0.25402E+00    0.22256E+03
    0.25915E+00    0.21616E+03
    0.26439E+00    0.20926E+03
    0.26973E+00    0.20155E+03
    0.27518E+00    0.19301E+03
    0.28074E+00    0.18389E+03
    0.28641E+00    0.17464E+03
    0.29219E+00    0.16582E+03
    0.29810E+00    0.15789E+03
    0.30412E+00    0.15106E+03
    0.31026E+00    0.14525E+03
    0.31653E+00    0.14020E+03
    0.32292E+00    0.13551E+03
    0.32945E+00    0.13081E+03
    0.33610E+00    0.12583E+03
    0.34289E+00    0.12051E+03
    0.34982E+00    0.11501E+03
    0.35689E+00    0.10960E+03
    0.36409E+00    0.10455E+03
    0.37145E+00    0.10003E+03
    0.37895E+00    0.96030E+02
    0.38661E+00    0.92415E+02
    0.39442E+00    0.88931E+02
    0.40239E+00    0.85416E+02
    0.41052E+00    0.81827E+02
    0.41881E+00    0.78200E+02
    0.42727E+00    0.74696E+02
    0.43590E+00    0.71430E+02
    0.44471E+00    0.68437E+02
    0.45369E+00    0.65672E+02
    0.46286E+00    0.63032E+02
    0.47221E+00    0.60427E+02
    0.48174E+00    0.57839E+02
    0.49148E+00    0.55307E+02
    0.50141E+00    0.52896E+02
    0.51153E+00    0.50637E+02
    0.52187E+00    0.48517E+02
    0.53241E+00    0.46481E+02
    0.54317E+00    0.44510E+02
    0.55414E+00    0.42582E+02
    0.56533E+00    0.40729E+02
    0.57675E+00    0.38971E+02
    0.58840E+00    0.37298E+02
    0.60029E+00    0.35696E+02
    0.61242E+00    0.34156E+02
    0.62479E+00    0.32677E+02
    0.63741E+00    0.31255E+02
    0.65029E+00    0.29892E+02
    0.66342E+00    0.28585E+02
    0.67683E+00    0.27334E+02
    0.69050E+00    0.26137E+02
    0.70445E+00    0.24990E+02
    0.71868E+00    0.23892E+02
    0.73320E+00    0.22841E+02
    0.74801E+00    0.21834E+02
    0.76312E+00    0.20870E+02
    0.77854E+00    0.19946E+02
    0.79426E+00    0.19062E+02
    0.81031E+00    0.18215E+02
    0.82668E+00    0.17404E+02
    0.84338E+00    0.16627E+02
    0.86041E+00    0.15884E+02
    0.87780E+00    0.15173E+02
    0.89553E+00    0.14493E+02
    0.91362E+00    0.13842E+02
    0.93208E+00    0.13219E+02
    0.95091E+00    0.12624E+02
    0.97011E+00    0.12054E+02
    0.98971E+00    0.11510E+02
    0.10097E+01    0.10988E+02
    0.10301E+01    0.10490E+02
    0.10509E+01    0.10013E+02
    0.10721E+01    0.95569E+01
    0.10938E+01    0.91211E+01
    0.11159E+01    0.87045E+01
    0.11384E+01    0.83064E+01
    0.11614E+01    0.79259E+01
    0.11849E+01    0.75622E+01
    0.12088E+01    0.72147E+01
    0.12333E+01    0.68825E+01
    0.12582E+01    0.65651E+01
    0.12836E+01    0.62619E+01
    0.13095E+01    0.59723E+01
    0.13360E+01    0.56958E+01
    0.13630E+01    0.54318E+01
    0.13905E+01    0.51798E+01
    0.14186E+01    0.49391E+01
    0.14472E+01    0.47092E+01
    0.14765E+01    0.44897E+01
    0.15063E+01    0.42800E+01
    0.15367E+01    0.40797E+01
    0.15678E+01    0.38885E+01
    0.15994E+01    0.37060E+01
    0.16318E+01    0.35319E+01
    0.16647E+01    0.33657E+01
    0.16984E+01    0.32073E+01
    0.17327E+01    0.30561E+01
    0.17677E+01    0.29118E+01
    0.18034E+01    0.27742E+01
    0.18398E+01    0.26429E+01
    0.18770E+01    0.25176E+01
    0.19149E+01    0.23981E+01
    0.19536E+01    0.22841E+01
    0.19930E+01    0.21755E+01
    0.20333E+01    0.20719E+01
    0.20744E+01    0.19732E+01
    0.21163E+01    0.18792E+01
    0.21590E+01    0.17895E+01
    0.22026E+01    0.17039E+01
    0.22471E+01    0.16223E+01
    0.22925E+01    0.15445E+01
    0.23388E+01    0.14704E+01
    0.23861E+01    0.13997E+01
    0.24343E+01    0.13323E+01
    0.24835E+01    0.12681E+01
    0.25336E+01    0.12069E+01
    0.25848E+01    0.11486E+01
    0.26370E+01    0.10931E+01
    0.26903E+01    0.10402E+01
    0.27447E+01    0.98979E+00
    0.28001E+01    0.94179E+00
    0.28567E+01    0.89607E+00
    0.29144E+01    0.85251E+00
    0.29733E+01    0.81103E+00
    0.30333E+01    0.77153E+00
    0.30946E+01    0.73391E+00
    0.31571E+01    0.69810E+00
    0.32209E+01    0.66402E+00
    0.32860E+01    0.63159E+00
    0.33523E+01    0.60073E+00
    0.34201E+01    0.57137E+00
    0.34892E+01    0.54342E+00
    0.35596E+01    0.51681E+00
    0.36316E+01    0.49148E+00
    0.37049E+01    0.46734E+00
    0.37798E+01    0.44436E+00
    0.38561E+01    0.42248E+00
    0.39340E+01    0.40165E+00
    0.40135E+01    0.38183E+00
    0.40946E+01    0.36298E+00
    0.41773E+01    0.34504E+00
    0.42617E+01    0.32798E+00
    0.43478E+01    0.31175E+00
    0.44356E+01    0.29631E+00
    0.45252E+01    0.28162E+00
    0.46166E+01    0.26764E+00
    0.47099E+01    0.25435E+00
    0.48050E+01    0.24171E+00
    0.49021E+01    0.22969E+00
    0.50011E+01    0.21826E+00
    0.51021E+01    0.20738E+00
    0.52052E+01    0.19704E+00
    0.53104E+01    0.18721E+00
    0.54176E+01    0.17786E+00
    0.55271E+01    0.16896E+00
    0.56387E+01    0.16050E+00
    0.57526E+01    0.15247E+00
    0.58689E+01    0.14483E+00
    0.59874E+01    0.13758E+00
    0.61084E+01    0.13069E+00
    0.62318E+01    0.12415E+00
    0.63577E+01    0.11794E+00
    0.64861E+01    0.11203E+00
    0.66171E+01    0.10641E+00
    0.67508E+01    0.10106E+00
    0.68872E+01    0.95978E-01
    0.70263E+01    0.91140E-01
    0.71682E+01    0.86542E-01
    0.73130E+01    0.82172E-01
    0.74608E+01    0.78021E-01
    0.76115E+01    0.74078E-01
    0.77653E+01    0.70333E-01
    0.79221E+01    0.66775E-01
    0.80822E+01    0.63395E-01
    0.82454E+01    0.60183E-01
    0.84120E+01    0.57133E-01
    0.85819E+01    0.54235E-01
    0.87553E+01    0.51482E-01
    0.89322E+01    0.48867E-01
    0.91126E+01    0.46384E-01
    0.92967E+01    0.44025E-01
    0.94845E+01    0.41784E-01
    0.96761E+01    0.39657E-01
    0.98716E+01    0.37637E-01
    0.10071E+02    0.35719E-01
    0.10274E+02    0.33897E-01
    0.10482E+02    0.32167E-01
    0.10694E+02    0.30524E-01
    0.10910E+02    0.28964E-01
    0.11130E+02    0.27481E-01
    0.11355E+02    0.26073E-01
    0.11584E+02    0.24737E-01
    0.11818E+02    0.23470E-01
    0.12057E+02    0.22269E-01
    0.12301E+02    0.21132E-01
    0.12549E+02    0.20054E-01
    0.12803E+02    0.19031E-01
    0.13061E+02    0.18060E-01
    0.13325E+02    0.17137E-01
    0.13594E+02    0.16259E-01
    0.13869E+02    0.15424E-01
    0.14149E+02    0.14630E-01
    0.14435E+02    0.13877E-01
    0.14727E+02    0.13161E-01
    0.15024E+02    0.12483E-01
    0.15328E+02    0.11839E-01
    0.15637E+02    0.11229E-01
    0.15953E+02    0.10650E-01
    0.16275E+02    0.10100E-01
    0.16604E+02    0.95789E-02
    0.16940E+02    0.90841E-02
    0.17282E+02    0.86145E-02
    0.17631E+02    0.81691E-02
    0.17987E+02    0.77464E-02
    0.18351E+02    0.73454E-02
    0.18721E+02    0.69650E-02
    0.19099E+02    0.66041E-02
    0.19485E+02    0.62617E-02
    0.19879E+02    0.59369E-02
    0.20280E+02    0.56287E-02
    0.20690E+02    0.53364E-02
    0.21108E+02    0.50591E-02
    0.21535E+02    0.47962E-02
    0.21970E+02    0.45468E-02
