7.389889999999999816e-05 3.164665924453627213e+02 3.164635368654568310e+02
1.218389999999999968e-04 5.128521605343769352e+02 5.128521605187074783e+02
2.008780000000000103e-04 8.307731014559152527e+02 8.307731013881790432e+02
3.311920000000000098e-04 1.344412751002843606e+03 1.344401975618262895e+03
5.460429999999999624e-04 2.170060991834121069e+03 2.170060990636795850e+03
9.002730000000000454e-04 3.482916738480685581e+03 3.482922530592499697e+03
1.484300000000000029e-03 5.527205593518250680e+03 5.527233468770608852e+03
2.447200000000000070e-03 8.588219644930662980e+03 8.588232333339352408e+03
4.034740000000000201e-03 1.285700988714006962e+04 1.285714154587716439e+04
4.571959999999999913e-03 1.410177647177812833e+04 1.410186842826706925e+04
5.180709999999999829e-03 1.540103686525375815e+04 1.540116370000242205e+04
5.870519999999999732e-03 1.673889279184478437e+04 1.673906086112185221e+04
6.652169999999999785e-03 1.809451976319709502e+04 1.809484036602217020e+04
7.537890000000000215e-03 1.944046921688365910e+04 1.944082429274809692e+04
8.541550000000000184e-03 2.074245775540753311e+04 2.074320974855460736e+04
9.678849999999999260e-03 2.195900308159775159e+04 2.195981088373881721e+04
1.096759999999999922e-02 2.304009633229573956e+04 2.304116249795722251e+04
1.242790000000000041e-02 2.392862695084881125e+04 2.393025892523000948e+04
1.408260000000000067e-02 2.456094915272188155e+04 2.456286396729942135e+04
1.595769999999999827e-02 2.487048165291295663e+04 2.487296140189953076e+04
1.808250000000000135e-02 2.479405631845624157e+04 2.479716219667084442e+04
2.049010000000000067e-02 2.428010944265113358e+04 2.428376985051880911e+04
2.321830000000000074e-02 2.330374787554121940e+04 2.330848389326301185e+04
2.630980000000000124e-02 2.188406082547179176e+04 2.188986226381945380e+04
2.981289999999999982e-02 2.009778850347058687e+04 2.010496345270844540e+04
3.378250000000000003e-02 1.809046178857011910e+04 1.809896416774921818e+04
3.828059999999999796e-02 1.627499880808144553e+04 1.628538239008569690e+04
4.337760000000000227e-02 1.443803940621595939e+04 1.445032206752795719e+04
4.915320000000000106e-02 1.282842235965634609e+04 1.284420097664710192e+04
5.569790000000000157e-02 1.179325664795110060e+04 1.180106855263425132e+04
6.311400000000000343e-02 1.089108396527299192e+04 1.090870752357593665e+04
7.050389999999999435e-02 9.952348357618679074e+03 9.983150797391241213e+03
7.789379999999999915e-02 8.951930961158361242e+03 8.976552190945247276e+03
8.528370000000000395e-02 7.805353149828824826e+03 7.833015169581325608e+03
9.267359999999999487e-02 6.740810648281875729e+03 6.771153031882637151e+03
1.000629999999999992e-01 5.916335611217231417e+03 5.945308314253997196e+03
1.074530000000000068e-01 5.356633233403253143e+03 5.387106567609392187e+03
1.148430000000000006e-01 5.002393281961632056e+03 5.035117603435278397e+03
1.222329999999999944e-01 4.753625106665389467e+03 4.786186531333845778e+03
1.296229999999999882e-01 4.503064263585291883e+03 4.537620683154553262e+03
1.370129999999999959e-01 4.193747700326192899e+03 4.230514155499193294e+03
1.444030000000000036e-01 3.830536217521167146e+03 3.869486275695951008e+03
1.517930000000000113e-01 3.462012871676178293e+03 3.501758927637541092e+03
1.591829999999999912e-01 3.142271964862322875e+03 3.183891684315734892e+03
1.665719999999999978e-01 2.903816046623891452e+03 2.946977624564813141e+03
1.739620000000000055e-01 2.739505982874345591e+03 2.783961285410915480e+03
1.813520000000000132e-01 2.619515001635388671e+03 2.668007991261068582e+03
1.887419999999999931e-01 2.516003632060483596e+03 2.566857088841122277e+03
1.961320000000000008e-01 2.400074096109274706e+03 2.453520235468936789e+03
2.035220000000000085e-01 2.263019774889180553e+03 2.319427802588825216e+03
2.109119999999999884e-01 2.114472464437914823e+03 2.173451957207741088e+03
2.183019999999999960e-01 1.971349749525015113e+03 2.032381866928077898e+03
2.315280000000000116e-01 1.770405899172276122e+03 1.836502222299100822e+03
2.455559999999999965e-01 1.634654857291284998e+03 1.706689519553368882e+03
2.604339999999999988e-01 1.513402735464976558e+03 1.592179595733600991e+03
2.762129999999999863e-01 1.367044927262034889e+03 1.452176067046764729e+03
2.929479999999999862e-01 1.226786127734724005e+03 1.317936138803866697e+03
3.106970000000000010e-01 1.122225520671253435e+03 1.220279855684612812e+03
3.295219999999999816e-01 1.028768890367051881e+03 1.133641297229447446e+03
3.494869999999999921e-01 9.303279206727969495e+02 1.040439080120393555e+03
3.706619999999999915e-01 8.472063798171111557e+02 9.616727781911492912e+02
3.931189999999999962e-01 7.779992632142470939e+02 8.956712699603419878e+02
4.169379999999999753e-01 7.120313016106158557e+02 8.303059809450440980e+02
4.421990000000000087e-01 6.568162740479708646e+02 7.736733362389103377e+02
6.171389999999999931e-01 4.570587327304285168e+02 5.420856348320185134e+02
8.612859999999999960e-01 3.441248495998293606e+02 4.040103572155855431e+02
1.202020000000000088e+00 2.625914518634120327e+02 3.049323366527868302e+02
1.677559999999999940e+00 1.876622011804356305e+02 2.184532416066355154e+02
2.341219999999999857e+00 1.190161944095107884e+02 1.416406828623869956e+02
3.267430000000000057e+00 6.674876994615607373e+01 8.293231170662092211e+01
4.560069999999999624e+00 3.452795327040985285e+01 4.534653332680134241e+01
6.364090000000000025e+00 1.700843582795860698e+01 2.373307340557617451e+01
