    0.10000E-03    0.32766E+03
    0.10202E-03    0.33417E+03
    0.10408E-03    0.34081E+03
    0.10618E-03    0.34759E+03
    0.10833E-03    0.35451E+03
    0.11052E-03    0.36157E+03
    0.11275E-03    0.36878E+03
    0.11503E-03    0.37613E+03
    0.11735E-03    0.38364E+03
    0.11972E-03    0.39131E+03
    0.12214E-03    0.39913E+03
    0.12461E-03    0.40711E+03
    0.12712E-03    0.41527E+03
    0.12969E-03    0.42359E+03
    0.13231E-03    0.43209E+03
    0.13499E-03    0.44076E+03
    0.13771E-03    0.44962E+03
    0.14049E-03    0.45866E+03
    0.14333E-03    0.46790E+03
    0.14623E-03    0.47732E+03
    0.14918E-03    0.48695E+03
    0.15220E-03    0.49678E+03
    0.15527E-03    0.50682E+03
    0.15841E-03    0.51707E+03
    0.16161E-03    0.52754E+03
    0.16487E-03    0.53824E+03
    0.16820E-03    0.54916E+03
    0.17160E-03    0.56031E+03
    0.17507E-03    0.57171E+03
    0.17860E-03    0.58334E+03
    0.18221E-03    0.59523E+03
    0.18589E-03    0.60737E+03
    0.18965E-03    0.61977E+03
    0.19348E-03    0.63243E+03
    0.19739E-03    0.64537E+03
    0.20138E-03    0.65859E+03
    0.20544E-03    0.67209E+03
    0.20959E-03    0.68588E+03
    0.21383E-03    0.69996E+03
    0.21815E-03    0.71435E+03
    0.22255E-03    0.72904E+03
    0.22705E-03    0.74405E+03
    0.23164E-03    0.75939E+03
    0.23632E-03    0.77505E+03
    0.24109E-03    0.79104E+03
    0.24596E-03    0.80737E+03
    0.25093E-03    0.82406E+03
    0.25600E-03    0.84109E+03
    0.26117E-03    0.85848E+03
    0.26645E-03    0.87624E+03
    0.27183E-03    0.89438E+03
    0.27732E-03    0.91289E+03
    0.28292E-03    0.93179E+03
    0.28864E-03    0.95107E+03
    0.29447E-03    0.97076E+03
    0.30042E-03    0.99085E+03
    0.30649E-03    0.10113E+04
    0.31268E-03    0.10323E+04
    0.31899E-03    0.10536E+04
    0.32544E-03    0.10753E+04
    0.33201E-03    0.10975E+04
    0.33872E-03    0.11201E+04
    0.34556E-03    0.11432E+04
    0.35254E-03    0.11667E+04
    0.35966E-03    0.11906E+04
    0.36693E-03    0.12150E+04
    0.37434E-03    0.12399E+04
    0.38190E-03    0.12651E+04
    0.38962E-03    0.12909E+04
    0.39749E-03    0.13171E+04
    0.40552E-03    0.13438E+04
    0.41371E-03    0.13709E+04
    0.42207E-03    0.13985E+04
    0.43060E-03    0.14265E+04
    0.43929E-03    0.14550E+04
    0.44817E-03    0.14839E+04
    0.45722E-03    0.15133E+04
    0.46646E-03    0.15432E+04
    0.47588E-03    0.15735E+04
    0.48550E-03    0.16042E+04
    0.49530E-03    0.16354E+04
    0.50531E-03    0.16670E+04
    0.51552E-03    0.16991E+04
    0.52593E-03    0.17316E+04
    0.53656E-03    0.17645E+04
    0.54739E-03    0.17978E+04
    0.55845E-03    0.18315E+04
    0.56973E-03    0.18656E+04
    0.58124E-03    0.19001E+04
    0.59299E-03    0.19350E+04
    0.60496E-03    0.19702E+04
    0.61719E-03    0.20058E+04
    0.62965E-03    0.20418E+04
    0.64237E-03    0.20781E+04
    0.65535E-03    0.21148E+04
    0.66859E-03    0.21518E+04
    0.68210E-03    0.21891E+04
    0.69588E-03    0.22267E+04
    0.70993E-03    0.22647E+04
    0.72427E-03    0.23029E+04
    0.73891E-03    0.23415E+04
    0.75383E-03    0.23803E+04
    0.76906E-03    0.24194E+04
    0.78460E-03    0.24588E+04
    0.80045E-03    0.24984E+04
    0.81662E-03    0.25383E+04
    0.83311E-03    0.25785E+04
    0.84994E-03    0.26189E+04
    0.86711E-03    0.26596E+04
    0.88463E-03    0.27005E+04
    0.90250E-03    0.27417E+04
    0.92073E-03    0.27831E+04
    0.93933E-03    0.28248E+04
    0.95831E-03    0.28668E+04
    0.97767E-03    0.29089E+04
    0.99742E-03    0.29514E+04
    0.10176E-02    0.29941E+04
    0.10381E-02    0.30371E+04
    0.10591E-02    0.30803E+04
    0.10805E-02    0.31239E+04
    0.11023E-02    0.31677E+04
    0.11246E-02    0.32118E+04
    0.11473E-02    0.32562E+04
    0.11705E-02    0.33009E+04
    0.11941E-02    0.33460E+04
    0.12182E-02    0.33913E+04
    0.12429E-02    0.34370E+04
    0.12680E-02    0.34831E+04
    0.12936E-02    0.35295E+04
    0.13197E-02    0.35762E+04
    0.13464E-02    0.36234E+04
    0.13736E-02    0.36709E+04
    0.14013E-02    0.37188E+04
    0.14296E-02    0.37671E+04
    0.14585E-02    0.38159E+04
    0.14880E-02    0.38650E+04
    0.15180E-02    0.39146E+04
    0.15487E-02    0.39647E+04
    0.15800E-02    0.40151E+04
    0.16119E-02    0.40661E+04
    0.16445E-02    0.41175E+04
    0.16777E-02    0.41694E+04
    0.17116E-02    0.42218E+04
    0.17462E-02    0.42747E+04
    0.17814E-02    0.43280E+04
    0.18174E-02    0.43819E+04
    0.18541E-02    0.44363E+04
    0.18916E-02    0.44911E+04
    0.19298E-02    0.45466E+04
    0.19688E-02    0.46025E+04
    0.20086E-02    0.46589E+04
    0.20491E-02    0.47159E+04
    0.20905E-02    0.47734E+04
    0.21328E-02    0.48314E+04
    0.21758E-02    0.48900E+04
    0.22198E-02    0.49491E+04
    0.22646E-02    0.50087E+04
    0.23104E-02    0.50689E+04
    0.23571E-02    0.51296E+04
    0.24047E-02    0.51908E+04
    0.24533E-02    0.52525E+04
    0.25028E-02    0.53148E+04
    0.25534E-02    0.53776E+04
    0.26050E-02    0.54409E+04
    0.26576E-02    0.55047E+04
    0.27113E-02    0.55690E+04
    0.27660E-02    0.56338E+04
    0.28219E-02    0.56991E+04
    0.28789E-02    0.57649E+04
    0.29371E-02    0.58312E+04
    0.29964E-02    0.58979E+04
    0.30569E-02    0.59651E+04
    0.31187E-02    0.60327E+04
    0.31817E-02    0.61008E+04
    0.32460E-02    0.61693E+04
    0.33115E-02    0.62382E+04
    0.33784E-02    0.63075E+04
    0.34467E-02    0.63772E+04
    0.35163E-02    0.64473E+04
    0.35874E-02    0.65178E+04
    0.36598E-02    0.65885E+04
    0.37338E-02    0.66596E+04
    0.38092E-02    0.67310E+04
    0.38861E-02    0.68026E+04
    0.39646E-02    0.68746E+04
    0.40447E-02    0.69469E+04
    0.41264E-02    0.70195E+04
    0.42098E-02    0.70923E+04
    0.42948E-02    0.71653E+04
    0.43816E-02    0.72385E+04
    0.44701E-02    0.73117E+04
    0.45604E-02    0.73851E+04
    0.46525E-02    0.74584E+04
    0.47465E-02    0.75318E+04
    0.48424E-02    0.76053E+04
    0.49402E-02    0.76787E+04
    0.50400E-02    0.77521E+04
    0.51419E-02    0.78254E+04
    0.52457E-02    0.78986E+04
    0.53517E-02    0.79717E+04
    0.54598E-02    0.80447E+04
    0.55701E-02    0.81174E+04
    0.56826E-02    0.81900E+04
    0.57974E-02    0.82622E+04
    0.59145E-02    0.83341E+04
    0.60340E-02    0.84057E+04
    0.61559E-02    0.84769E+04
    0.62803E-02    0.85477E+04
    0.64072E-02    0.86180E+04
    0.65366E-02    0.86878E+04
    0.66686E-02    0.87570E+04
    0.68033E-02    0.88256E+04
    0.69408E-02    0.88935E+04
    0.70810E-02    0.89607E+04
    0.72240E-02    0.90272E+04
    0.73700E-02    0.90928E+04
    0.75189E-02    0.91576E+04
    0.76708E-02    0.92215E+04
    0.78257E-02    0.92843E+04
    0.79838E-02    0.93462E+04
    0.81451E-02    0.94069E+04
    0.83096E-02    0.94665E+04
    0.84775E-02    0.95249E+04
    0.86488E-02    0.95820E+04
    0.88235E-02    0.96377E+04
    0.90017E-02    0.96921E+04
    0.91836E-02    0.97449E+04
    0.93691E-02    0.97963E+04
    0.95583E-02    0.98460E+04
    0.97514E-02    0.98940E+04
    0.99484E-02    0.99403E+04
    0.10149E-01    0.99847E+04
    0.10354E-01    0.10027E+05
    0.10564E-01    0.10068E+05
    0.10777E-01    0.10106E+05
    0.10995E-01    0.10143E+05
    0.11217E-01    0.10177E+05
    0.11443E-01    0.10209E+05
    0.11675E-01    0.10238E+05
    0.11910E-01    0.10265E+05
    0.12151E-01    0.10290E+05
    0.12397E-01    0.10312E+05
    0.12647E-01    0.10331E+05
    0.12902E-01    0.10347E+05
    0.13163E-01    0.10360E+05
    0.13429E-01    0.10371E+05
    0.13700E-01    0.10379E+05
    0.13977E-01    0.10384E+05
    0.14259E-01    0.10385E+05
    0.14547E-01    0.10383E+05
    0.14841E-01    0.10376E+05
    0.15141E-01    0.10366E+05
    0.15447E-01    0.10352E+05
    0.15759E-01    0.10336E+05
    0.16077E-01    0.10317E+05
    0.16402E-01    0.10297E+05
    0.16734E-01    0.10275E+05
    0.17072E-01    0.10251E+05
    0.17416E-01    0.10223E+05
    0.17768E-01    0.10191E+05
    0.18127E-01    0.10153E+05
    0.18493E-01    0.10109E+05
    0.18867E-01    0.10059E+05
    0.19248E-01    0.10003E+05
    0.19637E-01    0.99438E+04
    0.20034E-01    0.98806E+04
    0.20438E-01    0.98141E+04
    0.20851E-01    0.97437E+04
    0.21272E-01    0.96688E+04
    0.21702E-01    0.95888E+04
    0.22141E-01    0.95031E+04
    0.22588E-01    0.94115E+04
    0.23044E-01    0.93148E+04
    0.23510E-01    0.92138E+04
    0.23985E-01    0.91092E+04
    0.24469E-01    0.90018E+04
    0.24964E-01    0.88921E+04
    0.25468E-01    0.87801E+04
    0.25982E-01    0.86661E+04
    0.26507E-01    0.85499E+04
    0.27043E-01    0.84317E+04
    0.27589E-01    0.83113E+04
    0.28146E-01    0.81885E+04
    0.28715E-01    0.80630E+04
    0.29295E-01    0.79346E+04
    0.29887E-01    0.78031E+04
    0.30490E-01    0.76684E+04
    0.31106E-01    0.75315E+04
    0.31735E-01    0.73932E+04
    0.32376E-01    0.72540E+04
    0.33030E-01    0.71149E+04
    0.33697E-01    0.69762E+04
    0.34378E-01    0.68381E+04
    0.35072E-01    0.67008E+04
    0.35781E-01    0.65644E+04
    0.36504E-01    0.64291E+04
    0.37241E-01    0.62949E+04
    0.37993E-01    0.61623E+04
    0.38761E-01    0.60318E+04
    0.39544E-01    0.59035E+04
    0.40343E-01    0.57779E+04
    0.41158E-01    0.56553E+04
    0.41989E-01    0.55358E+04
    0.42838E-01    0.54198E+04
    0.43703E-01    0.53074E+04
    0.44586E-01    0.51989E+04
    0.45486E-01    0.50944E+04
    0.46405E-01    0.49941E+04
    0.47343E-01    0.48981E+04
    0.48299E-01    0.48066E+04
    0.49275E-01    0.47197E+04
    0.50270E-01    0.46373E+04
    0.51286E-01    0.45591E+04
    0.52322E-01    0.44851E+04
    0.53379E-01    0.44149E+04
    0.54457E-01    0.43483E+04
    0.55557E-01    0.42848E+04
    0.56680E-01    0.42238E+04
    0.57825E-01    0.41649E+04
    0.58993E-01    0.41077E+04
    0.60184E-01    0.40516E+04
    0.61400E-01    0.39962E+04
    0.62641E-01    0.39412E+04
    0.63906E-01    0.38858E+04
    0.65197E-01    0.38293E+04
    0.66514E-01    0.37709E+04
    0.67858E-01    0.37100E+04
    0.69229E-01    0.36469E+04
    0.70627E-01    0.35819E+04
    0.72054E-01    0.35153E+04
    0.73510E-01    0.34461E+04
    0.74994E-01    0.33727E+04
    0.76509E-01    0.32937E+04
    0.78055E-01    0.32093E+04
    0.79632E-01    0.31205E+04
    0.81241E-01    0.30280E+04
    0.82882E-01    0.29328E+04
    0.84556E-01    0.28356E+04
    0.86264E-01    0.27372E+04
    0.88007E-01    0.26385E+04
    0.89785E-01    0.25402E+04
    0.91598E-01    0.24432E+04
    0.93449E-01    0.23481E+04
    0.95337E-01    0.22557E+04
    0.97263E-01    0.21672E+04
    0.99227E-01    0.20836E+04
    0.10123E+00    0.20056E+04
    0.10328E+00    0.19338E+04
    0.10536E+00    0.18686E+04
    0.10749E+00    0.18102E+04
    0.10966E+00    0.17586E+04
    0.11188E+00    0.17134E+04
    0.11414E+00    0.16743E+04
    0.11644E+00    0.16402E+04
    0.11880E+00    0.16091E+04
    0.12120E+00    0.15794E+04
    0.12365E+00    0.15501E+04
    0.12614E+00    0.15208E+04
    0.12869E+00    0.14909E+04
    0.13129E+00    0.14591E+04
    0.13394E+00    0.14240E+04
    0.13665E+00    0.13850E+04
    0.13941E+00    0.13419E+04
    0.14223E+00    0.12947E+04
    0.14510E+00    0.12438E+04
    0.14803E+00    0.11895E+04
    0.15102E+00    0.11336E+04
    0.15407E+00    0.10785E+04
    0.15718E+00    0.10254E+04
    0.16036E+00    0.97501E+03
    0.16360E+00    0.92794E+03
    0.16690E+00    0.88510E+03
    0.17028E+00    0.84723E+03
    0.17371E+00    0.81491E+03
    0.17722E+00    0.78775E+03
    0.18080E+00    0.76416E+03
    0.18446E+00    0.74288E+03
    0.18818E+00    0.72300E+03
    0.19198E+00    0.70328E+03
    0.19586E+00    0.68227E+03
    0.19982E+00    0.65882E+03
    0.20386E+00    0.63227E+03
    0.20797E+00    0.60282E+03
    0.21218E+00    0.57129E+03
    0.21646E+00    0.53884E+03
    0.22083E+00    0.50640E+03
    0.22530E+00    0.47508E+03
    0.22985E+00    0.44610E+03
    0.23449E+00    0.42031E+03
    0.23923E+00    0.39766E+03
    0.24406E+00    0.37754E+03
    0.24899E+00    0.35971E+03
    0.25402E+00    0.34307E+03
    0.25915E+00    0.32634E+03
    0.26439E+00    0.30876E+03
    0.26973E+00    0.29015E+03
    0.27518E+00    0.27065E+03
    0.28074E+00    0.25044E+03
    0.28641E+00    0.23014E+03
    0.29219E+00    0.21066E+03
    0.29810E+00    0.19257E+03
    0.30412E+00    0.17658E+03
    0.31026E+00    0.16213E+03
    0.31653E+00    0.14885E+03
    0.32292E+00    0.13643E+03
    0.32945E+00    0.12440E+03
    0.33610E+00    0.11257E+03
    0.34289E+00    0.10038E+03
    0.34982E+00    0.89209E+02
    0.35689E+00    0.78575E+02
    0.36409E+00    0.68797E+02
    0.37145E+00    0.60166E+02
    0.37895E+00    0.52583E+02
    0.38661E+00    0.46002E+02
    0.39442E+00    0.40080E+02
    0.40239E+00    0.34714E+02
    0.41052E+00    0.29832E+02
    0.41881E+00    0.25477E+02
    0.42727E+00    0.21714E+02
    0.43590E+00    0.18571E+02
    0.44471E+00    0.16010E+02
    0.45369E+00    0.13953E+02
    0.46286E+00    0.12286E+02
    0.47221E+00    0.10906E+02
    0.48174E+00    0.97747E+01
    0.49148E+00    0.88452E+01
    0.50141E+00    0.81261E+01
    0.51153E+00    0.75865E+01
    0.52187E+00    0.71828E+01
    0.53241E+00    0.68609E+01
    0.54317E+00    0.65713E+01
    0.55414E+00    0.62804E+01
    0.56533E+00    0.59799E+01
    0.57675E+00    0.56588E+01
    0.58840E+00    0.53011E+01
    0.60029E+00    0.48970E+01
    0.61242E+00    0.44465E+01
    0.62479E+00    0.39802E+01
    0.63741E+00    0.35328E+01
    0.65029E+00    0.31277E+01
    0.66342E+00    0.27782E+01
    0.67683E+00    0.24891E+01
    0.69050E+00    0.22500E+01
    0.70445E+00    0.20477E+01
    0.71868E+00    0.18723E+01
    0.73320E+00    0.17163E+01
    0.74801E+00    0.15742E+01
    0.76312E+00    0.14432E+01
    0.77854E+00    0.13218E+01
    0.79426E+00    0.12087E+01
    0.81031E+00    0.11029E+01
    0.82668E+00    0.10038E+01
    0.84338E+00    0.91160E+00
    0.86041E+00    0.82667E+00
    0.87780E+00    0.74917E+00
    0.89553E+00    0.67903E+00
    0.91362E+00    0.61598E+00
    0.93208E+00    0.55936E+00
    0.95091E+00    0.50843E+00
    0.97011E+00    0.46254E+00
    0.98971E+00    0.42112E+00
    0.10097E+01    0.38367E+00
    0.10301E+01    0.34977E+00
    0.10509E+01    0.31900E+00
    0.10721E+01    0.29103E+00
    0.10938E+01    0.26557E+00
    0.11159E+01    0.24235E+00
    0.11384E+01    0.22118E+00
    0.11614E+01    0.20190E+00
    0.11849E+01    0.18437E+00
    0.12088E+01    0.16842E+00
    0.12333E+01    0.15393E+00
    0.12582E+01    0.14076E+00
    0.12836E+01    0.12879E+00
    0.13095E+01    0.11788E+00
    0.13360E+01    0.10795E+00
    0.13630E+01    0.98896E-01
    0.13905E+01    0.90643E-01
    0.14186E+01    0.83122E-01
    0.14472E+01    0.76269E-01
    0.14765E+01    0.70025E-01
    0.15063E+01    0.64336E-01
    0.15367E+01    0.59149E-01
    0.15678E+01    0.54415E-01
    0.15994E+01    0.50089E-01
    0.16318E+01    0.46131E-01
    0.16647E+01    0.42508E-01
    0.16984E+01    0.39189E-01
    0.17327E+01    0.36150E-01
    0.17677E+01    0.33366E-01
    0.18034E+01    0.30817E-01
    0.18398E+01    0.28482E-01
    0.18770E+01    0.26342E-01
    0.19149E+01    0.24381E-01
    0.19536E+01    0.22583E-01
    0.19930E+01    0.20933E-01
    0.20333E+01    0.19418E-01
    0.20744E+01    0.18027E-01
    0.21163E+01    0.16747E-01
    0.21590E+01    0.15570E-01
    0.22026E+01    0.14485E-01
    0.22471E+01    0.13485E-01
    0.22925E+01    0.12562E-01
    0.23388E+01    0.11711E-01
    0.23861E+01    0.10925E-01
    0.24343E+01    0.10200E-01
    0.24835E+01    0.95308E-02
    0.25336E+01    0.89119E-02
    0.25848E+01    0.83391E-02
    0.26370E+01    0.78082E-02
    0.26903E+01    0.73155E-02
    0.27447E+01    0.68578E-02
    0.28001E+01    0.64320E-02
    0.28567E+01    0.60356E-02
    0.29144E+01    0.56663E-02
    0.29733E+01    0.53219E-02
    0.30333E+01    0.50005E-02
    0.30946E+01    0.47006E-02
    0.31571E+01    0.44211E-02
    0.32209E+01    0.41608E-02
    0.32860E+01    0.39186E-02
    0.33523E+01    0.36932E-02
    0.34201E+01    0.34832E-02
    0.34892E+01    0.32868E-02
    0.35596E+01    0.31025E-02
    0.36316E+01    0.29291E-02
    0.37049E+01    0.27655E-02
    0.37798E+01    0.26112E-02
    0.38561E+01    0.24658E-02
    0.39340E+01    0.23290E-02
    0.40135E+01    0.22004E-02
    0.40946E+01    0.20795E-02
    0.41773E+01    0.19660E-02
    0.42617E+01    0.18592E-02
    0.43478E+01    0.17587E-02
    0.44356E+01    0.16639E-02
    0.45252E+01    0.15745E-02
    0.46166E+01    0.14902E-02
    0.47099E+01    0.14106E-02
    0.48050E+01    0.13355E-02
    0.49021E+01    0.12646E-02
    0.50011E+01    0.11977E-02
    0.51021E+01    0.11345E-02
    0.52052E+01    0.10747E-02
    0.53104E+01    0.10181E-02
    0.54176E+01    0.96450E-03
    0.55271E+01    0.91363E-03
    0.56387E+01    0.86548E-03
    0.57526E+01    0.82002E-03
    0.58689E+01    0.77723E-03
    0.59874E+01    0.73705E-03
    0.61084E+01    0.69940E-03
    0.62318E+01    0.66402E-03
    0.63577E+01    0.63060E-03
    0.64861E+01    0.59887E-03
    0.66171E+01    0.56861E-03
    0.67508E+01    0.53963E-03
    0.68872E+01    0.51191E-03
    0.70263E+01    0.48547E-03
    0.71682E+01    0.46034E-03
    0.73130E+01    0.43650E-03
    0.74608E+01    0.41395E-03
    0.76115E+01    0.39263E-03
    0.77653E+01    0.37243E-03
    0.79221E+01    0.35330E-03
    0.80822E+01    0.33515E-03
    0.82454E+01    0.31793E-03
    0.84120E+01    0.30158E-03
    0.85819E+01    0.28608E-03
    0.87553E+01    0.27138E-03
    0.89322E+01    0.25745E-03
    0.91126E+01    0.24425E-03
    0.92967E+01    0.23173E-03
    0.94845E+01    0.21984E-03
    0.96761E+01    0.20854E-03
    0.98716E+01    0.19777E-03
    0.10071E+02    0.18751E-03
    0.10274E+02    0.17776E-03
    0.10482E+02    0.16855E-03
    0.10694E+02    0.15989E-03
    0.10910E+02    0.15179E-03
    0.11130E+02    0.14422E-03
    0.11355E+02    0.13714E-03
    0.11584E+02    0.13044E-03
    0.11818E+02    0.12405E-03
    0.12057E+02    0.11792E-03
    0.12301E+02    0.11199E-03
    0.12549E+02    0.10626E-03
    0.12803E+02    0.10078E-03
    0.13061E+02    0.95548E-04
    0.13325E+02    0.90591E-04
    0.13594E+02    0.85915E-04
    0.13869E+02    0.81503E-04
    0.14149E+02    0.77332E-04
    0.14435E+02    0.73382E-04
    0.14727E+02    0.69633E-04
    0.15024E+02    0.66069E-04
    0.15328E+02    0.62682E-04
    0.15637E+02    0.59464E-04
    0.15953E+02    0.56410E-04
    0.16275E+02    0.53513E-04
    0.16604E+02    0.50766E-04
    0.16940E+02    0.48161E-04
    0.17282E+02    0.45691E-04
    0.17631E+02    0.43347E-04
    0.17987E+02    0.41123E-04
    0.18351E+02    0.39012E-04
    0.18721E+02    0.37008E-04
    0.19099E+02    0.35106E-04
    0.19485E+02    0.33300E-04
    0.19879E+02    0.31586E-04
    0.20280E+02    0.29960E-04
    0.20690E+02    0.28416E-04
    0.21108E+02    0.26951E-04
    0.21535E+02    0.25562E-04
    0.21970E+02    0.24243E-04
