    0.10000E-03    0.32766E+03
    0.10202E-03    0.33417E+03
    0.10408E-03    0.34081E+03
    0.10618E-03    0.34759E+03
    0.10833E-03    0.35451E+03
    0.11052E-03    0.36157E+03
    0.11275E-03    0.36878E+03
    0.11503E-03    0.37613E+03
    0.11735E-03    0.38364E+03
    0.11972E-03    0.39130E+03
    0.12214E-03    0.39913E+03
    0.12461E-03    0.40711E+03
    0.12712E-03    0.41527E+03
    0.12969E-03    0.42359E+03
    0.13231E-03    0.43209E+03
    0.13499E-03    0.44076E+03
    0.13771E-03    0.44962E+03
    0.14049E-03    0.45866E+03
    0.14333E-03    0.46789E+03
    0.14623E-03    0.47732E+03
    0.14918E-03    0.48695E+03
    0.15220E-03    0.49678E+03
    0.15527E-03    0.50682E+03
    0.15841E-03    0.51707E+03
    0.16161E-03    0.52754E+03
    0.16487E-03    0.53824E+03
    0.16820E-03    0.54916E+03
    0.17160E-03    0.56031E+03
    0.17507E-03    0.57171E+03
    0.17860E-03    0.58334E+03
    0.18221E-03    0.59523E+03
    0.18589E-03    0.60737E+03
    0.18965E-03    0.61977E+03
    0.19348E-03    0.63243E+03
    0.19739E-03    0.64537E+03
    0.20138E-03    0.65859E+03
    0.20544E-03    0.67209E+03
    0.20959E-03    0.68588E+03
    0.21383E-03    0.69996E+03
    0.21815E-03    0.71435E+03
    0.22255E-03    0.72904E+03
    0.22705E-03    0.74406E+03
    0.23164E-03    0.75939E+03
    0.23632E-03    0.77505E+03
    0.24109E-03    0.79104E+03
    0.24596E-03    0.80738E+03
    0.25093E-03    0.82406E+03
    0.25600E-03    0.84109E+03
    0.26117E-03    0.85849E+03
    0.26645E-03    0.87625E+03
    0.27183E-03    0.89438E+03
    0.27732E-03    0.91289E+03
    0.28292E-03    0.93179E+03
    0.28864E-03    0.95108E+03
    0.29447E-03    0.97076E+03
    0.30042E-03    0.99085E+03
    0.30649E-03    0.10113E+04
    0.31268E-03    0.10323E+04
    0.31899E-03    0.10536E+04
    0.32544E-03    0.10753E+04
    0.33201E-03    0.10975E+04
    0.33872E-03    0.11201E+04
    0.34556E-03    0.11432E+04
    0.35254E-03    0.11667E+04
    0.35966E-03    0.11906E+04
    0.36693E-03    0.12150E+04
    0.37434E-03    0.12399E+04
    0.38190E-03    0.12652E+04
    0.38962E-03    0.12909E+04
    0.39749E-03    0.13171E+04
    0.40552E-03    0.13438E+04
    0.41371E-03    0.13709E+04
    0.42207E-03    0.13985E+04
    0.43060E-03    0.14265E+04
    0.43929E-03    0.14550E+04
    0.44817E-03    0.14840E+04
    0.45722E-03    0.15134E+04
    0.46646E-03    0.15432E+04
    0.47588E-03    0.15735E+04
    0.48550E-03    0.16043E+04
    0.49530E-03    0.16354E+04
    0.50531E-03    0.16671E+04
    0.51552E-03    0.16991E+04
    0.52593E-03    0.17316E+04
    0.53656E-03    0.17645E+04
    0.54739E-03    0.17978E+04
    0.55845E-03    0.18315E+04
    0.56973E-03    0.18656E+04
    0.58124E-03    0.19001E+04
    0.59299E-03    0.19350E+04
    0.60496E-03    0.19702E+04
    0.61719E-03    0.20059E+04
    0.62965E-03    0.20418E+04
    0.64237E-03    0.20782E+04
    0.65535E-03    0.21148E+04
    0.66859E-03    0.21518E+04
    0.68210E-03    0.21892E+04
    0.69588E-03    0.22268E+04
    0.70993E-03    0.22647E+04
    0.72427E-03    0.23030E+04
    0.73891E-03    0.23415E+04
    0.75383E-03    0.23804E+04
    0.76906E-03    0.24195E+04
    0.78460E-03    0.24588E+04
    0.80045E-03    0.24985E+04
    0.81662E-03    0.25384E+04
    0.83311E-03    0.25786E+04
    0.84994E-03    0.26190E+04
    0.86711E-03    0.26597E+04
    0.88463E-03    0.27006E+04
    0.90250E-03    0.27418E+04
    0.92073E-03    0.27832E+04
    0.93933E-03    0.28249E+04
    0.95831E-03    0.28669E+04
    0.97767E-03    0.29091E+04
    0.99742E-03    0.29515E+04
    0.10176E-02    0.29942E+04
    0.10381E-02    0.30372E+04
    0.10591E-02    0.30805E+04
    0.10805E-02    0.31240E+04
    0.11023E-02    0.31679E+04
    0.11246E-02    0.32120E+04
    0.11473E-02    0.32564E+04
    0.11705E-02    0.33011E+04
    0.11941E-02    0.33461E+04
    0.12182E-02    0.33915E+04
    0.12429E-02    0.34372E+04
    0.12680E-02    0.34833E+04
    0.12936E-02    0.35297E+04
    0.13197E-02    0.35764E+04
    0.13464E-02    0.36236E+04
    0.13736E-02    0.36711E+04
    0.14013E-02    0.37190E+04
    0.14296E-02    0.37674E+04
    0.14585E-02    0.38161E+04
    0.14880E-02    0.38653E+04
    0.15180E-02    0.39149E+04
    0.15487E-02    0.39649E+04
    0.15800E-02    0.40154E+04
    0.16119E-02    0.40664E+04
    0.16445E-02    0.41178E+04
    0.16777E-02    0.41697E+04
    0.17116E-02    0.42221E+04
    0.17462E-02    0.42749E+04
    0.17814E-02    0.43283E+04
    0.18174E-02    0.43822E+04
    0.18541E-02    0.44366E+04
    0.18916E-02    0.44915E+04
    0.19298E-02    0.45469E+04
    0.19688E-02    0.46028E+04
    0.20086E-02    0.46593E+04
    0.20491E-02    0.47162E+04
    0.20905E-02    0.47738E+04
    0.21328E-02    0.48318E+04
    0.21758E-02    0.48904E+04
    0.22198E-02    0.49495E+04
    0.22646E-02    0.50091E+04
    0.23104E-02    0.50693E+04
    0.23571E-02    0.51300E+04
    0.24047E-02    0.51912E+04
    0.24533E-02    0.52530E+04
    0.25028E-02    0.53152E+04
    0.25534E-02    0.53780E+04
    0.26050E-02    0.54413E+04
    0.26576E-02    0.55052E+04
    0.27113E-02    0.55695E+04
    0.27660E-02    0.56343E+04
    0.28219E-02    0.56996E+04
    0.28789E-02    0.57654E+04
    0.29371E-02    0.58317E+04
    0.29964E-02    0.58984E+04
    0.30569E-02    0.59656E+04
    0.31187E-02    0.60333E+04
    0.31817E-02    0.61014E+04
    0.32460E-02    0.61699E+04
    0.33115E-02    0.62388E+04
    0.33784E-02    0.63082E+04
    0.34467E-02    0.63779E+04
    0.35163E-02    0.64480E+04
    0.35874E-02    0.65185E+04
    0.36598E-02    0.65892E+04
    0.37338E-02    0.66603E+04
    0.38092E-02    0.67317E+04
    0.38861E-02    0.68034E+04
    0.39646E-02    0.68755E+04
    0.40447E-02    0.69478E+04
    0.41264E-02    0.70204E+04
    0.42098E-02    0.70932E+04
    0.42948E-02    0.71662E+04
    0.43816E-02    0.72394E+04
    0.44701E-02    0.73127E+04
    0.45604E-02    0.73861E+04
    0.46525E-02    0.74595E+04
    0.47465E-02    0.75330E+04
    0.48424E-02    0.76064E+04
    0.49402E-02    0.76799E+04
    0.50400E-02    0.77533E+04
    0.51419E-02    0.78267E+04
    0.52457E-02    0.79000E+04
    0.53517E-02    0.79732E+04
    0.54598E-02    0.80462E+04
    0.55701E-02    0.81190E+04
    0.56826E-02    0.81915E+04
    0.57974E-02    0.82639E+04
    0.59145E-02    0.83359E+04
    0.60340E-02    0.84075E+04
    0.61559E-02    0.84788E+04
    0.62803E-02    0.85496E+04
    0.64072E-02    0.86200E+04
    0.65366E-02    0.86899E+04
    0.66686E-02    0.87591E+04
    0.68033E-02    0.88278E+04
    0.69408E-02    0.88959E+04
    0.70810E-02    0.89632E+04
    0.72240E-02    0.90297E+04
    0.73700E-02    0.90955E+04
    0.75189E-02    0.91604E+04
    0.76708E-02    0.92243E+04
    0.78257E-02    0.92873E+04
    0.79838E-02    0.93493E+04
    0.81451E-02    0.94102E+04
    0.83096E-02    0.94699E+04
    0.84775E-02    0.95284E+04
    0.86488E-02    0.95857E+04
    0.88235E-02    0.96416E+04
    0.90017E-02    0.96961E+04
    0.91836E-02    0.97491E+04
    0.93691E-02    0.98006E+04
    0.95583E-02    0.98505E+04
    0.97514E-02    0.98987E+04
    0.99484E-02    0.99452E+04
    0.10149E-01    0.99898E+04
    0.10354E-01    0.10033E+05
    0.10564E-01    0.10073E+05
    0.10777E-01    0.10112E+05
    0.10995E-01    0.10149E+05
    0.11217E-01    0.10183E+05
    0.11443E-01    0.10215E+05
    0.11675E-01    0.10245E+05
    0.11910E-01    0.10272E+05
    0.12151E-01    0.10297E+05
    0.12397E-01    0.10319E+05
    0.12647E-01    0.10339E+05
    0.12902E-01    0.10355E+05
    0.13163E-01    0.10369E+05
    0.13429E-01    0.10380E+05
    0.13700E-01    0.10388E+05
    0.13977E-01    0.10394E+05
    0.14259E-01    0.10395E+05
    0.14547E-01    0.10393E+05
    0.14841E-01    0.10387E+05
    0.15141E-01    0.10377E+05
    0.15447E-01    0.10364E+05
    0.15759E-01    0.10348E+05
    0.16077E-01    0.10329E+05
    0.16402E-01    0.10310E+05
    0.16734E-01    0.10288E+05
    0.17072E-01    0.10265E+05
    0.17416E-01    0.10238E+05
    0.17768E-01    0.10206E+05
    0.18127E-01    0.10168E+05
    0.18493E-01    0.10124E+05
    0.18867E-01    0.10075E+05
    0.19248E-01    0.10020E+05
    0.19637E-01    0.99609E+04
    0.20034E-01    0.98983E+04
    0.20438E-01    0.98325E+04
    0.20851E-01    0.97629E+04
    0.21272E-01    0.96887E+04
    0.21702E-01    0.96094E+04
    0.22141E-01    0.95244E+04
    0.22588E-01    0.94334E+04
    0.23044E-01    0.93372E+04
    0.23510E-01    0.92367E+04
    0.23985E-01    0.91326E+04
    0.24469E-01    0.90257E+04
    0.24964E-01    0.89165E+04
    0.25468E-01    0.88051E+04
    0.25982E-01    0.86916E+04
    0.26507E-01    0.85759E+04
    0.27043E-01    0.84581E+04
    0.27589E-01    0.83382E+04
    0.28146E-01    0.82158E+04
    0.28715E-01    0.80907E+04
    0.29295E-01    0.79628E+04
    0.29887E-01    0.78317E+04
    0.30490E-01    0.76976E+04
    0.31106E-01    0.75612E+04
    0.31735E-01    0.74233E+04
    0.32376E-01    0.72846E+04
    0.33030E-01    0.71457E+04
    0.33697E-01    0.70071E+04
    0.34378E-01    0.68691E+04
    0.35072E-01    0.67319E+04
    0.35781E-01    0.65956E+04
    0.36504E-01    0.64605E+04
    0.37241E-01    0.63266E+04
    0.37993E-01    0.61944E+04
    0.38761E-01    0.60642E+04
    0.39544E-01    0.59361E+04
    0.40343E-01    0.58104E+04
    0.41158E-01    0.56875E+04
    0.41989E-01    0.55677E+04
    0.42838E-01    0.54513E+04
    0.43703E-01    0.53387E+04
    0.44586E-01    0.52301E+04
    0.45486E-01    0.51258E+04
    0.46405E-01    0.50258E+04
    0.47343E-01    0.49302E+04
    0.48299E-01    0.48390E+04
    0.49275E-01    0.47524E+04
    0.50270E-01    0.46701E+04
    0.51286E-01    0.45920E+04
    0.52322E-01    0.45179E+04
    0.53379E-01    0.44474E+04
    0.54457E-01    0.43805E+04
    0.55557E-01    0.43166E+04
    0.56680E-01    0.42552E+04
    0.57825E-01    0.41959E+04
    0.58993E-01    0.41384E+04
    0.60184E-01    0.40819E+04
    0.61400E-01    0.40262E+04
    0.62641E-01    0.39706E+04
    0.63906E-01    0.39147E+04
    0.65197E-01    0.38576E+04
    0.66514E-01    0.37989E+04
    0.67858E-01    0.37379E+04
    0.69229E-01    0.36748E+04
    0.70627E-01    0.36099E+04
    0.72054E-01    0.35433E+04
    0.73510E-01    0.34740E+04
    0.74994E-01    0.34005E+04
    0.76509E-01    0.33218E+04
    0.78055E-01    0.32380E+04
    0.79632E-01    0.31500E+04
    0.81241E-01    0.30588E+04
    0.82882E-01    0.29649E+04
    0.84556E-01    0.28687E+04
    0.86264E-01    0.27709E+04
    0.88007E-01    0.26724E+04
    0.89785E-01    0.25741E+04
    0.91598E-01    0.24770E+04
    0.93449E-01    0.23821E+04
    0.95337E-01    0.22902E+04
    0.97263E-01    0.22023E+04
    0.99227E-01    0.21192E+04
    0.10123E+00    0.20416E+04
    0.10328E+00    0.19702E+04
    0.10536E+00    0.19053E+04
    0.10749E+00    0.18473E+04
    0.10966E+00    0.17961E+04
    0.11188E+00    0.17512E+04
    0.11414E+00    0.17122E+04
    0.11644E+00    0.16781E+04
    0.11880E+00    0.16477E+04
    0.12120E+00    0.16197E+04
    0.12365E+00    0.15929E+04
    0.12614E+00    0.15658E+04
    0.12869E+00    0.15373E+04
    0.13129E+00    0.15063E+04
    0.13394E+00    0.14721E+04
    0.13665E+00    0.14341E+04
    0.13941E+00    0.13920E+04
    0.14223E+00    0.13458E+04
    0.14510E+00    0.12960E+04
    0.14803E+00    0.12434E+04
    0.15102E+00    0.11893E+04
    0.15407E+00    0.11352E+04
    0.15718E+00    0.10826E+04
    0.16036E+00    0.10330E+04
    0.16360E+00    0.98757E+03
    0.16690E+00    0.94697E+03
    0.17028E+00    0.91163E+03
    0.17371E+00    0.88144E+03
    0.17722E+00    0.85600E+03
    0.18080E+00    0.83450E+03
    0.18446E+00    0.81592E+03
    0.18818E+00    0.79893E+03
    0.19198E+00    0.78209E+03
    0.19586E+00    0.76396E+03
    0.19982E+00    0.74345E+03
    0.20386E+00    0.71993E+03
    0.20797E+00    0.69346E+03
    0.21218E+00    0.66471E+03
    0.21646E+00    0.63476E+03
    0.22083E+00    0.60493E+03
    0.22530E+00    0.57646E+03
    0.22985E+00    0.55041E+03
    0.23449E+00    0.52748E+03
    0.23923E+00    0.50790E+03
    0.24406E+00    0.49143E+03
    0.24899E+00    0.47731E+03
    0.25402E+00    0.46448E+03
    0.25915E+00    0.45179E+03
    0.26439E+00    0.43830E+03
    0.26973E+00    0.42349E+03
    0.27518E+00    0.40725E+03
    0.28074E+00    0.38994E+03
    0.28641E+00    0.37232E+03
    0.29219E+00    0.35534E+03
    0.29810E+00    0.33980E+03
    0.30412E+00    0.32611E+03
    0.31026E+00    0.31421E+03
    0.31653E+00    0.30365E+03
    0.32292E+00    0.29381E+03
    0.32945E+00    0.28400E+03
    0.33610E+00    0.27376E+03
    0.34289E+00    0.26294E+03
    0.34982E+00    0.25178E+03
    0.35689E+00    0.24077E+03
    0.36409E+00    0.23038E+03
    0.37145E+00    0.22089E+03
    0.37895E+00    0.21238E+03
    0.38661E+00    0.20458E+03
    0.39442E+00    0.19707E+03
    0.40239E+00    0.18956E+03
    0.41052E+00    0.18194E+03
    0.41881E+00    0.17428E+03
    0.42727E+00    0.16684E+03
    0.43590E+00    0.15982E+03
    0.44471E+00    0.15332E+03
    0.45369E+00    0.14727E+03
    0.46286E+00    0.14148E+03
    0.47221E+00    0.13580E+03
    0.48174E+00    0.13017E+03
    0.49148E+00    0.12466E+03
    0.50141E+00    0.11940E+03
    0.51153E+00    0.11441E+03
    0.52187E+00    0.10972E+03
    0.53241E+00    0.10521E+03
    0.54317E+00    0.10084E+03
    0.55414E+00    0.96587E+02
    0.56533E+00    0.92493E+02
    0.57675E+00    0.88585E+02
    0.58840E+00    0.84845E+02
    0.60029E+00    0.81257E+02
    0.61242E+00    0.77809E+02
    0.62479E+00    0.74494E+02
    0.63741E+00    0.71309E+02
    0.65029E+00    0.68251E+02
    0.66342E+00    0.65316E+02
    0.67683E+00    0.62502E+02
    0.69050E+00    0.59804E+02
    0.70445E+00    0.57216E+02
    0.71868E+00    0.54735E+02
    0.73320E+00    0.52357E+02
    0.74801E+00    0.50077E+02
    0.76312E+00    0.47891E+02
    0.77854E+00    0.45796E+02
    0.79426E+00    0.43788E+02
    0.81031E+00    0.41865E+02
    0.82668E+00    0.40022E+02
    0.84338E+00    0.38256E+02
    0.86041E+00    0.36564E+02
    0.87780E+00    0.34943E+02
    0.89553E+00    0.33390E+02
    0.91362E+00    0.31902E+02
    0.93208E+00    0.30477E+02
    0.95091E+00    0.29112E+02
    0.97011E+00    0.27806E+02
    0.98971E+00    0.26556E+02
    0.10097E+01    0.25360E+02
    0.10301E+01    0.24216E+02
    0.10509E+01    0.23121E+02
    0.10721E+01    0.22073E+02
    0.10938E+01    0.21071E+02
    0.11159E+01    0.20111E+02
    0.11384E+01    0.19193E+02
    0.11614E+01    0.18315E+02
    0.11849E+01    0.17474E+02
    0.12088E+01    0.16671E+02
    0.12333E+01    0.15902E+02
    0.12582E+01    0.15167E+02
    0.12836E+01    0.14464E+02
    0.13095E+01    0.13792E+02
    0.13360E+01    0.13150E+02
    0.13630E+01    0.12536E+02
    0.13905E+01    0.11949E+02
    0.14186E+01    0.11388E+02
    0.14472E+01    0.10852E+02
    0.14765E+01    0.10339E+02
    0.15063E+01    0.98491E+01
    0.15367E+01    0.93807E+01
    0.15678E+01    0.89330E+01
    0.15994E+01    0.85051E+01
    0.16318E+01    0.80962E+01
    0.16647E+01    0.77055E+01
    0.16984E+01    0.73322E+01
    0.17327E+01    0.69754E+01
    0.17677E+01    0.66346E+01
    0.18034E+01    0.63090E+01
    0.18398E+01    0.59979E+01
    0.18770E+01    0.57007E+01
    0.19149E+01    0.54168E+01
    0.19536E+01    0.51455E+01
    0.19930E+01    0.48863E+01
    0.20333E+01    0.46386E+01
    0.20744E+01    0.44020E+01
    0.21163E+01    0.41759E+01
    0.21590E+01    0.39600E+01
    0.22026E+01    0.37538E+01
    0.22471E+01    0.35569E+01
    0.22925E+01    0.33689E+01
    0.23388E+01    0.31895E+01
    0.23861E+01    0.30183E+01
    0.24343E+01    0.28552E+01
    0.24835E+01    0.26996E+01
    0.25336E+01    0.25514E+01
    0.25848E+01    0.24102E+01
    0.26370E+01    0.22759E+01
    0.26903E+01    0.21480E+01
    0.27447E+01    0.20264E+01
    0.28001E+01    0.19108E+01
    0.28567E+01    0.18011E+01
    0.29144E+01    0.16971E+01
    0.29733E+01    0.15986E+01
    0.30333E+01    0.15055E+01
    0.30946E+01    0.14175E+01
    0.31571E+01    0.13345E+01
    0.32209E+01    0.12564E+01
    0.32860E+01    0.11831E+01
    0.33523E+01    0.11142E+01
    0.34201E+01    0.10497E+01
    0.34892E+01    0.98938E+00
    0.35596E+01    0.93301E+00
    0.36316E+01    0.88042E+00
    0.37049E+01    0.83142E+00
    0.37798E+01    0.78575E+00
    0.38561E+01    0.74315E+00
    0.39340E+01    0.70339E+00
    0.40135E+01    0.66624E+00
    0.40946E+01    0.63150E+00
    0.41773E+01    0.59888E+00
    0.42617E+01    0.56810E+00
    0.43478E+01    0.53890E+00
    0.44356E+01    0.51109E+00
    0.45252E+01    0.48447E+00
    0.46166E+01    0.45894E+00
    0.47099E+01    0.43443E+00
    0.48050E+01    0.41087E+00
    0.49021E+01    0.38820E+00
    0.50011E+01    0.36639E+00
    0.51021E+01    0.34551E+00
    0.52052E+01    0.32568E+00
    0.53104E+01    0.30697E+00
    0.54176E+01    0.28943E+00
    0.55271E+01    0.27307E+00
    0.56387E+01    0.25779E+00
    0.57526E+01    0.24344E+00
    0.58689E+01    0.22990E+00
    0.59874E+01    0.21706E+00
    0.61084E+01    0.20484E+00
    0.62318E+01    0.19323E+00
    0.63577E+01    0.18221E+00
    0.64861E+01    0.17180E+00
    0.66171E+01    0.16199E+00
    0.67508E+01    0.15275E+00
    0.68872E+01    0.14406E+00
    0.70263E+01    0.13587E+00
    0.71682E+01    0.12814E+00
    0.73130E+01    0.12084E+00
    0.74608E+01    0.11394E+00
    0.76115E+01    0.10742E+00
    0.77653E+01    0.10126E+00
    0.79221E+01    0.95437E-01
    0.80822E+01    0.89945E-01
    0.82454E+01    0.84765E-01
    0.84120E+01    0.79881E-01
    0.85819E+01    0.75277E-01
    0.87553E+01    0.70937E-01
    0.89322E+01    0.66848E-01
    0.91126E+01    0.62994E-01
    0.92967E+01    0.59362E-01
    0.94845E+01    0.55939E-01
    0.96761E+01    0.52711E-01
    0.98716E+01    0.49667E-01
    0.10071E+02    0.46795E-01
    0.10274E+02    0.44087E-01
    0.10482E+02    0.41532E-01
    0.10694E+02    0.39123E-01
    0.10910E+02    0.36851E-01
    0.11130E+02    0.34709E-01
    0.11355E+02    0.32690E-01
    0.11584E+02    0.30789E-01
    0.11818E+02    0.28999E-01
    0.12057E+02    0.27316E-01
    0.12301E+02    0.25732E-01
    0.12549E+02    0.24242E-01
    0.12803E+02    0.22839E-01
    0.13061E+02    0.21516E-01
    0.13325E+02    0.20268E-01
    0.13594E+02    0.19090E-01
    0.13869E+02    0.17978E-01
    0.14149E+02    0.16929E-01
    0.14435E+02    0.15941E-01
    0.14727E+02    0.15010E-01
    0.15024E+02    0.14135E-01
    0.15328E+02    0.13311E-01
    0.15637E+02    0.12536E-01
    0.15953E+02    0.11807E-01
    0.16275E+02    0.11121E-01
    0.16604E+02    0.10475E-01
    0.16940E+02    0.98680E-02
    0.17282E+02    0.92962E-02
    0.17631E+02    0.87574E-02
    0.17987E+02    0.82495E-02
    0.18351E+02    0.77706E-02
    0.18721E+02    0.73190E-02
    0.19099E+02    0.68937E-02
    0.19485E+02    0.64933E-02
    0.19879E+02    0.61167E-02
    0.20280E+02    0.57626E-02
    0.20690E+02    0.54295E-02
    0.21108E+02    0.51162E-02
    0.21535E+02    0.48212E-02
    0.21970E+02    0.45433E-02
