    0.10000E-03    0.32766E+03
    0.10202E-03    0.33417E+03
    0.10408E-03    0.34082E+03
    0.10618E-03    0.34759E+03
    0.10833E-03    0.35451E+03
    0.11052E-03    0.36157E+03
    0.11275E-03    0.36878E+03
    0.11503E-03    0.37614E+03
    0.11735E-03    0.38364E+03
    0.11972E-03    0.39131E+03
    0.12214E-03    0.39913E+03
    0.12461E-03    0.40712E+03
    0.12712E-03    0.41527E+03
    0.12969E-03    0.42359E+03
    0.13231E-03    0.43209E+03
    0.13499E-03    0.44076E+03
    0.13771E-03    0.44962E+03
    0.14049E-03    0.45867E+03
    0.14333E-03    0.46790E+03
    0.14623E-03    0.47733E+03
    0.14918E-03    0.48695E+03
    0.15220E-03    0.49679E+03
    0.15527E-03    0.50683E+03
    0.15841E-03    0.51708E+03
    0.16161E-03    0.52755E+03
    0.16487E-03    0.53824E+03
    0.16820E-03    0.54916E+03
    0.17160E-03    0.56032E+03
    0.17507E-03    0.57171E+03
    0.17860E-03    0.58335E+03
    0.18221E-03    0.59523E+03
    0.18589E-03    0.60737E+03
    0.18965E-03    0.61977E+03
    0.19348E-03    0.63244E+03
    0.19739E-03    0.64537E+03
    0.20138E-03    0.65859E+03
    0.20544E-03    0.67209E+03
    0.20959E-03    0.68588E+03
    0.21383E-03    0.69996E+03
    0.21815E-03    0.71435E+03
    0.22255E-03    0.72905E+03
    0.22705E-03    0.74406E+03
    0.23164E-03    0.75939E+03
    0.23632E-03    0.77505E+03
    0.24109E-03    0.79104E+03
    0.24596E-03    0.80738E+03
    0.25093E-03    0.82406E+03
    0.25600E-03    0.84109E+03
    0.26117E-03    0.85848E+03
    0.26645E-03    0.87624E+03
    0.27183E-03    0.89438E+03
    0.27732E-03    0.91289E+03
    0.28292E-03    0.93179E+03
    0.28864E-03    0.95107E+03
    0.29447E-03    0.97076E+03
    0.30042E-03    0.99085E+03
    0.30649E-03    0.10113E+04
    0.31268E-03    0.10323E+04
    0.31899E-03    0.10536E+04
    0.32544E-03    0.10753E+04
    0.33201E-03    0.10975E+04
    0.33872E-03    0.11201E+04
    0.34556E-03    0.11432E+04
    0.35254E-03    0.11667E+04
    0.35966E-03    0.11906E+04
    0.36693E-03    0.12150E+04
    0.37434E-03    0.12398E+04
    0.38190E-03    0.12651E+04
    0.38962E-03    0.12909E+04
    0.39749E-03    0.13171E+04
    0.40552E-03    0.13437E+04
    0.41371E-03    0.13709E+04
    0.42207E-03    0.13984E+04
    0.43060E-03    0.14265E+04
    0.43929E-03    0.14550E+04
    0.44817E-03    0.14839E+04
    0.45722E-03    0.15133E+04
    0.46646E-03    0.15432E+04
    0.47588E-03    0.15735E+04
    0.48550E-03    0.16042E+04
    0.49530E-03    0.16354E+04
    0.50531E-03    0.16670E+04
    0.51552E-03    0.16991E+04
    0.52593E-03    0.17315E+04
    0.53656E-03    0.17644E+04
    0.54739E-03    0.17977E+04
    0.55845E-03    0.18314E+04
    0.56973E-03    0.18655E+04
    0.58124E-03    0.19000E+04
    0.59299E-03    0.19349E+04
    0.60496E-03    0.19701E+04
    0.61719E-03    0.20058E+04
    0.62965E-03    0.20417E+04
    0.64237E-03    0.20780E+04
    0.65535E-03    0.21147E+04
    0.66859E-03    0.21517E+04
    0.68210E-03    0.21890E+04
    0.69588E-03    0.22266E+04
    0.70993E-03    0.22646E+04
    0.72427E-03    0.23028E+04
    0.73891E-03    0.23413E+04
    0.75383E-03    0.23802E+04
    0.76906E-03    0.24193E+04
    0.78460E-03    0.24586E+04
    0.80045E-03    0.24983E+04
    0.81662E-03    0.25382E+04
    0.83311E-03    0.25783E+04
    0.84994E-03    0.26187E+04
    0.86711E-03    0.26594E+04
    0.88463E-03    0.27003E+04
    0.90250E-03    0.27415E+04
    0.92073E-03    0.27829E+04
    0.93933E-03    0.28246E+04
    0.95831E-03    0.28665E+04
    0.97767E-03    0.29087E+04
    0.99742E-03    0.29512E+04
    0.10176E-02    0.29939E+04
    0.10381E-02    0.30368E+04
    0.10591E-02    0.30801E+04
    0.10805E-02    0.31236E+04
    0.11023E-02    0.31674E+04
    0.11246E-02    0.32115E+04
    0.11473E-02    0.32559E+04
    0.11705E-02    0.33006E+04
    0.11941E-02    0.33456E+04
    0.12182E-02    0.33910E+04
    0.12429E-02    0.34367E+04
    0.12680E-02    0.34827E+04
    0.12936E-02    0.35291E+04
    0.13197E-02    0.35758E+04
    0.13464E-02    0.36230E+04
    0.13736E-02    0.36705E+04
    0.14013E-02    0.37184E+04
    0.14296E-02    0.37667E+04
    0.14585E-02    0.38154E+04
    0.14880E-02    0.38646E+04
    0.15180E-02    0.39142E+04
    0.15487E-02    0.39642E+04
    0.15800E-02    0.40147E+04
    0.16119E-02    0.40656E+04
    0.16445E-02    0.41170E+04
    0.16777E-02    0.41689E+04
    0.17116E-02    0.42213E+04
    0.17462E-02    0.42741E+04
    0.17814E-02    0.43275E+04
    0.18174E-02    0.43813E+04
    0.18541E-02    0.44357E+04
    0.18916E-02    0.44906E+04
    0.19298E-02    0.45460E+04
    0.19688E-02    0.46019E+04
    0.20086E-02    0.46583E+04
    0.20491E-02    0.47153E+04
    0.20905E-02    0.47728E+04
    0.21328E-02    0.48308E+04
    0.21758E-02    0.48894E+04
    0.22198E-02    0.49484E+04
    0.22646E-02    0.50081E+04
    0.23104E-02    0.50682E+04
    0.23571E-02    0.51289E+04
    0.24047E-02    0.51901E+04
    0.24533E-02    0.52518E+04
    0.25028E-02    0.53141E+04
    0.25534E-02    0.53769E+04
    0.26050E-02    0.54401E+04
    0.26576E-02    0.55039E+04
    0.27113E-02    0.55682E+04
    0.27660E-02    0.56330E+04
    0.28219E-02    0.56983E+04
    0.28789E-02    0.57641E+04
    0.29371E-02    0.58303E+04
    0.29964E-02    0.58970E+04
    0.30569E-02    0.59642E+04
    0.31187E-02    0.60318E+04
    0.31817E-02    0.60998E+04
    0.32460E-02    0.61683E+04
    0.33115E-02    0.62372E+04
    0.33784E-02    0.63065E+04
    0.34467E-02    0.63762E+04
    0.35163E-02    0.64462E+04
    0.35874E-02    0.65166E+04
    0.36598E-02    0.65873E+04
    0.37338E-02    0.66583E+04
    0.38092E-02    0.67297E+04
    0.38861E-02    0.68013E+04
    0.39646E-02    0.68733E+04
    0.40447E-02    0.69455E+04
    0.41264E-02    0.70180E+04
    0.42098E-02    0.70908E+04
    0.42948E-02    0.71638E+04
    0.43816E-02    0.72369E+04
    0.44701E-02    0.73101E+04
    0.45604E-02    0.73834E+04
    0.46525E-02    0.74567E+04
    0.47465E-02    0.75300E+04
    0.48424E-02    0.76034E+04
    0.49402E-02    0.76768E+04
    0.50400E-02    0.77501E+04
    0.51419E-02    0.78233E+04
    0.52457E-02    0.78965E+04
    0.53517E-02    0.79695E+04
    0.54598E-02    0.80424E+04
    0.55701E-02    0.81151E+04
    0.56826E-02    0.81875E+04
    0.57974E-02    0.82597E+04
    0.59145E-02    0.83315E+04
    0.60340E-02    0.84030E+04
    0.61559E-02    0.84741E+04
    0.62803E-02    0.85447E+04
    0.64072E-02    0.86149E+04
    0.65366E-02    0.86846E+04
    0.66686E-02    0.87537E+04
    0.68033E-02    0.88221E+04
    0.69408E-02    0.88899E+04
    0.70810E-02    0.89570E+04
    0.72240E-02    0.90233E+04
    0.73700E-02    0.90888E+04
    0.75189E-02    0.91534E+04
    0.76708E-02    0.92171E+04
    0.78257E-02    0.92798E+04
    0.79838E-02    0.93415E+04
    0.81451E-02    0.94020E+04
    0.83096E-02    0.94614E+04
    0.84775E-02    0.95196E+04
    0.86488E-02    0.95764E+04
    0.88235E-02    0.96319E+04
    0.90017E-02    0.96861E+04
    0.91836E-02    0.97387E+04
    0.93691E-02    0.97898E+04
    0.95583E-02    0.98392E+04
    0.97514E-02    0.98869E+04
    0.99484E-02    0.99329E+04
    0.10149E-01    0.99771E+04
    0.10354E-01    0.10019E+05
    0.10564E-01    0.10060E+05
    0.10777E-01    0.10098E+05
    0.10995E-01    0.10134E+05
    0.11217E-01    0.10168E+05
    0.11443E-01    0.10199E+05
    0.11675E-01    0.10228E+05
    0.11910E-01    0.10255E+05
    0.12151E-01    0.10279E+05
    0.12397E-01    0.10300E+05
    0.12647E-01    0.10319E+05
    0.12902E-01    0.10334E+05
    0.13163E-01    0.10348E+05
    0.13429E-01    0.10358E+05
    0.13700E-01    0.10365E+05
    0.13977E-01    0.10369E+05
    0.14259E-01    0.10370E+05
    0.14547E-01    0.10367E+05
    0.14841E-01    0.10360E+05
    0.15141E-01    0.10349E+05
    0.15447E-01    0.10335E+05
    0.15759E-01    0.10317E+05
    0.16077E-01    0.10298E+05
    0.16402E-01    0.10277E+05
    0.16734E-01    0.10255E+05
    0.17072E-01    0.10230E+05
    0.17416E-01    0.10202E+05
    0.17768E-01    0.10169E+05
    0.18127E-01    0.10130E+05
    0.18493E-01    0.10085E+05
    0.18867E-01    0.10034E+05
    0.19248E-01    0.99777E+04
    0.19637E-01    0.99173E+04
    0.20034E-01    0.98532E+04
    0.20438E-01    0.97858E+04
    0.20851E-01    0.97145E+04
    0.21272E-01    0.96386E+04
    0.21702E-01    0.95576E+04
    0.22141E-01    0.94709E+04
    0.22588E-01    0.93785E+04
    0.23044E-01    0.92809E+04
    0.23510E-01    0.91790E+04
    0.23985E-01    0.90736E+04
    0.24469E-01    0.89654E+04
    0.24964E-01    0.88549E+04
    0.25468E-01    0.87421E+04
    0.25982E-01    0.86273E+04
    0.26507E-01    0.85103E+04
    0.27043E-01    0.83913E+04
    0.27589E-01    0.82702E+04
    0.28146E-01    0.81468E+04
    0.28715E-01    0.80207E+04
    0.29295E-01    0.78916E+04
    0.29887E-01    0.77594E+04
    0.30490E-01    0.76242E+04
    0.31106E-01    0.74867E+04
    0.31735E-01    0.73478E+04
    0.32376E-01    0.72083E+04
    0.33030E-01    0.70688E+04
    0.33697E-01    0.69299E+04
    0.34378E-01    0.67918E+04
    0.35072E-01    0.66544E+04
    0.35781E-01    0.65179E+04
    0.36504E-01    0.63825E+04
    0.37241E-01    0.62482E+04
    0.37993E-01    0.61156E+04
    0.38761E-01    0.59850E+04
    0.39544E-01    0.58569E+04
    0.40343E-01    0.57315E+04
    0.41158E-01    0.56093E+04
    0.41989E-01    0.54903E+04
    0.42838E-01    0.53750E+04
    0.43703E-01    0.52633E+04
    0.44586E-01    0.51556E+04
    0.45486E-01    0.50519E+04
    0.46405E-01    0.49525E+04
    0.47343E-01    0.48574E+04
    0.48299E-01    0.47669E+04
    0.49275E-01    0.46810E+04
    0.50270E-01    0.45996E+04
    0.51286E-01    0.45226E+04
    0.52322E-01    0.44496E+04
    0.53379E-01    0.43806E+04
    0.54457E-01    0.43151E+04
    0.55557E-01    0.42527E+04
    0.56680E-01    0.41929E+04
    0.57825E-01    0.41351E+04
    0.58993E-01    0.40790E+04
    0.60184E-01    0.40239E+04
    0.61400E-01    0.39695E+04
    0.62641E-01    0.39155E+04
    0.63906E-01    0.38611E+04
    0.65197E-01    0.38054E+04
    0.66514E-01    0.37475E+04
    0.67858E-01    0.36869E+04
    0.69229E-01    0.36238E+04
    0.70627E-01    0.35588E+04
    0.72054E-01    0.34923E+04
    0.73510E-01    0.34232E+04
    0.74994E-01    0.33498E+04
    0.76509E-01    0.32709E+04
    0.78055E-01    0.31864E+04
    0.79632E-01    0.30972E+04
    0.81241E-01    0.30042E+04
    0.82882E-01    0.29083E+04
    0.84556E-01    0.28105E+04
    0.86264E-01    0.27117E+04
    0.88007E-01    0.26126E+04
    0.89785E-01    0.25140E+04
    0.91598E-01    0.24166E+04
    0.93449E-01    0.23211E+04
    0.95337E-01    0.22283E+04
    0.97263E-01    0.21395E+04
    0.99227E-01    0.20556E+04
    0.10123E+00    0.19776E+04
    0.10328E+00    0.19060E+04
    0.10536E+00    0.18409E+04
    0.10749E+00    0.17827E+04
    0.10966E+00    0.17313E+04
    0.11188E+00    0.16865E+04
    0.11414E+00    0.16478E+04
    0.11644E+00    0.16142E+04
    0.11880E+00    0.15833E+04
    0.12120E+00    0.15533E+04
    0.12365E+00    0.15233E+04
    0.12614E+00    0.14934E+04
    0.12869E+00    0.14633E+04
    0.13129E+00    0.14316E+04
    0.13394E+00    0.13964E+04
    0.13665E+00    0.13570E+04
    0.13941E+00    0.13134E+04
    0.14223E+00    0.12658E+04
    0.14510E+00    0.12143E+04
    0.14803E+00    0.11592E+04
    0.15102E+00    0.11025E+04
    0.15407E+00    0.10467E+04
    0.15718E+00    0.99334E+03
    0.16036E+00    0.94250E+03
    0.16360E+00    0.89468E+03
    0.16690E+00    0.85096E+03
    0.17028E+00    0.81223E+03
    0.17371E+00    0.77922E+03
    0.17722E+00    0.75144E+03
    0.18080E+00    0.72681E+03
    0.18446E+00    0.70422E+03
    0.18818E+00    0.68354E+03
    0.19198E+00    0.66327E+03
    0.19586E+00    0.64125E+03
    0.19982E+00    0.61654E+03
    0.20386E+00    0.58888E+03
    0.20797E+00    0.55854E+03
    0.21218E+00    0.52578E+03
    0.21646E+00    0.49138E+03
    0.22083E+00    0.45807E+03
    0.22530E+00    0.42685E+03
    0.22985E+00    0.39713E+03
    0.23449E+00    0.37030E+03
    0.23923E+00    0.34672E+03
    0.24406E+00    0.32560E+03
    0.24899E+00    0.30648E+03
    0.25402E+00    0.28879E+03
    0.25915E+00    0.27128E+03
    0.26439E+00    0.25272E+03
    0.26973E+00    0.23349E+03
    0.27518E+00    0.21335E+03
    0.28074E+00    0.19279E+03
    0.28641E+00    0.17266E+03
    0.29219E+00    0.15349E+03
    0.29810E+00    0.13596E+03
    0.30412E+00    0.12025E+03
    0.31026E+00    0.10646E+03
    0.31653E+00    0.93809E+02
    0.32292E+00    0.82458E+02
    0.32945E+00    0.71396E+02
    0.33610E+00    0.60799E+02
    0.34289E+00    0.50826E+02
    0.34982E+00    0.41631E+02
    0.35689E+00    0.33393E+02
    0.36409E+00    0.26285E+02
    0.37145E+00    0.20382E+02
    0.37895E+00    0.15579E+02
    0.38661E+00    0.11698E+02
    0.39442E+00    0.85531E+01
    0.40239E+00    0.60171E+01
    0.41052E+00    0.40197E+01
    0.41881E+00    0.25180E+01
    0.42727E+00    0.14692E+01
    0.43590E+00    0.79441E+00
    0.44471E+00    0.39810E+00
    0.45369E+00    0.18522E+00
    0.46286E+00    0.79514E-01
    0.47221E+00    0.31729E-01
    0.48174E+00    0.12916E-01
    0.49148E+00    0.76641E-02
    0.50141E+00    0.98043E-02
    0.51153E+00    0.20861E-01
    0.52187E+00    0.46189E-01
    0.53241E+00    0.88893E-01
    0.54317E+00    0.14568E+00
    0.55414E+00    0.20727E+00
    0.56533E+00    0.26665E+00
    0.57675E+00    0.31435E+00
    0.58840E+00    0.33347E+00
    0.60029E+00    0.31250E+00
    0.61242E+00    0.25531E+00
    0.62479E+00    0.18716E+00
    0.63741E+00    0.12931E+00
    0.65029E+00    0.88450E-01
    0.66342E+00    0.62926E-01
    0.67683E+00    0.48651E-01
    0.69050E+00    0.40904E-01
    0.70445E+00    0.36649E-01
    0.71868E+00    0.34286E-01
    0.73320E+00    0.32812E-01
    0.74801E+00    0.31513E-01
    0.76312E+00    0.30086E-01
    0.77854E+00    0.28416E-01
    0.79426E+00    0.26426E-01
    0.81031E+00    0.24082E-01
    0.82668E+00    0.21421E-01
    0.84338E+00    0.18645E-01
    0.86041E+00    0.15973E-01
    0.87780E+00    0.13544E-01
    0.89553E+00    0.11434E-01
    0.91362E+00    0.96630E-02
    0.93208E+00    0.82013E-02
    0.95091E+00    0.70061E-02
    0.97011E+00    0.60375E-02
    0.98971E+00    0.52599E-02
    0.10097E+01    0.46408E-02
    0.10301E+01    0.41382E-02
    0.10509E+01    0.37149E-02
    0.10721E+01    0.33441E-02
    0.10938E+01    0.30070E-02
    0.11159E+01    0.26915E-02
    0.11384E+01    0.23996E-02
    0.11614E+01    0.21359E-02
    0.11849E+01    0.19029E-02
    0.12088E+01    0.17010E-02
    0.12333E+01    0.15289E-02
    0.12582E+01    0.13810E-02
    0.12836E+01    0.12513E-02
    0.13095E+01    0.11351E-02
    0.13360E+01    0.10290E-02
    0.13630E+01    0.93070E-03
    0.13905E+01    0.84009E-03
    0.14186E+01    0.75767E-03
    0.14472E+01    0.68357E-03
    0.14765E+01    0.61767E-03
    0.15063E+01    0.55954E-03
    0.15367E+01    0.50809E-03
    0.15678E+01    0.46208E-03
    0.15994E+01    0.42054E-03
    0.16318E+01    0.38271E-03
    0.16647E+01    0.34801E-03
    0.16984E+01    0.31626E-03
    0.17327E+01    0.28739E-03
    0.17677E+01    0.26131E-03
    0.18034E+01    0.23787E-03
    0.18398E+01    0.21691E-03
    0.18770E+01    0.19824E-03
    0.19149E+01    0.18168E-03
    0.19536E+01    0.16705E-03
    0.19930E+01    0.15418E-03
    0.20333E+01    0.14288E-03
    0.20744E+01    0.13283E-03
    0.21163E+01    0.12370E-03
    0.21590E+01    0.11523E-03
    0.22026E+01    0.10719E-03
    0.22471E+01    0.99466E-04
    0.22925E+01    0.92109E-04
    0.23388E+01    0.85245E-04
    0.23861E+01    0.78957E-04
    0.24343E+01    0.73297E-04
    0.24835E+01    0.68281E-04
    0.25336E+01    0.63825E-04
    0.25848E+01    0.59817E-04
    0.26370E+01    0.56168E-04
    0.26903E+01    0.52800E-04
    0.27447E+01    0.49655E-04
    0.28001E+01    0.46700E-04
    0.28567E+01    0.43915E-04
    0.29144E+01    0.41285E-04
    0.29733E+01    0.38793E-04
    0.30333E+01    0.36431E-04
    0.30946E+01    0.34214E-04
    0.31571E+01    0.32164E-04
    0.32209E+01    0.30296E-04
    0.32860E+01    0.28621E-04
    0.33523E+01    0.27139E-04
    0.34201E+01    0.25811E-04
    0.34892E+01    0.24586E-04
    0.35596E+01    0.23424E-04
    0.36316E+01    0.22289E-04
    0.37049E+01    0.21155E-04
    0.37798E+01    0.20033E-04
    0.38561E+01    0.18942E-04
    0.39340E+01    0.17900E-04
    0.40135E+01    0.16919E-04
    0.40946E+01    0.16009E-04
    0.41773E+01    0.15165E-04
    0.42617E+01    0.14376E-04
    0.43478E+01    0.13635E-04
    0.44356E+01    0.12935E-04
    0.45252E+01    0.12270E-04
    0.46166E+01    0.11639E-04
    0.47099E+01    0.11041E-04
    0.48050E+01    0.10478E-04
    0.49021E+01    0.99470E-05
    0.50011E+01    0.94485E-05
    0.51021E+01    0.89778E-05
    0.52052E+01    0.85293E-05
    0.53104E+01    0.80985E-05
    0.54176E+01    0.76815E-05
    0.55271E+01    0.72765E-05
    0.56387E+01    0.68900E-05
    0.57526E+01    0.65310E-05
    0.58689E+01    0.62066E-05
    0.59874E+01    0.59222E-05
    0.61084E+01    0.56807E-05
    0.62318E+01    0.54718E-05
    0.63577E+01    0.52811E-05
    0.64861E+01    0.50962E-05
    0.66171E+01    0.49061E-05
    0.67508E+01    0.47028E-05
    0.68872E+01    0.44898E-05
    0.70263E+01    0.42746E-05
    0.71682E+01    0.40638E-05
    0.73130E+01    0.38627E-05
    0.74608E+01    0.36752E-05
    0.76115E+01    0.35008E-05
    0.77653E+01    0.33374E-05
    0.79221E+01    0.31829E-05
    0.80822E+01    0.30358E-05
    0.82454E+01    0.28947E-05
    0.84120E+01    0.27597E-05
    0.85819E+01    0.26309E-05
    0.87553E+01    0.25086E-05
    0.89322E+01    0.23931E-05
    0.91126E+01    0.22842E-05
    0.92967E+01    0.21807E-05
    0.94845E+01    0.20811E-05
    0.96761E+01    0.19840E-05
    0.98716E+01    0.18886E-05
    0.10071E+02    0.17941E-05
    0.10274E+02    0.17033E-05
    0.10482E+02    0.16194E-05
    0.10694E+02    0.15451E-05
    0.10910E+02    0.14826E-05
    0.11130E+02    0.14332E-05
    0.11355E+02    0.13934E-05
    0.11584E+02    0.13581E-05
    0.11818E+02    0.13226E-05
    0.12057E+02    0.12827E-05
    0.12301E+02    0.12354E-05
    0.12549E+02    0.11822E-05
    0.12803E+02    0.11264E-05
    0.13061E+02    0.10712E-05
    0.13325E+02    0.10188E-05
    0.13594E+02    0.97113E-06
    0.13869E+02    0.92780E-06
    0.14149E+02    0.88780E-06
    0.14435E+02    0.85023E-06
    0.14727E+02    0.81431E-06
    0.15024E+02    0.77945E-06
    0.15328E+02    0.74560E-06
    0.15637E+02    0.71294E-06
    0.15953E+02    0.68160E-06
    0.16275E+02    0.65170E-06
    0.16604E+02    0.62330E-06
    0.16940E+02    0.59633E-06
    0.17282E+02    0.57064E-06
    0.17631E+02    0.54612E-06
    0.17987E+02    0.52264E-06
    0.18351E+02    0.50012E-06
    0.18721E+02    0.47851E-06
    0.19099E+02    0.45777E-06
    0.19485E+02    0.43788E-06
    0.19879E+02    0.41879E-06
    0.20280E+02    0.40048E-06
    0.20690E+02    0.38294E-06
    0.21108E+02    0.36613E-06
    0.21535E+02    0.35005E-06
    0.21970E+02    0.33465E-06
