7.389889999999999816e-05 3.164664509268134225e+02 3.164635368654567742e+02
1.218389999999999968e-04 5.128516876865475069e+02 5.128521605187074783e+02
2.008780000000000103e-04 8.307723359404883468e+02 8.307731013881790432e+02
3.311920000000000098e-04 1.344400739087474221e+03 1.344401975618262668e+03
5.460429999999999624e-04 2.170036946798420558e+03 2.170060990636799033e+03
9.002730000000000454e-04 3.482842656513019847e+03 3.482922530592513795e+03
1.484300000000000029e-03 5.526859468049789029e+03 5.527233468770658874e+03
2.447200000000000070e-03 8.586767817100651882e+03 8.588232333339476099e+03
4.034740000000000201e-03 1.285136270116844025e+04 1.285714154587705343e+04
4.571959999999999913e-03 1.409391794427650166e+04 1.410186842826658722e+04
5.180709999999999829e-03 1.539008386203671580e+04 1.540116370000120878e+04
5.870519999999999732e-03 1.672387787481210398e+04 1.673906086111922923e+04
6.652169999999999785e-03 1.807388324281711539e+04 1.809484036601695698e+04
7.537890000000000215e-03 1.941235761082163299e+04 1.944082429273822709e+04
8.541550000000000184e-03 2.070440979910196984e+04 2.074320974853655207e+04
9.678849999999999260e-03 2.190749700186023256e+04 2.195981088370648285e+04
1.096759999999999922e-02 2.297087751249166104e+04 2.304116249790025904e+04
1.242790000000000041e-02 2.383566758728461718e+04 2.393025892513102372e+04
1.408260000000000067e-02 2.443630101624421513e+04 2.456286396712920032e+04
1.595769999999999827e-02 2.470489201554923056e+04 2.487296140160945288e+04
1.808250000000000135e-02 2.457224371625853746e+04 2.479716219618043033e+04
2.049010000000000067e-02 2.398503826985947671e+04 2.428376984969590194e+04
2.321830000000000074e-02 2.291430704899335251e+04 2.330848389189297450e+04
2.630980000000000124e-02 2.136987363417624510e+04 2.188986226155920303e+04
2.981289999999999982e-02 1.942139980135320002e+04 2.010496344902264900e+04
3.378250000000000003e-02 1.720148596748125783e+04 1.809896416183430119e+04
3.828059999999999796e-02 1.511806950318615964e+04 1.628538238081058262e+04
4.337760000000000227e-02 1.295602046042660368e+04 1.445032205345180591e+04
4.915320000000000106e-02 1.097355143618536022e+04 1.284420095624356327e+04
5.569790000000000157e-02 9.530556991515342816e+03 1.180106852479375630e+04
6.311400000000000343e-02 8.281271054150302007e+03 1.090870748821479538e+04
7.050389999999999435e-02 7.177896714941067330e+03 9.983150756334431208e+03
7.789379999999999915e-02 6.166398671387953982e+03 8.976552146082251056e+03
8.528370000000000395e-02 5.120500943868592913e+03 7.833015122412726669e+03
9.267359999999999487e-02 4.199730431044669785e+03 6.771152983427053186e+03
1.000629999999999992e-01 3.517497168911055269e+03 5.945308265140538424e+03
1.074530000000000068e-01 3.071741546902246682e+03 5.387106518205139764e+03
1.148430000000000006e-01 2.794251277414187825e+03 5.035117553945739019e+03
1.222329999999999944e-01 2.600653490254890585e+03 4.786186481867558541e+03
1.296229999999999882e-01 2.412914594253774339e+03 4.537620633761336649e+03
1.370129999999999959e-01 2.191227885110408806e+03 4.230471610529830286e+03
1.444030000000000036e-01 1.943475255494409794e+03 3.869486226478803474e+03
1.517930000000000113e-01 1.700912473267895166e+03 3.501758878503678261e+03
1.591829999999999912e-01 1.498048279188114066e+03 3.183891635264996694e+03
1.665719999999999978e-01 1.352169870124934732e+03 2.946977575602144952e+03
1.739620000000000055e-01 1.254543108154686706e+03 2.783961236542653751e+03
1.813520000000000132e-01 1.185932275020574934e+03 2.668007942491425183e+03
1.887419999999999931e-01 1.126996183355381390e+03 2.566857040169817083e+03
1.961320000000000008e-01 1.061470665234453236e+03 2.453520186890504192e+03
2.035220000000000085e-01 9.847261633496572131e+02 2.319427754095287128e+03
2.109119999999999884e-01 9.032068285669892020e+02 2.173451908792482300e+03
2.183019999999999960e-01 8.264628927550830895e+02 2.032381818588598435e+03
2.315280000000000116e-01 7.235173160489651991e+02 1.836498808093771686e+03
2.455559999999999965e-01 6.586580912517001707e+02 1.706689471530131414e+03
2.604339999999999988e-01 6.022490439456158811e+02 1.592179547899001818e+03
2.762129999999999863e-01 5.336738715456987165e+02 1.452176019402737211e+03
2.929479999999999862e-01 4.702888353277990632e+02 1.317933058444871904e+03
3.106970000000000010e-01 4.264884015889493867e+02 1.220279808485715876e+03
3.295219999999999816e-01 3.882859350558260871e+02 1.133638365879353159e+03
3.494869999999999921e-01 3.474763090382962218e+02 1.040439033471990797e+03
3.706619999999999915e-01 3.143810011547066665e+02 9.616727318621110498e+02
3.931189999999999962e-01 2.874534964598034890e+02 8.956686065337250966e+02
4.169379999999999753e-01 2.609770491983709348e+02 8.303059353668108997e+02
4.421990000000000087e-01 2.388001589455400051e+02 7.736732910978753353e+02
6.171389999999999931e-01 1.536198612985740226e+02 5.420855931926987523e+02
8.612859999999999960e-01 1.091730315148262918e+02 4.040103214088144910e+02
1.202020000000000088e+00 8.221108548258226278e+01 3.049323093800431366e+02
1.677559999999999940e+00 6.151939971811480490e+01 2.184532244040445335e+02
2.341219999999999857e+00 4.308275593672925652e+01 1.416406744958995603e+02
3.267430000000000057e+00 2.731711894294563692e+01 8.293230917411763414e+01
4.560069999999999624e+00 1.569744585393190484e+01 4.534653413005146660e+01
6.364090000000000025e+00 8.365619451328598188e+00 2.373307602230233115e+01
