               #####        0.2000000000        0.2533333333        0.3066666667        0.3600000000        0.4133333333        0.4666666667        0.5200000000        0.5733333333        0.6266666667        0.6800000000        0.7333333333        0.7866666667        0.8400000000        0.8933333333        0.9466666667        1.0000000000
        0.0010000000    0.1512752539E-07    0.2411657557E-07    0.3500281916E-07    0.4760149607E-07    0.6167620455E-07    0.7694854155E-07    0.9311429530E-07    0.1098619543E-06    0.1268920332E-06    0.1439323801E-06    0.1607494384E-06    0.1771532402E-06    0.1929982070E-06    0.2081807154E-06    0.2226335797E-06    0.2363199172E-06
        0.0010948890    0.2155674794E-07    0.3436615890E-07    0.4987907447E-07    0.6783221532E-07    0.8788871757E-07    0.1096518694E-06    0.1326881833E-06    0.1565537684E-06    0.1808218675E-06    0.2051046697E-06    0.2290693575E-06    0.2524452230E-06    0.2750248107E-06    0.2966604481E-06    0.3172563863E-06    0.3367600572E-06
        0.0011987818    0.3070444304E-07    0.4894958051E-07    0.7104546753E-07    0.9661710779E-07    0.1251847025E-06    0.1561832150E-06    0.1889952293E-06    0.2229885099E-06    0.2575552201E-06    0.2921429893E-06    0.3262777690E-06    0.3595739705E-06    0.3917360929E-06    0.4225537847E-06    0.4518906495E-06    0.4796717959E-06
        0.0013125330    0.4370917256E-07    0.6968195645E-07    0.1011364602E-06    0.1375388704E-06    0.1782061957E-06    0.2223341157E-06    0.2690437500E-06    0.3174351187E-06    0.3666429660E-06    0.4158809823E-06    0.4644743412E-06    0.5118741309E-06    0.5576596756E-06    0.6015315073E-06    0.6432954338E-06    0.6828448172E-06
        0.0014370779    0.6218851898E-07    0.9914206606E-07    0.1438948964E-06    0.1956875291E-06    0.2535482574E-06    0.3163327679E-06    0.3827906722E-06    0.4516415560E-06    0.5216543959E-06    0.5917104720E-06    0.6608496592E-06    0.7282909636E-06    0.7934358280E-06    0.8558581384E-06    0.9152815595E-06    0.9715543256E-06
        0.0015734408    0.8841879553E-07    0.1409588492E-06    0.2045878249E-06    0.2782259324E-06    0.3604916764E-06    0.4497581818E-06    0.5442477683E-06    0.6421400573E-06    0.7416848696E-06    0.8412916651E-06    0.9395953588E-06    0.1035485521E-05    0.1128111086E-05    0.1216866149E-05    0.1301357751E-05    0.1381370042E-05
        0.0017227429    0.1256225869E-06    0.2002698088E-06    0.2906718258E-06    0.3952945544E-06    0.5121753160E-06    0.6390028521E-06    0.7732516641E-06    0.9123355752E-06    0.1053768107E-05    0.1195289537E-05    0.1334960409E-05    0.1471203024E-05    0.1602808138E-05    0.1728914802E-05    0.1848964599E-05    0.1962650740E-05
        0.0018862122    0.1783418582E-06    0.2843158280E-06    0.4126563293E-06    0.5611855574E-06    0.7271173404E-06    0.9071707192E-06    0.1097760616E-05    0.1295215790E-05    0.1496006470E-05    0.1696924722E-05    0.1895217187E-05    0.2088644002E-05    0.2275488325E-05    0.2454527733E-05    0.2624969276E-05    0.2786377228E-05
        0.0020651929    0.2529581039E-06    0.4032704005E-06    0.5853071632E-06    0.7959795454E-06    0.1031335953E-05    0.1286723122E-05    0.1557056479E-05    0.1837129198E-05    0.2121935014E-05    0.2406924006E-05    0.2688190871E-05    0.2962558513E-05    0.3227591581E-05    0.3481555936E-05    0.3723326563E-05    0.3952285123E-05
        0.0022611570    0.3584281029E-06    0.5714125850E-06    0.8293489817E-06    0.1127860770E-05    0.1461349212E-05    0.1823221553E-05    0.2206273978E-05    0.2603129385E-05    0.3006694685E-05    0.3410523173E-05    0.3809081297E-05    0.4197867115E-05    0.4573429538E-05    0.4933310942E-05    0.5275916750E-05    0.5600370299E-05
        0.0024757158    0.5072845618E-06    0.8087222480E-06    0.1173780606E-05    0.1596265865E-05    0.2068254862E-05    0.2580417942E-05    0.3122560753E-05    0.3684243585E-05    0.4255428414E-05    0.4826991671E-05    0.5391101779E-05    0.5941386854E-05    0.6472962018E-05    0.6982348274E-05    0.7467288003E-05    0.7926539631E-05
        0.0027106339    0.7170939199E-06    0.1143204122E-05    0.1659248168E-05    0.2256471137E-05    0.2923674125E-05    0.3647670584E-05    0.4414051854E-05    0.5208062279E-05    0.6015513563E-05    0.6823509460E-05    0.7620979437E-05    0.8398915803E-05    0.9150412447E-05    0.9870550314E-05    0.1055613673E-04    0.1120541527E-04
        0.0029678432    0.1012328415E-05    0.1613872283E-05    0.2342376796E-05    0.3185483437E-05    0.4127384595E-05    0.5149467611E-05    0.6231394912E-05    0.7352338795E-05    0.8492271761E-05    0.9632989306E-05    0.1075886326E-04    0.1185717664E-04    0.1291817860E-04    0.1393492295E-04    0.1490290042E-04    0.1581962924E-04
        0.0032494587    0.1427079209E-05    0.2275075467E-05    0.3302048384E-05    0.4490577605E-05    0.5818382386E-05    0.7259229213E-05    0.8784453535E-05    0.1036469943E-04    0.1197173780E-04    0.1357990779E-04    0.1516717868E-04    0.1671562218E-04    0.1821149016E-04    0.1964498747E-04    0.2100975391E-04    0.2230228734E-04
        0.0035577965    0.2008288335E-05    0.3201649482E-05    0.4646879832E-05    0.6319466548E-05    0.8188059839E-05    0.1021574974E-04    0.1236220612E-04    0.1458612515E-04    0.1684778678E-04    0.1911108249E-04    0.2134500958E-04    0.2352433614E-04    0.2562971096E-04    0.2764734456E-04    0.2956828072E-04    0.3138758517E-04
        0.0038953921    0.2821249383E-05    0.4497686497E-05    0.6527950809E-05    0.8877610396E-05    0.1150263353E-04    0.1435118155E-04    0.1736661264E-04    0.2049091598E-04    0.2366830236E-04    0.2684805173E-04    0.2998661225E-04    0.3304853483E-04    0.3600662861E-04    0.3884151387E-04    0.4154059961E-04    0.4409694477E-04
        0.0042650218    0.3955484183E-05    0.6305903723E-05    0.9152401497E-05    0.1244670892E-04    0.1612710593E-04    0.2012093340E-04    0.2434880052E-04    0.2872939513E-04    0.3318451459E-04    0.3764305630E-04    0.4204396036E-04    0.4633752080E-04    0.5048560498E-04    0.5446102851E-04    0.5824612342E-04    0.6183114282E-04
        0.0046697254    0.5534273503E-05    0.8822837389E-05    0.1280548515E-04    0.1741469212E-04    0.2256412579E-04    0.2815215895E-04    0.3406774983E-04    0.4019716530E-04    0.4643101423E-04    0.5266982798E-04    0.5882817719E-04    0.6483650772E-04    0.7064145019E-04    0.7620494813E-04    0.8150225736E-04    0.8651971584E-04
        0.0051128308    0.7725146947E-05    0.1231556584E-04    0.1787484003E-04    0.2430872937E-04    0.3149676086E-04    0.3929712922E-04    0.4755489413E-04    0.5611135330E-04    0.6481385135E-04    0.7352356478E-04    0.8212124794E-04    0.9050979810E-04    0.9861469145E-04    0.1063827708E-03    0.1137794573E-03    0.1207856402E-03
        0.0055979820    0.1075584424E-04    0.1714715516E-04    0.2488742118E-04    0.3384545549E-04    0.4385358015E-04    0.5471444384E-04    0.6621241764E-04    0.7812662631E-04    0.9024459105E-04    0.1023730613E-03    0.1143460139E-03    0.1260282284E-03    0.1373159005E-03    0.1481349618E-03    0.1584372040E-03    0.1681959548E-03
        0.0061291687    0.1493451070E-04    0.2380885488E-04    0.3455622915E-04    0.4699452066E-04    0.6089100251E-04    0.7597179140E-04    0.9193764249E-04    0.1084820126E-03    0.1253099802E-03    0.1421532733E-03    0.1587813752E-03    0.1750064946E-03    0.1906844286E-03    0.2057122411E-03    0.2200228926E-03    0.2335792449E-03
        0.0067107592    0.2067465263E-04    0.3295988186E-04    0.4783805204E-04    0.6505711863E-04    0.8429505661E-04    0.1051729389E-03    0.1272767564E-03    0.1501823738E-03    0.1734816849E-03    0.1968033969E-03    0.2198284027E-03    0.2422966720E-03    0.2640084624E-03    0.2848211260E-03    0.3046416917E-03    0.3234185806E-03
        0.0073475362    0.2852713080E-04    0.4547842406E-04    0.6600749164E-04    0.8976666134E-04    0.1163118420E-03    0.1451205463E-03    0.1756219238E-03    0.2072311157E-03    0.2393852831E-03    0.2715722562E-03    0.3033517412E-03    0.3343648458E-03    0.3643357789E-03    0.3930674747E-03    0.4204313865E-03    0.4463560780E-03
        0.0080447363    0.3922072586E-04    0.6252630913E-04    0.9075082188E-04    0.1234164257E-03    0.1599129471E-03    0.1995226191E-03    0.2414612525E-03    0.2849253388E-03    0.3291414885E-03    0.3734057692E-03    0.4171128598E-03    0.4597691732E-03    0.5009952385E-03    0.5405197354E-03    0.5781655074E-03    0.6138339128E-03
        0.0088080930    0.5371504583E-04    0.8563334799E-04    0.1242884021E-03    0.1690260346E-03    0.2190111976E-03    0.2732617928E-03    0.3307048656E-03    0.3902409051E-03    0.4508113990E-03    0.5114526324E-03    0.5713356091E-03    0.6297840705E-03    0.6862778305E-03    0.7404446865E-03    0.7920413364E-03    0.8409320041E-03
        0.0096438838    0.7325033117E-04    0.1167767306E-03    0.1694899060E-03    0.2304981701E-03    0.2986637681E-03    0.3726489057E-03    0.4509920680E-03    0.5321953690E-03    0.6148164273E-03    0.6975416084E-03    0.7792404575E-03    0.8589903448E-03    0.9360811318E-03    0.1010004270E-02    0.1080426895E-02    0.1147162768E-02
        0.0105589819    0.9941983168E-04    0.1584964010E-03    0.2300417627E-03    0.3128462866E-03    0.4053673067E-03    0.5057914387E-03    0.6121376617E-03    0.7223753358E-03    0.8345485065E-03    0.9468751200E-03    0.1057820894E-02    0.1166132886E-02    0.1270846022E-02    0.1371268504E-02    0.1466946832E-02    0.1557626516E-02
        0.0115609128    0.1342333516E-03    0.2139963613E-03    0.3105941907E-03    0.4223946096E-03    0.5473172435E-03    0.6829174612E-03    0.8265247462E-03    0.9754011751E-03    0.1126908622E-02    0.1278642410E-02    0.1428531038E-02    0.1574881705E-02    0.1716389423E-02    0.1852117655E-02    0.1981451379E-02    0.2104044270E-02
        0.0126579159    0.1802021968E-03    0.2872800705E-03    0.4169576726E-03    0.5670453232E-03    0.7347541397E-03    0.9168082495E-03    0.1109629253E-02    0.1309547594E-02    0.1513026020E-02    0.1716838530E-02    0.1918204242E-02    0.2114848831E-02    0.2305017253E-02    0.2487448280E-02    0.2661311959E-02    0.2826139070E-02
        0.0138590124    0.2403858648E-03    0.3832248311E-03    0.5562108390E-03    0.7564252448E-03    0.9801539243E-03    0.1223036320E-02    0.1480309437E-02    0.1747087608E-02    0.2018658996E-02    0.2290723550E-02    0.2559571599E-02    0.2822166316E-02    0.3076161481E-02    0.3319868360E-02    0.3552173002E-02    0.3772442715E-02
        0.0151740797    0.3183909276E-03    0.5075799605E-03    0.7366977293E-03    0.1001882095E-02    0.1298223420E-02    0.1619960961E-02    0.1960802733E-02    0.2314292545E-02    0.2674200216E-02    0.3034835564E-02    0.3391284982E-02    0.3739521506E-02    0.4076429588E-02    0.4399762572E-02    0.4708034311E-02    0.5000396187E-02
        0.0166139325    0.4184253840E-03    0.6670532639E-03    0.9681529864E-03    0.1316654448E-02    0.1706120655E-02    0.2129004192E-02    0.2577062326E-02    0.3041833791E-02    0.3515147636E-02    0.3989534033E-02    0.4458535250E-02    0.4916851644E-02    0.5360376221E-02    0.5786140853E-02    0.6192175664E-02    0.6577348817E-02
        0.0181904113    0.5451152179E-03    0.8690183760E-03    0.1261276707E-02    0.1715293223E-02    0.2222705587E-02    0.2773717685E-02    0.3357632065E-02    0.3963462262E-02    0.4580589465E-02    0.5199294832E-02    0.5811164770E-02    0.6409283278E-02    0.6988280122E-02    0.7544264092E-02    0.8074642657E-02    0.8577915433E-02
        0.0199164806    0.7034063206E-03    0.1121357987E-02    0.1627506151E-02    0.2213350424E-02    0.2868136826E-02    0.3579281638E-02    0.4333045260E-02    0.5115308426E-02    0.5912409713E-02    0.6711827948E-02    0.7502705437E-02    0.8276099568E-02    0.9025049930E-02    0.9744497391E-02    0.1043105584E-01    0.1108274907E-01
        0.0218063349    0.8982176663E-03    0.1431910587E-02    0.2078212121E-02    0.2826285847E-02    0.3662456101E-02    0.4570742966E-02    0.5533701971E-02    0.6533393364E-02    0.7552436127E-02    0.8574872369E-02    0.9586835919E-02    0.1057687898E-01    0.1153606558E-01    0.1245787644E-01    0.1333792433E-01    0.1417362348E-01
        0.0238755154    0.1134175336E-02    0.1808046322E-02    0.2624083103E-02    0.3568629975E-02    0.4624506671E-02    0.5771674159E-02    0.6988262244E-02    0.8251759045E-02    0.9540317680E-02    0.1083383680E-01    0.1211480558E-01    0.1336872456E-01    0.1458423591E-01    0.1575301587E-01    0.1686942628E-01    0.1793010531E-01
        0.0261410384    0.1415260688E-02    0.2256106924E-02    0.3274313801E-02    0.4452883831E-02    0.5770516304E-02    0.7202422816E-02    0.8721558265E-02    0.1030005121E-01    0.1191079653E-01    0.1352878671E-01    0.1513216749E-01    0.1670277629E-01    0.1822632375E-01    0.1969227942E-01    0.2109345386E-01    0.2242550083E-01
        0.0286215345    0.1745284338E-02    0.2782162566E-02    0.4037705722E-02    0.5491020812E-02    0.7116055840E-02    0.8882581466E-02    0.1075762888E-01    0.1270716955E-01    0.1469802027E-01    0.1669945843E-01    0.1868452600E-01    0.2063071430E-01    0.2252021773E-01    0.2433982401E-01    0.2608042524E-01    0.2773642421E-01
        0.0313374022    0.2127996748E-02    0.3392191533E-02    0.4922933792E-02    0.6694861043E-02    0.8676548983E-02    0.1083167040E-01    0.1312062346E-01    0.1550244896E-01    0.1793706154E-01    0.2038717839E-01    0.2281991274E-01    0.2520764162E-01    0.2752836222E-01    0.2976560687E-01    0.3190788849E-01    0.3394800834E-01
        0.0343109759    0.2569747273E-02    0.4096319693E-02    0.5944699894E-02    0.8084444473E-02    0.1047814022E-01    0.1308274385E-01    0.1585135504E-01    0.1873532964E-01    0.2168683291E-01    0.2466110587E-01    0.2761839595E-01    0.3052505654E-01    0.3335405094E-01    0.3608492633E-01    0.3870320926E-01    0.4119961908E-01
        0.0375667089    0.3082576218E-02    0.4913746327E-02    0.7130875267E-02    0.9697739263E-02    0.1257028603E-01    0.1569814886E-01    0.1902647725E-01    0.2249816242E-01    0.2605668406E-01    0.2964873360E-01    0.3322654128E-01    0.3674927617E-01    0.4018376596E-01    0.4350458552E-01    0.4669343317E-01    0.4973826382E-01
        0.0411313750    0.3690985287E-02    0.5883513209E-02    0.8538085916E-02    0.1161177625E-01    0.1505308274E-01    0.1880360091E-01    0.2279976658E-01    0.2697505220E-01    0.3126304838E-01    0.3560046173E-01    0.3992992074E-01    0.4420177943E-01    0.4837515860E-01    0.5241823743E-01    0.5630766287E-01    0.6002762856E-01
        0.0450342886    0.4429159193E-02    0.7060058342E-02    0.1024522715E-01    0.1393379267E-01    0.1806578409E-01    0.2257392557E-01    0.2738505330E-01    0.3242204589E-01    0.3760703024E-01    0.4286476679E-01    0.4812605374E-01    0.5333009364E-01    0.5842602418E-01    0.6337355509E-01    0.6814249801E-01    0.7271183570E-01
        0.0493075457    0.5357898739E-02    0.8540074327E-02    0.1239219853E-01    0.1685354481E-01    0.2185414064E-01    0.2731662375E-01    0.3315695123E-01    0.3928568187E-01    0.4561112254E-01    0.5204311764E-01    0.5849724317E-01    0.6489799726E-01    0.7118109339E-01    0.7729467081E-01    0.8319908098E-01    0.8886601000E-01
        0.0539862877    0.6557443268E-02    0.1045091938E-01    0.1516281782E-01    0.2061969006E-01    0.2673936323E-01    0.3343275607E-01    0.4060324879E-01    0.4814668091E-01    0.5595412219E-01    0.6391609145E-01    0.7192786059E-01    0.7989390986E-01    0.8773143599E-01    0.9537249963E-01    0.1027642730E+00    0.1098682925E+00
        0.0591089906    0.8079243495E-02    0.1287381654E-01    0.1867350284E-01    0.2538868695E-01    0.3292287865E-01    0.4117424349E-01    0.5003252012E-01    0.5937661284E-01    0.6907640254E-01    0.7899742051E-01    0.8900780243E-01    0.9898476264E-01    0.1088200653E+00    0.1184236774E+00    0.1277247713E+00    0.1366711853E+00
        0.0647177816    0.9934598452E-02    0.1582576264E-01    0.2294706930E-01    0.3118933637E-01    0.4044083317E-01    0.5058795540E-01    0.6150772340E-01    0.7306103504E-01    0.8509252817E-01    0.9743582650E-01    0.1099231265E+00    0.1223949882E+00    0.1347089542E+00    0.1467455127E+00    0.1584101957E+00    0.1696332490E+00
        0.0708587849    0.1203466313E-01    0.1916462251E-01    0.2777633776E-01    0.3773954501E-01    0.4893006991E-01    0.6122835349E-01    0.7450410447E-01    0.8860202876E-01    0.1033383017E+00    0.1185068951E+00    0.1338936224E+00    0.1492913612E+00    0.1645134960E+00    0.1794031251E+00    0.1938364853E+00    0.2077226329E+00
        0.0775825017    0.1412341851E-01    0.2248415154E-01    0.3257521016E-01    0.4424931956E-01    0.5738074339E-01    0.7185889303E-01    0.8755943359E-01    0.1043177399E+00    0.1219204202E+00    0.1401142958E+00    0.1586280588E+00    0.1771959202E+00    0.1955777740E+00    0.2135723642E+00    0.2310219355E+00    0.2478114622E+00
        0.0849442250    0.1594292442E-01    0.2537743608E-01    0.3676104522E-01    0.4994088024E-01    0.6481032853E-01    0.8129252479E-01    0.9928928812E-01    0.1186364048E+00    0.1390897674E+00    0.1603407203E+00    0.1820500178E+00    0.2038832274E+00    0.2255389990E+00    0.2467662132E+00    0.2673692994E+00    0.2872064071E+00
        0.0930044946    0.1752999831E-01    0.2790559213E-01    0.4042724208E-01    0.5495150689E-01    0.7141713024E-01    0.8980970411E-01    0.1100766421E+00    0.1320587321E+00    0.1554736324E+00    0.1799442683E+00    0.2050506727E+00    0.2303796233E+00    0.2555611252E+00    0.2802887184E+00    0.3043246392E+00    0.3274964414E+00
        0.1018295948    0.1938436170E-01    0.3085781111E-01    0.4470645087E-01    0.6080634300E-01    0.7916529142E-01    0.9985483561E-01    0.1228760855E+00    0.1480645575E+00    0.1750789096E+00    0.2034518025E+00    0.2326646735E+00    0.2622122749E+00    0.2916461692E+00    0.3205969417E+00    0.3487784372E+00    0.3759825159E+00
        0.1114920997    0.2236489665E-01    0.3557746826E-01    0.5150374400E-01    0.7003568934E-01    0.9126534239E-01    0.1153618203E+00    0.1423691437E+00    0.1720866474E+00    0.2040769595E+00    0.2377499799E+00    0.2724637871E+00    0.3076029563E+00    0.3426272248E+00    0.3770943720E+00    0.4106628036E+00    0.4430840206E+00
        0.1220714697    0.2677219577E-01    0.4251559666E-01    0.6142718687E-01    0.8340841339E-01    0.1086536790E+00    0.1374378894E+00    0.1698272807E+00    0.2055465402E+00    0.2440237898E+00    0.2845155767E+00    0.3262338102E+00    0.3684356439E+00    0.4104758444E+00    0.4518297131E+00    0.4920936171E+00    0.5309747995E+00
        0.1336547051    0.3130153481E-01    0.4961396753E-01    0.7153396206E-01    0.9700347427E-01    0.1263697064E+00    0.1600410894E+00    0.1981043595E+00    0.2401985003E+00    0.2856090304E+00    0.3334333322E+00    0.3827300019E+00    0.4326189703E+00    0.4823383606E+00    0.5312688818E+00    0.5789334676E+00    0.6249851195E+00
        0.1463370617    0.3399379757E-01    0.5383339719E-01    0.7756631726E-01    0.1052658050E+00    0.1375199666E+00    0.1749238724E+00    0.2176182496E+00    0.2651891044E+00    0.3168089537E+00    0.3714337385E+00    0.4279712639E+00    0.4853938190E+00    0.5428039003E+00    0.5994643117E+00    0.6548001303E+00    0.7083866831E+00
        0.1602228341    0.3524555266E-01    0.5581812181E-01    0.8048353310E-01    0.1095350470E+00    0.1438737152E+00    0.1843220769E+00    0.2311088501E+00    0.2838008687E+00    0.3414805316E+00    0.4029674379E+00    0.4670072023E+00    0.5324017512E+00    0.5980893816E+00    0.6631848887E+00    0.7269867161E+00    0.7889666973E+00
        0.1754262130    0.3830026090E-01    0.6053468738E-01    0.8715549769E-01    0.1186815678E+00    0.1563370195E+00    0.2011642851E+00    0.2534659756E+00    0.3127713710E+00    0.3780490304E+00    0.4479560449E+00    0.5210513835E+00    0.5959464333E+00    0.6714002103E+00    0.7463692197E+00    0.8200189329E+00    0.8917143749E+00
        0.1920722248    0.4294365500E-01    0.6755963433E-01    0.9685444385E-01    0.1315787289E+00    0.1732900857E+00    0.2232505510E+00    0.2818347686E+00    0.3485310375E+00    0.4221891899E+00    0.5012995242E+00    0.5842319550E+00    0.6694066061E+00    0.7554033327E+00    0.8410205232E+00    0.9252904071E+00    0.1007470339E+01
        0.2102977595    0.4391248374E-01    0.6890984179E-01    0.9867279894E-01    0.1343056376E+00    0.1777726285E+00    0.2306340456E+00    0.2934347463E+00    0.3657152856E+00    0.4462738675E+00    0.5334676589E+00    0.6254802746E+00    0.7205198207E+00    0.8169512036E+00    0.9133714156E+00    0.1008634412E+01    0.1101846881E+01
        0.2302526962    0.4180359221E-01    0.6557628832E-01    0.9408543029E-01    0.1288616774E+00    0.1723163712E+00    0.2263768894E+00    0.2918511950E+00    0.3684177171E+00    0.4548805637E+00    0.5494877361E+00    0.6502313139E+00    0.7550815266E+00    0.8621506898E+00    0.9697922000E+00    0.1076640000E+01    0.1181611820E+01
        0.2521011363    0.4078423474E-01    0.6371193084E-01    0.9123938887E-01    0.1252737205E+00    0.1686513525E+00    0.2236788448E+00    0.2914620010E+00    0.3718642494E+00    0.4637472047E+00    0.5652986922E+00    0.6743601770E+00    0.7886939537E+00    0.9061782288E+00    0.1024931092E+01    0.1143366753E+01    0.1260208608E+01
        0.2760227522    0.3567778473E-01    0.5577025426E-01    0.8023245254E-01    0.1113683371E+00    0.1524497298E+00    0.2062385963E+00    0.2742611605E+00    0.3566862873E+00    0.4525179099E+00    0.5599229201E+00    0.6765917731E+00    0.8000511884E+00    0.9279027266E+00    0.1057981276E+01    0.1188434279E+01    0.1317748013E+01
        0.3022142655    0.2725410854E-01    0.4308520821E-01    0.6307086266E-01    0.8985973458E-01    0.1271230007E+00    0.1781327656E+00    0.2449465032E+00    0.3281463108E+00    0.4269490733E+00    0.5395290284E+00    0.6634215800E+00    0.7958947388E+00    0.9342417127E+00    0.1075980558E+01    0.1218959922E+01    0.1361400074E+01
        0.3308910644    0.1879183055E-01    0.3044774030E-01    0.4601099372E-01    0.6833766457E-01    0.1014202213E+00    0.1490592402E+00    0.2139249774E+00    0.2971126447E+00    0.3981431037E+00    0.5152701240E+00    0.6459258578E+00    0.7871523616E+00    0.9359505089E+00    0.1089523753E+01    0.1245413747E+01    0.1401559435E+01
        0.3622889751    0.9932136451E-02    0.1748391821E-01    0.2873533277E-01    0.4658028233E-01    0.7524795256E-01    0.1191084074E+00    0.1815506748E+00    0.2642958511E+00    0.3672633335E+00    0.4888575576E+00    0.6264554356E+00    0.7768991302E+00    0.9369034377E+00    0.1103347264E+01    0.1273443665E+01    0.1444821600E+01
        0.3966662010    0.4630815533E-02    0.9525081113E-02    0.1768684107E-01    0.3191971275E-01    0.5664173623E-01    0.9681673614E-01    0.1566586233E+00    0.2386876500E+00    0.3434197441E+00    0.4695867654E+00    0.6146359541E+00    0.7752750245E+00    0.9479448830E+00    0.1129173336E+01    0.1315795006E+01    0.1505068503E+01
        0.4343054463    0.2672480660E-02    0.6058755210E-02    0.1203877051E-01    0.2330311190E-01    0.4444709709E-01    0.8108067899E-01    0.1384168701E+00    0.2200313069E+00    0.3272875164E+00    0.4594237611E+00    0.6140411010E+00    0.7877113549E+00    0.9765411069E+00    0.1176614817E+01    0.1384285753E+01    0.1596342252E+01
        0.4755162407    0.2153105555E-02    0.4508269661E-02    0.8745657157E-02    0.1746207511E-01    0.3544338519E-01    0.6906533436E-01    0.1247936074E+00    0.2075519156E+00    0.3197757045E+00    0.4613147710E+00    0.6299156939E+00    0.8219264067E+00    0.1032988915E+01    0.1258601133E+01    0.1494497215E+01    0.1736872498E+01
        0.5206374847    0.1288764028E-02    0.2733595506E-02    0.5545359623E-02    0.1219225187E-01    0.2770484231E-01    0.5945229398E-01    0.1154810162E+00    0.2023573091E+00    0.3237622254E+00    0.4801939986E+00    0.6694735978E+00    0.8875871307E+00    0.1129543410E+01    0.1390080332E+01    0.1664150203E+01    0.1947211566E+01
        0.5700402368    0.6987804219E-03    0.1520821946E-02    0.3336885307E-02    0.8499016300E-02    0.2240924044E-01    0.5375207220E-01    0.1125826947E+00    0.2074816663E+00    0.3435880302E+00    0.5220873703E+00    0.7407791448E+00    0.9951086501E+00    0.1279234327E+01    0.1586911194E+01    0.1912101290E+01    0.2249343168E+01
        0.6241307649    0.3853443981E-03    0.8256201318E-03    0.2003200285E-02    0.6203809348E-02    0.1941051974E-01    0.5206445792E-01    0.1167718718E+00    0.2245730935E+00    0.3823038293E+00    0.5918646113E+00    0.8509017182E+00    0.1154091628E+01    0.1494471838E+01    0.1864540483E+01    0.2257016105E+01    0.2665297449E+01
        0.6833538873    0.1911750270E-03    0.4173294891E-03    0.1217063720E-02    0.4893557180E-02    0.1832098347E-01    0.5426863910E-01    0.1285476341E+00    0.2551722112E+00    0.4429371159E+00    0.6944719654E+00    0.1007099215E+01    0.1374446509E+01    0.1788105518E+01    0.2238994234E+01    0.2718294013E+01    0.3218013328E+01
        0.7481966305    0.8793540726E-04    0.2037704425E-03    0.7922253905E-03    0.4294955067E-02    0.1886810825E-01    0.6029694963E-01    0.1483673002E+00    0.3006611978E+00    0.5282237021E+00    0.8344127521E+00    0.1216015215E+01    0.1665279737E+01    0.2171979847E+01    0.2725091469E+01    0.3313937116E+01    0.3928866704E+01
        0.8191922345    0.4015648241E-04    0.1020033975E-03    0.5825307588E-03    0.4211231924E-02    0.2088993859E-01    0.7022365037E-01    0.1768587074E+00    0.3626105015E+00    0.6410805169E+00    0.1016327366E+01    0.1484345253E+01    0.2035627831E+01    0.2657721332E+01    0.3337273140E+01    0.4061412757E+01    0.4818560942E+01
        0.8969245379    0.1793996920E-04    0.5391205531E-04    0.4911455134E-03    0.4514034259E-02    0.2429848060E-01    0.8418390038E-01    0.2146686520E+00    0.4425201770E+00    0.7841982872E+00    0.1244397319E+01    0.1818017834E+01    0.2493387978E+01    0.3255398218E+01    0.4087976760E+01    0.4975734434E+01    0.5904910151E+01
        0.9820327791    0.7913458353E-05    0.3134931350E-04    0.4695586020E-03    0.5143254699E-02    0.2909409426E-01    0.1024164579E+00    0.2625373474E+00    0.5419160857E+00    0.9601401865E+00    0.1522423218E+01    0.2222228483E+01    0.3045286658E+01    0.3973404691E+01    0.4987419769E+01    0.6069130184E+01    0.7202380453E+01
        1.0752168532    0.3444042706E-05    0.2068325913E-04    0.4941127075E-03    0.6076668699E-02    0.3533029495E-01    0.1252154250E+00    0.3212124554E+00    0.6621892171E+00    0.1171064985E+01    0.1853392115E+01    0.2700816912E+01    0.3696038394E+01    0.4817378452E+01    0.6042257280E+01    0.7349424505E+01    0.8720181513E+01
        1.1772430677    0.1475681691E-05    0.1573197980E-04    0.5544141107E-03    0.7314970100E-02    0.4309215719E-01    0.1528846058E+00    0.3913457788E+00    0.8043916098E+00    0.1418378628E+01    0.2238947040E+01    0.3255524795E+01    0.4447369079E+01    0.5788971427E+01    0.7254083819E+01    0.8818254414E+01    0.1046017837E+02
        1.2889504441    0.6227240611E-06    0.1374428960E-04    0.6465550665E-03    0.8870018887E-02    0.5246803851E-01    0.1856643510E+00    0.4733326485E+00    0.9689423105E+00    0.1702267981E+01    0.2678721658E+01    0.3885115265E+01    0.5296910732E+01    0.6884511931E+01    0.8617852863E+01    0.1046923144E+02    0.1241477457E+02
        1.4112576178    0.2636306315E-06    0.1349553880E-04    0.7695286848E-03    0.1075552456E-01    0.6351916112E-01    0.2236490311E+00    0.5671386229E+00    0.1155331428E+01    0.2021266671E+01    0.3169768783E+01    0.4584675156E+01    0.6237390806E+01    0.8094090055E+01    0.1012085862E+02    0.1228680904E+02    0.1456564248E+02
        1.5451703927    0.1158821280E-06    0.1442638117E-04    0.9233081995E-03    0.1297959749E-01    0.7625155042E-01    0.2667133817E+00    0.6721596331E+00    0.1361913711E+01    0.2372006513E+01    0.3706311558E+01    0.5345413191E+01    0.7256519083E+01    0.9401562251E+01    0.1174287108E+02    0.1424654369E+02    0.1688408922E+02
        1.6917900122    0.5590201811E-07    0.1626890455E-04    0.1107750362E-02    0.1553884957E-01    0.9059393382E-01    0.3144636214E+00    0.7871566822E+00    0.1585871309E+01    0.2749282317E+01    0.4279997471E+01    0.6155186336E+01    0.8337853713E+01    0.1078580318E+02    0.1345779761E+02    0.1631716941E+02    0.1933352853E+02
        1.8523222157    0.3148436424E-07    0.1887665028E-04    0.1321923601E-02    0.1841426947E-01    0.1063860073E+00    0.3662298573E+00    0.9103029706E+00    0.1823409851E+01    0.3146517668E+01    0.4880756379E+01    0.6999855599E+01    0.9462734459E+01    0.1222326930E+02    0.1523690641E+02    0.1846449158E+02    0.2187404073E+02
        2.0280871538    0.2149787392E-07    0.2214809084E-04    0.1563702192E-02    0.2156942037E-01    0.1233816808E+00    0.4211135863E+00    0.1039367274E+01    0.2070212007E+01    0.3556635225E+01    0.5498217886E+01    0.7865350315E+01    0.1061306226E+02    0.1369153701E+02    0.1705314959E+02    0.2065651171E+02    0.2446831112E+02
        2.2205302450    0.1763325445E-07    0.2599345472E-04    0.1829613558E-02    0.2495183522E-01    0.1412713129E+00    0.4780966569E+00    0.1172029672E+01    0.2322105568E+01    0.3973209081E+01    0.6123443314E+01    0.8740036962E+01    0.1177433518E+02    0.1517302296E+02    0.1888558377E+02    0.2286857057E+02    0.2708752804E+02
        2.4312340620    0.1239693687E-07    0.3007891070E-04    0.2112535841E-02    0.2848788512E-01    0.1596957427E+00    0.5361452714E+00    0.1306183363E+01    0.2575663188E+01    0.4391419397E+01    0.6750244653E+01    0.9616382158E+01    0.1293762829E+02    0.1665726456E+02    0.2072195560E+02    0.2508626772E+02    0.2971469071E+02
        2.6619313461    0.1467275163E-07    0.3488870172E-04    0.2412807276E-02    0.3213706980E-01    0.1784234614E+00    0.5946359680E+00    0.1440733298E+01    0.2829438699E+01    0.4809716284E+01    0.7377215351E+01    0.1049327660E+02    0.1410215295E+02    0.1814368732E+02    0.2256168468E+02    0.2730870056E+02    0.3234817398E+02
        2.9145192568    0.1705587059E-07    0.3993619998E-04    0.2720995716E-02    0.3582670605E-01    0.1972017288E+00    0.6530802710E+00    0.1575099416E+01    0.3083077078E+01    0.5228316247E+01    0.8005397854E+01    0.1137270461E+02    0.1527082246E+02    0.1963602254E+02    0.2440914043E+02    0.2954064707E+02    0.3499289358E+02
        3.1910749729    0.1961294857E-07    0.4513627586E-04    0.3032526358E-02    0.3952103992E-01    0.2159507150E+00    0.7114866251E+00    0.1709693685E+01    0.3337760148E+01    0.5649437404E+01    0.8638156593E+01    0.1225915773E+02    0.1644916311E+02    0.2114071361E+02    0.2627156873E+02    0.3179005452E+02    0.3765740871E+02
        3.4938727747    0.2228053687E-07    0.5040605039E-04    0.3344414426E-02    0.4320961773E-01    0.2347144967E+00    0.7701639969E+00    0.1845366167E+01    0.3595046577E+01    0.6075324406E+01    0.9278252932E+01    0.1315569108E+02    0.1764032559E+02    0.2266087688E+02    0.2815200379E+02    0.3405990489E+02    0.4034474283E+02
        3.8254027466    0.2499743552E-07    0.5568853249E-04    0.3655850383E-02    0.4690550377E-01    0.2536134070E+00    0.8294973934E+00    0.1982817705E+01    0.3855766831E+01    0.6506547818E+01    0.9925533267E+01    0.1406100808E+02    0.1884156728E+02    0.2419216143E+02    0.3004446248E+02    0.3634268202E+02    0.4304604925E+02
        4.1883912545    0.2769888940E-07    0.6096194688E-04    0.3967983035E-02    0.5063377839E-01    0.2727607077E+00    0.8896776039E+00    0.2122049409E+01    0.4119184400E+01    0.6940939796E+01    0.1057571768E+02    0.1496815175E+02    0.2004284780E+02    0.2572120195E+02    0.3193216677E+02    0.3861824507E+02    0.4573799565E+02
        4.5858233661    0.3044144720E-07    0.6624540841E-04    0.4282987428E-02    0.5441458282E-01    0.2921797375E+00    0.9505099263E+00    0.2262103730E+01    0.4382795727E+01    0.7373603553E+01    0.1122073729E+02    0.1586523212E+02    0.2122795215E+02    0.2722709397E+02    0.3378928677E+02    0.4085572046E+02    0.4838465606E+02
        5.0209673996    0.3320732733E-07    0.7157245522E-04    0.4602486923E-02    0.5824714578E-01    0.3117576210E+00    0.1011381631E+01    0.2401179504E+01    0.4642765113E+01    0.7797817625E+01    0.1185021116E+02    0.1673753728E+02    0.2237726562E+02    0.2868483764E+02    0.3558503423E+02    0.4301820021E+02    0.5094273998E+02
        5.4974018001    0.3597034547E-07    0.7697124395E-04    0.4926308181E-02    0.6210343710E-01    0.3312567915E+00    0.1071384758E+01    0.2537004748E+01    0.4894672267E+01    0.8206245695E+01    0.1245318026E+02    0.1756984582E+02    0.2347072246E+02    0.3006898536E+02    0.3728807398E+02    0.4506797723E+02    0.5336769912E+02
        6.0190445678    0.3873725955E-07    0.8244460730E-04    0.5252005291E-02    0.6593275880E-01    0.3503662361E+00    0.1129495817E+01    0.2667220532E+01    0.5134142537E+01    0.8591833921E+01    0.1301929345E+02    0.1834793801E+02    0.2448969932E+02    0.3135599613E+02    0.3886943806E+02    0.4697013610E+02    0.5561812519E+02
        6.5901854779    0.4154913851E-07    0.8795973149E-04    0.5575280233E-02    0.6967261998E-01    0.3687569507E+00    0.1184712988E+01    0.2789611075E+01    0.5357159999E+01    0.8948195821E+01    0.1353926395E+02    0.1905913844E+02    0.2541767371E+02    0.3252505578E+02    0.4030357207E+02    0.4869391206E+02    0.5765753406E+02
        7.2155213579    0.4439799435E-07    0.9344843312E-04    0.5890856857E-02    0.7325871382E-01    0.3861158845E+00    0.1236116504E+01    0.2902177513E+01    0.5560139421E+01    0.9269673303E+01    0.1400491657E+02    0.1969235050E+02    0.2624024991E+02    0.3355810162E+02    0.4156837154E+02    0.5021276100E+02    0.5945450511E+02
        7.9001947124    0.4725298496E-07    0.9882330354E-04    0.6193324833E-02    0.7663053712E-01    0.4021582202E+00    0.1282882403E+01    0.3003148213E+01    0.5739933457E+01    0.9551343813E+01    0.1440919687E+02    0.2023806732E+02    0.2694516819E+02    0.3443982432E+02    0.4264516719E+02    0.5150431669E+02    0.6098259930E+02
        8.6498360130    0.5007101101E-07    0.1039926345E-03    0.6477589599E-02    0.7973312511E-01    0.4166294966E+00    0.1324285421E+01    0.3090988444E+01    0.5893859490E+01    0.9789075090E+01    0.1474626098E+02    0.2068849798E+02    0.2752246419E+02    0.3515785337E+02    0.4351893303E+02    0.5255061121E+02    0.6222058578E+02
        9.4706100008    0.5280429144E-07    0.1088691578E-03    0.6739022194E-02    0.8251747640E-01    0.4293072107E+00    0.1359706028E+01    0.3164420536E+01    0.6019741663E+01    0.9979597142E+01    0.1501158705E+02    0.2103772544E+02    0.2796468410E+02    0.3570302527E+02    0.4417860382E+02    0.5333844061E+02    0.6315282610E+02
       10.3692663829    0.5540595390E-07    0.1133732531E-03    0.6973509096E-02    0.8494113894E-01    0.4400045031E+00    0.1388641888E+01    0.3222447003E+01    0.6115947920E+01    0.1012055454E+02    0.1520204396E+02    0.2128179703E+02    0.2826699349E+02    0.3606955235E+02    0.4461727192E+02    0.5385965055E+02    0.6376964632E+02
       11.3531953391    0.5783253616E-07    0.1174336668E-03    0.7177494337E-02    0.8696897990E-01    0.4485744330E+00    0.1410720295E+01    0.3264375128E+01    0.6181423775E+01    0.1021054883E+02    0.1531592111E+02    0.2141876443E+02    0.2842718779E+02    0.3625500749E+02    0.4483223367E+02    0.5411104934E+02    0.6406741880E+02
       12.4304882957    0.6004481004E-07    0.1209879572E-03    0.7348018351E-02    0.8857370902E-01    0.4549124673E+00    0.1425705315E+01    0.3289831086E+01    0.6215718806E+01    0.1024916415E+02    0.1535297606E+02    0.2144864428E+02    0.2844575631E+02    0.3626018797E+02    0.4482490190E+02    0.5409443462E+02    0.6404805851E+02
       13.6100044661    0.6200837577E-07    0.1239835330E-03    0.7482757919E-02    0.8973611472E-01    0.4589568719E+00    0.1433496997E+01    0.3298750435E+01    0.6218977210E+01    0.1023692366E+02    0.1531442572E+02    0.2137342649E+02    0.2832568183E+02    0.3608936563E+02    0.4460025741E+02    0.5381654329E+02    0.6371916238E+02
       14.9014437053    0.6369433599E-07    0.1263793148E-03    0.7580083308E-02    0.9044531079E-01    0.4606884724E+00    0.1434123310E+01    0.3291372899E+01    0.6191862769E+01    0.1017530465E+02    0.1520262249E+02    0.2119710678E+02    0.2807209989E+02    0.3574973904E+02    0.4416760824E+02    0.5328754903E+02    0.6309435990E+02
       16.3154262774    0.6507946898E-07    0.1281471344E-03    0.7639136569E-02    0.9069912739E-01    0.4601290825E+00    0.1427739488E+01    0.3268210917E+01    0.6135539605E+01    0.1006651750E+02    0.1502127520E+02    0.2092476116E+02    0.2769302231E+02    0.3525020730E+02    0.4353949272E+02    0.5252267595E+02    0.6218947618E+02
       17.8635801925    0.6614583456E-07    0.1292711969E-03    0.7659844453E-02    0.9050428625E-01    0.4573430019E+00    0.1414628922E+01    0.3229980682E+01    0.6051740971E+01    0.9913269421E+01    0.1477523592E+02    0.2056301802E+02    0.2719703654E+02    0.3460392632E+02    0.4272890893E+02    0.5154088647E+02    0.6102664906E+02
       19.5586368304    0.6688127756E-07    0.1297462204E-03    0.7642791675E-02    0.8987575282E-01    0.4524394354E+00    0.1395157326E+01    0.3177760122E+01    0.5942290853E+01    0.9719481291E+01    0.1446917547E+02    0.2012057956E+02    0.2659420575E+02    0.3382353108E+02    0.4175543509E+02    0.5035900112E+02    0.5963155052E+02
       21.4145356385    0.6728088064E-07    0.1295783233E-03    0.7589151002E-02    0.8883530109E-01    0.4455446116E+00    0.1369823702E+01    0.3112702534E+01    0.5809685933E+01    0.9488776845E+01    0.1411032915E+02    0.1960417143E+02    0.2589837036E+02    0.3292285638E+02    0.4063494938E+02    0.4900551803E+02    0.5802385170E+02
       23.4465387640    0.6734660352E-07    0.1287865114E-03    0.7500631297E-02    0.8740708074E-01    0.4368183332E+00    0.1339185729E+01    0.3036022821E+01    0.5656690552E+01    0.9225516218E+01    0.1370439111E+02    0.1902604464E+02    0.2511670676E+02    0.3192363540E+02    0.3938540755E+02    0.4749658127E+02    0.5624639362E+02
       25.6713565631    0.6708561327E-07    0.1274012106E-03    0.7379589630E-02    0.8562624942E-01    0.4264498135E+00    0.1303719259E+01    0.2949468430E+01    0.5485122035E+01    0.8935514979E+01    0.1325727842E+02    0.1839399974E+02    0.2426981508E+02    0.3082720391E+02    0.3804294979E+02    0.4585243652E+02    0.5430928519E+02
       28.1072850208    0.6651073161E-07    0.1254604539E-03    0.7229033534E-02    0.8352858473E-01    0.4145953079E+00    0.1264300572E+01    0.2853693293E+01    0.5299826955E+01    0.8618956456E+01    0.1278272762E+02    0.1771032467E+02    0.2337021568E+02    0.2966723314E+02    0.3659014187E+02    0.4413851743E+02    0.5222889750E+02
       30.7743562090    0.6563872846E-07    0.1230062420E-03    0.7051406684E-02    0.8114827823E-01    0.4015551033E+00    0.1221209212E+01    0.2751213444E+01    0.5101047414E+01    0.8287127215E+01    0.1227280222E+02    0.1700951256E+02    0.2240096451E+02    0.2847216333E+02    0.3507718922E+02    0.4229592238E+02    0.5012674341E+02
       33.6945030221    0.6448455835E-07    0.1200962187E-03    0.6850976984E-02    0.7854294100E-01    0.3874095101E+00    0.1175177294E+01    0.2643989334E+01    0.4890164719E+01    0.7944449384E+01    0.1174360670E+02    0.1626909383E+02    0.2143787542E+02    0.2717505244E+02    0.3357196240E+02    0.4039555585E+02    0.4786817088E+02
       36.8917395444    0.6307435414E-07    0.1167645427E-03    0.6630147308E-02    0.7572143006E-01    0.3723436990E+00    0.1127911192E+01    0.2528978544E+01    0.4680959105E+01    0.7574740301E+01    0.1122531088E+02    0.1549110067E+02    0.2044484622E+02    0.2591937314E+02    0.3191254348E+02    0.3857713547E+02    0.4555406769E+02
       40.3923585315    0.6143660387E-07    0.1130786639E-03    0.6391414405E-02    0.7273964389E-01    0.3569974846E+00    0.1077497204E+01    0.2415135675E+01    0.4457164530E+01    0.7222611677E+01    0.1065248716E+02    0.1477401647E+02    0.1937164267E+02    0.2466342119E+02    0.3034400976E+02    0.3652514753E+02    0.4342665406E+02
       44.2251476316    0.5960573569E-07    0.1091078126E-03    0.6141603259E-02    0.6969668377E-01    0.3407218509E+00    0.1026528973E+01    0.2300225089E+01    0.4230601772E+01    0.6860047655E+01    0.1011409206E+02    0.1396658609E+02    0.1844024919E+02    0.2325814254E+02    0.2881866619E+02    0.3464012761E+02    0.4095261693E+02
       48.4216261230    0.5760189208E-07    0.1048813859E-03    0.5880358104E-02    0.6644587924E-01    0.3241653704E+00    0.9777304810E+00    0.2174566470E+01    0.4025037400E+01    0.6468743743E+01    0.9594539003E+01    0.1320341596E+02    0.1737578214E+02    0.2210772044E+02    0.2705594627E+02    0.3283335497E+02    0.3876981513E+02
       53.0163041156    0.5544718424E-07    0.1004678211E-03    0.5607344148E-02    0.6326092745E-01    0.3085841361E+00    0.9222616234E+00    0.2068174924E+01    0.3780751369E+01    0.6149259502E+01    0.8992467240E+01    0.1251340464E+02    0.1636338506E+02    0.2076300995E+02    0.2569556097E+02    0.3070318963E+02    0.3665371118E+02
       58.0469663481    0.5315726538E-07    0.9599629177E-04    0.5346482513E-02    0.6009028101E-01    0.2906971066E+00    0.8760223021E+00    0.1942232604E+01    0.3584809328E+01    0.5750690537E+01    0.8540781344E+01    0.1166926116E+02    0.1548885960E+02    0.1949842497E+02    0.2403876041E+02    0.2915085216E+02    0.3417002943E+02
       63.5549829136    0.5083071028E-07    0.9117573700E-04    0.5053816938E-02    0.5663611103E-01    0.2760957507E+00    0.8226876395E+00    0.1832618772E+01    0.3361340607E+01    0.5430990859E+01    0.7958180165E+01    0.1107470114E+02    0.1438898594E+02    0.1842106010E+02    0.2254578971E+02    0.2714386418E+02    0.3243735645E+02
       69.5856494710    0.4833509038E-07    0.8676841440E-04    0.4799093093E-02    0.5378964086E-01    0.2586224832E+00    0.7740083056E+00    0.1724180143E+01    0.3149205135E+01    0.5087069187E+01    0.7489862395E+01    0.1027638772E+02    0.1364502645E+02    0.1707012840E+02    0.2123483400E+02    0.2546997689E+02    0.3005232635E+02
       76.1885597370    0.4600314164E-07    0.8173045111E-04    0.4510026823E-02    0.5018493438E-01    0.2437413370E+00    0.7288457229E+00    0.1606986361E+01    0.2969261528E+01    0.4745106469E+01    0.7006840465E+01    0.9656931293E+01    0.1260103869E+02    0.1616884968E+02    0.1966208950E+02    0.2387464238E+02    0.2825057798E+02
       83.4180133251    0.4346235621E-07    0.7747774697E-04    0.4253611993E-02    0.4757441786E-01    0.2285298941E+00    0.6776579341E+00    0.1517862746E+01    0.2747429874E+01    0.4471698678E+01    0.6521860195E+01    0.9012692290E+01    0.1184850794E+02    0.1486130711E+02    0.1858429408E+02    0.2214200960E+02    0.2630685410E+02
       91.3334622825    0.4121845139E-07    0.7263005612E-04    0.3992777236E-02    0.4414134439E-01    0.2131596011E+00    0.6392281067E+00    0.1397406527E+01    0.2591882148E+01    0.4114977737E+01    0.6125962980E+01    0.8383946717E+01    0.1101271400E+02    0.1399794538E+02    0.1701958230E+02    0.2084612616E+02    0.2450204459E+02
      100.0000000000    0.3879678097E-07    0.6852988446E-04    0.3734255287E-02    0.4169718552E-01    0.2000523167E+00    0.5882060462E+00    0.1320161655E+01    0.2377951104E+01    0.3875658751E+01    0.5623472117E+01    0.7835445598E+01    0.1025683680E+02    0.1294164531E+02    0.1604908895E+02    0.1906756614E+02    0.2292800887E+02
