               #####        0.2000000000        0.2533333333        0.3066666667        0.3600000000        0.4133333333        0.4666666667        0.5200000000        0.5733333333        0.6266666667        0.6800000000        0.7333333333        0.7866666667        0.8400000000        0.8933333333        0.9466666667        1.0000000000
        0.0010000000    0.1369187271E-07    0.2182617596E-07    0.3167498922E-07    0.4306934636E-07    0.5579328544E-07    0.6959283982E-07    0.8419099577E-07    0.9930470477E-07    0.1146625222E-06    0.1300184846E-06    0.1451622154E-06    0.1599232541E-06    0.1741715874E-06    0.1878152576E-06    0.2007952179E-06    0.2130796860E-06
        0.0010948890    0.1955127426E-07    0.3116663288E-07    0.4523022460E-07    0.6150077587E-07    0.7966990630E-07    0.9937496679E-07    0.1202203970E-06    0.1418020168E-06    0.1637322137E-06    0.1856597606E-06    0.2072842477E-06    0.2283622647E-06    0.2487081593E-06    0.2681906208E-06    0.2867253340E-06    0.3042669165E-06
        0.0011987818    0.2790544515E-07    0.4448399601E-07    0.6455690380E-07    0.8777980192E-07    0.1137125436E-06    0.1418375245E-06    0.1715901646E-06    0.2023935762E-06    0.2336945156E-06    0.2649916709E-06    0.2958562630E-06    0.3259408711E-06    0.3549805136E-06    0.3827877718E-06    0.4092423041E-06    0.4342793372E-06
        0.0013125330    0.3980615439E-07    0.6345488853E-07    0.9208821043E-07    0.1252148964E-06    0.1622070974E-06    0.2023264743E-06    0.2447676750E-06    0.2887077845E-06    0.3333576089E-06    0.3780020323E-06    0.4220294072E-06    0.4649441451E-06    0.5063682578E-06    0.5460343993E-06    0.5837709080E-06    0.6194853894E-06
        0.0014370779    0.5675214160E-07    0.9046844912E-07    0.1312913605E-06    0.1785205374E-06    0.2312608566E-06    0.2884596670E-06    0.3489687717E-06    0.4116149222E-06    0.4752729367E-06    0.5389232455E-06    0.6016938002E-06    0.6628780258E-06    0.7219370170E-06    0.7784896167E-06    0.8322910870E-06    0.8832097029E-06
        0.0015734408    0.8085473461E-07    0.1288903429E-06    0.1870507470E-06    0.2543381849E-06    0.3294773896E-06    0.4109686651E-06    0.4971761816E-06    0.5864283994E-06    0.6771222433E-06    0.7678050997E-06    0.8572345364E-06    0.9444038827E-06    0.1028545357E-05    0.1109115925E-05    0.1185766914E-05    0.1258310661E-05
        0.0017227429    0.1151129073E-06    0.1835012317E-06    0.2663042675E-06    0.3621015170E-06    0.4690774064E-06    0.5850968424E-06    0.7078309039E-06    0.8348997964E-06    0.9640211724E-06    0.1093126889E-05    0.1220448053E-05    0.1344551442E-05    0.1464343958E-05    0.1579052487E-05    0.1688180627E-05    0.1791461214E-05
        0.0018862122    0.1637536162E-06    0.2610393048E-06    0.3788306713E-06    0.5151070158E-06    0.6672856387E-06    0.8323293081E-06    0.1006925039E-05    0.1187687421E-05    0.1371369624E-05    0.1555029522E-05    0.1736150707E-05    0.1912694312E-05    0.2083105338E-05    0.2246283995E-05    0.2401524142E-05    0.2548445739E-05
        0.0020651929    0.2327412600E-06    0.3710124101E-06    0.5384281617E-06    0.7321165598E-06    0.9484069083E-06    0.1182982489E-05    0.1431134618E-05    0.1688051587E-05    0.1949118571E-05    0.2210153800E-05    0.2467580607E-05    0.2718501106E-05    0.2960705168E-05    0.3192629677E-05    0.3413271022E-05    0.3622089080E-05
        0.0022611570    0.3304528001E-06    0.5267742658E-06    0.7644762502E-06    0.1039481141E-05    0.1346577289E-05    0.1679635802E-05    0.2031971198E-05    0.2396751567E-05    0.2767424418E-05    0.3138052086E-05    0.3503556108E-05    0.3859821865E-05    0.4203711306E-05    0.4533005082E-05    0.4846278266E-05    0.5142764025E-05
        0.0024757158    0.4686511806E-06    0.7470761939E-06    0.1084187712E-05    0.1474202949E-05    0.1909730879E-05    0.2382079634E-05    0.2881767871E-05    0.3399106337E-05    0.3924801843E-05    0.4450433091E-05    0.4968797412E-05    0.5474059211E-05    0.5961768003E-05    0.6428776296E-05    0.6873063294E-05    0.7293541550E-05
        0.0027106339    0.6638351544E-06    0.1058218886E-05    0.1535731347E-05    0.2088181534E-05    0.2705100504E-05    0.3374176700E-05    0.4081980098E-05    0.4814785761E-05    0.5559429424E-05    0.6303981736E-05    0.7038239669E-05    0.7753936875E-05    0.8444769198E-05    0.9106278290E-05    0.9735601823E-05    0.1033119958E-04
        0.0029678432    0.9390938968E-06    0.1497008856E-05    0.2172522552E-05    0.2954047914E-05    0.3826775558E-05    0.4773289432E-05    0.5774590942E-05    0.6811263613E-05    0.7864683541E-05    0.8917973621E-05    0.9956699153E-05    0.1096916557E-04    0.1194645448E-04    0.1288225889E-04    0.1377252976E-04    0.1461508848E-04
        0.0032494587    0.1326483826E-05    0.2114547353E-05    0.3068722028E-05    0.4172641482E-05    0.5405388051E-05    0.6742362102E-05    0.8156728121E-05    0.9621059197E-05    0.1110904697E-04    0.1259685018E-04    0.1406407792E-04    0.1549421045E-04    0.1687465000E-04    0.1819648790E-04    0.1945400508E-04    0.2064412461E-04
        0.0035577965    0.1870529761E-05    0.2981811600E-05    0.4327335634E-05    0.5884023849E-05    0.7622380699E-05    0.9507718506E-05    0.1150219583E-04    0.1356713538E-04    0.1566543562E-04    0.1776347342E-04    0.1983249190E-04    0.2184919420E-04    0.2379581500E-04    0.2565979187E-04    0.2743306054E-04    0.2911128282E-04
        0.0038953921    0.2633224724E-05    0.4197625034E-05    0.6091781341E-05    0.8283207171E-05    0.1073038252E-04    0.1338447812E-04    0.1619222360E-04    0.1909916882E-04    0.2205307920E-04    0.2500661610E-04    0.2791929241E-04    0.3075830928E-04    0.3349865657E-04    0.3612264965E-04    0.3861893689E-04    0.4098141245E-04
        0.0042650218    0.3699605116E-05    0.5897544809E-05    0.8558787492E-05    0.1163769291E-04    0.1507593011E-04    0.1880489869E-04    0.2274975624E-04    0.2683399764E-04    0.3098422617E-04    0.3513392237E-04    0.3922619498E-04    0.4321495767E-04    0.4706506993E-04    0.5075168547E-04    0.5425885692E-04    0.5757800793E-04
        0.0046697254    0.5186891393E-05    0.8268433111E-05    0.1199953984E-04    0.1631622711E-04    0.2113671976E-04    0.2636484449E-04    0.3189567260E-04    0.3762193579E-04    0.4344071640E-04    0.4925873653E-04    0.5499622034E-04    0.6058854596E-04    0.6598644262E-04    0.7115507574E-04    0.7607208923E-04    0.8072546273E-04
        0.0051128308    0.7255126047E-05    0.1156541545E-04    0.1678429299E-04    0.2282226685E-04    0.2956496353E-04    0.3687786964E-04    0.4461421867E-04    0.5262395747E-04    0.6076310629E-04    0.6890116506E-04    0.7692652500E-04    0.8474878281E-04    0.9229901561E-04    0.9952849925E-04    0.1064059674E-03    0.1129146133E-03
        0.0055979820    0.1012239457E-04    0.1613614480E-04    0.2341758495E-04    0.3184186505E-04    0.4124942463E-04    0.5145260287E-04    0.6224663233E-04    0.7342213672E-04    0.8477819343E-04    0.9613268050E-04    0.1073298421E-03    0.1182435235E-03    0.1287775535E-03    0.1388639525E-03    0.1484591049E-03    0.1575395734E-03
        0.0061291687    0.1408445674E-04    0.2245209651E-04    0.3258365573E-04    0.4430543127E-04    0.5739543058E-04    0.7159255969E-04    0.8661190396E-04    0.1021620975E-03    0.1179635040E-03    0.1337626364E-03    0.1493427090E-03    0.1645281481E-03    0.1791851233E-03    0.1932190488E-03    0.2065692496E-03    0.2192031351E-03
        0.0067107592    0.1953880413E-04    0.3114691946E-04    0.4520210751E-04    0.6146342058E-04    0.7962293228E-04    0.9931846843E-04    0.1201547790E-03    0.1417276009E-03    0.1636488891E-03    0.1855668573E-03    0.2071806583E-03    0.2282466587E-03    0.2485791741E-03    0.2680469924E-03    0.2865659642E-03    0.3040909135E-03
        0.0073475362    0.2701695961E-04    0.4306792622E-04    0.6250263453E-04    0.8498795501E-04    0.1100981621E-03    0.1373325124E-03    0.1661444769E-03    0.1959749597E-03    0.2262872014E-03    0.2565945506E-03    0.2864808331E-03    0.3156090565E-03    0.3437224230E-03    0.3706395081E-03    0.3962439953E-03    0.4204734808E-03
        0.0080447363    0.3722581327E-04    0.5934198905E-04    0.8612066196E-04    0.1171028805E-03    0.1517021350E-03    0.1892285373E-03    0.2289290286E-03    0.2700330634E-03    0.3118007266E-03    0.3535611015E-03    0.3947404482E-03    0.4348742468E-03    0.4736085886E-03    0.5106935078E-03    0.5459688050E-03    0.5793486061E-03
        0.0088080930    0.5109135224E-04    0.8144525316E-04    0.1181985287E-03    0.1607213689E-03    0.2082089346E-03    0.2597144777E-03    0.3142044105E-03    0.3706208642E-03    0.4279477711E-03    0.4852636888E-03    0.5417806636E-03    0.5968608399E-03    0.6500183637E-03    0.7009101897E-03    0.7493165719E-03    0.7951198416E-03
        0.0096438838    0.6982391542E-04    0.1113071645E-03    0.1615364750E-03    0.2196512507E-03    0.2845517547E-03    0.3549442633E-03    0.4294161436E-03    0.5065211178E-03    0.5848696466E-03    0.6632013937E-03    0.7404386482E-03    0.8157091599E-03    0.8883487319E-03    0.9578885911E-03    0.1024028638E-02    0.1086608393E-02
        0.0105589819    0.9497500033E-04    0.1514010354E-03    0.2197241053E-03    0.2987738212E-03    0.3870546065E-03    0.4828069389E-03    0.5841091729E-03    0.6889931457E-03    0.7955672363E-03    0.9021153792E-03    0.1007170241E-02    0.1109544505E-02    0.1208334389E-02    0.1302902356E-02    0.1392840586E-02    0.1477931369E-02
        0.0115609128    0.1285274706E-03    0.2048878667E-03    0.2973491690E-03    0.4043278238E-03    0.5238003457E-03    0.6533859076E-03    0.7904836535E-03    0.9324285458E-03    0.1076658096E-02    0.1220847089E-02    0.1363007450E-02    0.1501530958E-02    0.1635193987E-02    0.1763133941E-02    0.1884799574E-02    0.1999897250E-02
        0.0126579159    0.1729316263E-03    0.2756738478E-03    0.4000810379E-03    0.5440230116E-03    0.7047778646E-03    0.8791426319E-03    0.1063617263E-02    0.1254613348E-02    0.1448678777E-02    0.1642680209E-02    0.1833938809E-02    0.2020288336E-02    0.2200081515E-02    0.2372158044E-02    0.2535777340E-02    0.2690546011E-02
        0.0138590124    0.2312474280E-03    0.3686371025E-03    0.5349998625E-03    0.7274878654E-03    0.9424623054E-03    0.1175640638E-02    0.1422341349E-02    0.1677761514E-02    0.1937277763E-02    0.2196692234E-02    0.2452416306E-02    0.2701549300E-02    0.2941886991E-02    0.3171878357E-02    0.3390534990E-02    0.3597333708E-02
        0.0151740797    0.3069175543E-03    0.4892660381E-03    0.7100720048E-03    0.9655567752E-03    0.1250892320E-02    0.1560395444E-02    0.1887850644E-02    0.2226876006E-02    0.2571323541E-02    0.2915608786E-02    0.3254958295E-02    0.3585515753E-02    0.3904353294E-02    0.4209413325E-02    0.4499387227E-02    0.4773585422E-02
        0.0166139325    0.4048096574E-03    0.6453202409E-03    0.9365595196E-03    0.1273544901E-02    0.1649910398E-02    0.2058160828E-02    0.2490094481E-02    0.2937281771E-02    0.3391594725E-02    0.3845646797E-02    0.4293125132E-02    0.4728933233E-02    0.5149205876E-02    0.5551231149E-02    0.5933288686E-02    0.6294477179E-02
        0.0181904113    0.5300575112E-03    0.8449833969E-03    0.1226340185E-02    0.1667605121E-02    0.2160445020E-02    0.2695046120E-02    0.3260662516E-02    0.3846236668E-02    0.4441095086E-02    0.5035532375E-02    0.5621255646E-02    0.6191575631E-02    0.6741426194E-02    0.7267260218E-02    0.7766834867E-02    0.8238983898E-02
        0.0199164806    0.6861025030E-03    0.1093742769E-02    0.1587381823E-02    0.2158579176E-02    0.2796552564E-02    0.3488600066E-02    0.4220801957E-02    0.4978813850E-02    0.5748770982E-02    0.6518057251E-02    0.7275895444E-02    0.8013601578E-02    0.8724610156E-02    0.9404336127E-02    0.1004989224E-01    0.1065979136E-01
        0.0218063349    0.8790372077E-03    0.1401310033E-02    0.2033780787E-02    0.2765638991E-02    0.3583076646E-02    0.4469821450E-02    0.5408023321E-02    0.6379254636E-02    0.7365674787E-02    0.8351036120E-02    0.9321463827E-02    0.1026579279E-01    0.1117559988E-01    0.1204502183E-01    0.1287038553E-01    0.1364982187E-01
        0.0238755154    0.1111384810E-02    0.1771711110E-02    0.2571391197E-02    0.3496764838E-02    0.4530386988E-02    0.5651689747E-02    0.6838082848E-02    0.8066192745E-02    0.9313344188E-02    0.1055886448E-01    0.1178510686E-01    0.1297789377E-01    0.1412655759E-01    0.1522370212E-01    0.1626472324E-01    0.1724731319E-01
        0.0261410384    0.1391342311E-02    0.2218011706E-02    0.3219180303E-02    0.4377759432E-02    0.5671931246E-02    0.7075958497E-02    0.8561530392E-02    0.1009927370E-01    0.1166062153E-01    0.1321949618E-01    0.1475364805E-01    0.1624523716E-01    0.1768088369E-01    0.1905135629E-01    0.2035095333E-01    0.2157687085E-01
        0.0286215345    0.1724402781E-02    0.2748973354E-02    0.3989884063E-02    0.5425979484E-02    0.7030259383E-02    0.8770852879E-02    0.1061263661E-01    0.1251904465E-01    0.1445440547E-01    0.1638610413E-01    0.1828632996E-01    0.2013283767E-01    0.2190900876E-01    0.2360344486E-01    0.2520917217E-01    0.2672284083E-01
        0.0313374022    0.2111445950E-02    0.3366023075E-02    0.4885635585E-02    0.6644435932E-02    0.8609450222E-02    0.1074172414E-01    0.1299822512E-01    0.1533395882E-01    0.1770486072E-01    0.2007055933E-01    0.2239665066E-01    0.2465569126E-01    0.2682727163E-01    0.2889748766E-01    0.3085792379E-01    0.3270464767E-01
        0.0343109759    0.2557440362E-02    0.4077122427E-02    0.5918090775E-02    0.8049159782E-02    0.1043056748E-01    0.1301528905E-01    0.1575121549E-01    0.1858356012E-01    0.2145840281E-01    0.2432620975E-01    0.2714479016E-01    0.2988059069E-01    0.3250878177E-01    0.3501257294E-01    0.3738191924E-01    0.3961226904E-01
        0.0375667089    0.3077232885E-02    0.4905988317E-02    0.7121801013E-02    0.9687375555E-02    0.1255519487E-01    0.1566898509E-01    0.1896614189E-01    0.2238038284E-01    0.2584606866E-01    0.2930269229E-01    0.3269873389E-01    0.3599335205E-01    0.3915648385E-01    0.4216795758E-01    0.4501584854E-01    0.4769492685E-01
        0.0411313750    0.3694578465E-02    0.5890548234E-02    0.8551983453E-02    0.1163449679E-01    0.1508159688E-01    0.1882627092E-01    0.2279359824E-01    0.2690356252E-01    0.3107631592E-01    0.3523793642E-01    0.3932548783E-01    0.4328924232E-01    0.4709279457E-01    0.5071190804E-01    0.5413242027E-01    0.5734832078E-01
        0.0450342886    0.4443514187E-02    0.7085119871E-02    0.1028767895E-01    0.1399842465E-01    0.1815031481E-01    0.2266367023E-01    0.2744886145E-01    0.3240912728E-01    0.3744700723E-01    0.4247179616E-01    0.4740625172E-01    0.5218954135E-01    0.5677737234E-01    0.6114048370E-01    0.6526196391E-01    0.6913486493E-01
        0.0493075457    0.5384915739E-02    0.8586682844E-02    0.1246968672E-01    0.1697083954E-01    0.2201021296E-01    0.2749263379E-01    0.3331025407E-01    0.3934512818E-01    0.4547715138E-01    0.5159386184E-01    0.5759946029E-01    0.6341876863E-01    0.6899737588E-01    0.7429964206E-01    0.7930522277E-01    0.8400607509E-01
        0.0539862877    0.6597674542E-02    0.1052070865E-01    0.1527984907E-01    0.2079883029E-01    0.2698148461E-01    0.3371312618E-01    0.4086266983E-01    0.4828455955E-01    0.5582872784E-01    0.6335374863E-01    0.7073917971E-01    0.7789095876E-01    0.8474154880E-01    0.9124723282E-01    0.9738351943E-01    0.1031413056E+00
        0.0591089906    0.8138733215E-02    0.1297755007E-01    0.1884896630E-01    0.2566013224E-01    0.3329481070E-01    0.4161419044E-01    0.5045789301E-01    0.5964454287E-01    0.6898450433E-01    0.7829791431E-01    0.8743184869E-01    0.9626775626E-01    0.1047215284E+00    0.1127397046E+00    0.1202932508E+00    0.1273725143E+00
        0.0647177816    0.1001820116E-01    0.1597297875E-01    0.2319998590E-01    0.3158674871E-01    0.4099385512E-01    0.5125439244E-01    0.6217254104E-01    0.7352162655E-01    0.8506082071E-01    0.9656040193E-01    0.1078258969E+00    0.1187082877E+00    0.1291037304E+00    0.1389479967E+00    0.1482078577E+00    0.1568743200E+00
        0.0708587849    0.1215652013E-01    0.1938068363E-01    0.2815156454E-01    0.3833645224E-01    0.4977281886E-01    0.6226460289E-01    0.7557599217E-01    0.8942535809E-01    0.1035079894E+00    0.1175321276E+00    0.1312528680E+00    0.1444857281E+00    0.1571052546E+00    0.1690365992E+00    0.1802435056E+00    0.1907192763E+00
        0.0775825017    0.1438425814E-01    0.2293305964E-01    0.3332135819E-01    0.4540082998E-01    0.5899195962E-01    0.7387358604E-01    0.8976806136E-01    0.1063296455E+00    0.1231771075E+00    0.1399454770E+00    0.1563325672E+00    0.1721156958E+00    0.1871476518E+00    0.2013439598E+00    0.2146665112E+00    0.2271119360E+00
        0.0849442250    0.1639124824E-01    0.2614296918E-01    0.3801758624E-01    0.5186587257E-01    0.6750790510E-01    0.8470943568E-01    0.1031535670E+00    0.1224239138E+00    0.1420533472E+00    0.1615968599E+00    0.1806922446E+00    0.1990784033E+00    0.2165867196E+00    0.2331229237E+00    0.2486460652E+00    0.2631545391E+00
        0.0930044946    0.1819268898E-01    0.2904090583E-01    0.4229855312E-01    0.5783541092E-01    0.7549048076E-01    0.9502617320E-01    0.1160832408E+00    0.1381633211E+00    0.1607026194E+00    0.1831700152E+00    0.2051410146E+00    0.2263149000E+00    0.2464997731E+00    0.2655886865E+00    0.2835342801E+00    0.3003330527E+00
        0.1018295948    0.2025628712E-01    0.3237065252E-01    0.4724471114E-01    0.6478164287E-01    0.8484740026E-01    0.1071934596E+00    0.1313976015E+00    0.1568558031E+00    0.1828899955E+00    0.2088724220E+00    0.2343099983E+00    0.2588574109E+00    0.2822947107E+00    0.3044977842E+00    0.3254089306E+00    0.3450197493E+00
        0.1114920997    0.2348518469E-01    0.3755263352E-01    0.5489032615E-01    0.7542849082E-01    0.9903935846E-01    0.1254239683E+00    0.1540509556E+00    0.1841700981E+00    0.2149601460E+00    0.2456775262E+00    0.2757483044E+00    0.3047748927E+00    0.3325049407E+00    0.3587954836E+00    0.3835787488E+00    0.4068433301E+00
        0.1220714697    0.2827189059E-01    0.4519362792E-01    0.6609190339E-01    0.9090156074E-01    0.1194585840E+00    0.1513573343E+00    0.1859068058E+00    0.2221716775E+00    0.2591591665E+00    0.2959891638E+00    0.3319933425E+00    0.3667145358E+00    0.3998656370E+00    0.4312861041E+00    0.4609015881E+00    0.4887026773E+00
        0.1336547051    0.3349492075E-01    0.5353860121E-01    0.7836544601E-01    0.1079136324E+00    0.1419625673E+00    0.1799793673E+00    0.2211057757E+00    0.2642168613E+00    0.3081392292E+00    0.3518424287E+00    0.3945493537E+00    0.4357308744E+00    0.4750555539E+00    0.5123383997E+00    0.5474936972E+00    0.5805110355E+00
        0.1463370617    0.3723742597E-01    0.5963576892E-01    0.8760207748E-01    0.1211290809E+00    0.1599802890E+00    0.2035458329E+00    0.2508510379E+00    0.3006112791E+00    0.3514758879E+00    0.4022471971E+00    0.4520117511E+00    0.5001374101E+00    0.5462181756E+00    0.5900173958E+00    0.6314146052E+00    0.6703791023E+00
        0.1602228341    0.3986197880E-01    0.6410164697E-01    0.9475184989E-01    0.1319022307E+00    0.1753480791E+00    0.2244600225E+00    0.2781862738E+00    0.3350870317E+00    0.3936101149E+00    0.4523504879E+00    0.5102136872E+00    0.5664221322E+00    0.6204581937E+00    0.6720029363E+00    0.7208767456E+00    0.7670100440E+00
        0.1754262130    0.4473543177E-01    0.7213072994E-01    0.1070654969E+00    0.1496502934E+00    0.1996695837E+00    0.2564453683E+00    0.3188042475E+00    0.3850882986E+00    0.4534809333E+00    0.5223208430E+00    0.5903031255E+00    0.6564916471E+00    0.7202548500E+00    0.7811954685E+00    0.8390815137E+00    0.8938127324E+00
        0.1920722248    0.5241065670E-01    0.8451333292E-01    0.1255437493E+00    0.1755311652E+00    0.2342049101E+00    0.3008010353E+00    0.3739735530E+00    0.4517871383E+00    0.5321118253E+00    0.6130007295E+00    0.6929295004E+00    0.7708078478E+00    0.8459008120E+00    0.9177447424E+00    0.9860659116E+00    0.1050742414E+01
        0.2102977595    0.5783480680E-01    0.9359780069E-01    0.1397163647E+00    0.1962644460E+00    0.2630622855E+00    0.3393573137E+00    0.4236716180E+00    0.5137848466E+00    0.6072098140E+00    0.7016481217E+00    0.7952821215E+00    0.8867955275E+00    0.9752857019E+00    0.1060168415E+01    0.1141084299E+01    0.1217855797E+01
        0.2302526962    0.6157255748E-01    0.1003422861E+00    0.1510594280E+00    0.2139884312E+00    0.2891706325E+00    0.3759303770E+00    0.4726638415E+00    0.5768203720E+00    0.6854751118E+00    0.7958823469E+00    0.9058377165E+00    0.1013717545E+01    0.1118385400E+01    0.1219085523E+01    0.1315334968E+01    0.1406873727E+01
        0.2521011363    0.6911000797E-01    0.1128732001E+00    0.1704323055E+00    0.2421494135E+00    0.3282318615E+00    0.4280326997E+00    0.5397833322E+00    0.6605673166E+00    0.7869987627E+00    0.9158764409E+00    0.1044613788E+01    0.1171288618E+01    0.1294537439E+01    0.1413435164E+01    0.1527372670E+01    0.1636002169E+01
        0.2760227522    0.7528249313E-01    0.1235476685E+00    0.1876756604E+00    0.2682861031E+00    0.3658806682E+00    0.4799180583E+00    0.6084853337E+00    0.7482607817E+00    0.8953139232E+00    0.1045883119E+01    0.1196894163E+01    0.1346031563E+01    0.1491624853E+01    0.1632515363E+01    0.1767917555E+01    0.1897358286E+01
        0.3022142655    0.7978903741E-01    0.1320490612E+00    0.2025851961E+00    0.2924652878E+00    0.4026228512E+00    0.5326906118E+00    0.6806039283E+00    0.8425562782E+00    0.1013947681E+01    0.1190317299E+01    0.1367975262E+01    0.1544105757E+01    0.1716646447E+01    0.1884140074E+01    0.2045575582E+01    0.2200318655E+01
        0.3308910644    0.8638720347E-01    0.1437284243E+00    0.2220064900E+00    0.3227617925E+00    0.4474358789E+00    0.5959174041E+00    0.7660446570E+00    0.9535305803E+00    0.1153069004E+01    0.1359438009E+01    0.1568260342E+01    0.1776145855E+01    0.1980568367E+01    0.2179705790E+01    0.2372262729E+01    0.2557394240E+01
        0.3622889751    0.9036260667E-01    0.1520764368E+00    0.2379755538E+00    0.3503499811E+00    0.4913330162E+00    0.6611377058E+00    0.8574587512E+00    0.1075386841E+01    0.1308718046E+01    0.1551272441E+01    0.1797812895E+01    0.2044235430E+01    0.2287440822E+01    0.2525158140E+01    0.2755742810E+01    0.2978090212E+01
        0.3966662010    0.9557044375E-01    0.1624727827E+00    0.2572274158E+00    0.3830162579E+00    0.5428423402E+00    0.7373860158E+00    0.9642655866E+00    0.1217921884E+01    0.1491154839E+01    0.1776690193E+01    0.2068285784E+01    0.2360984490E+01    0.2650987256E+01    0.2935464092E+01    0.3212327978E+01    0.3480138907E+01
        0.4343054463    0.9981253775E-01    0.1720997857E+00    0.2766668794E+00    0.4178567778E+00    0.5997477480E+00    0.8235902108E+00    0.1086915382E+01    0.1383395852E+01    0.1704651010E+01    0.2042105189E+01    0.2388313636E+01    0.2737290212E+01    0.3084384142E+01    0.3426079102E+01    0.3759740552E+01    0.4083509159E+01
        0.4755162407    0.1052058555E+00    0.1837844819E+00    0.2997194907E+00    0.4588017398E+00    0.6665052330E+00    0.9248921582E+00    0.1231505890E+01    0.1579185143E+01    0.1958183418E+01    0.2358379272E+01    0.2770874178E+01    0.3188421394E+01    0.3605316507E+01    0.4017188716E+01    0.4420719154E+01    0.4813521482E+01
        0.5206374847    0.1112830555E+00    0.1969790422E+00    0.3259740716E+00    0.5059217576E+00    0.7441053332E+00    0.1043674514E+01    0.1402258704E+01    0.1811729284E+01    0.2260704821E+01    0.2737195074E+01    0.3230533164E+01    0.3731932691E+01    0.4234398804E+01    0.4732513052E+01    0.5222117331E+01    0.5700177482E+01
        0.5700402368    0.1179399387E+00    0.2116382237E+00    0.3556726751E+00    0.5601063406E+00    0.8345407652E+00    0.1183521870E+01    0.1604813985E+01    0.2089124565E+01    0.2623092010E+01    0.3192461950E+01    0.3784423839E+01    0.4388324141E+01    0.4995602820E+01    0.5599572283E+01    0.6195059562E+01    0.6778246938E+01
        0.6241307649    0.1246593022E+00    0.2273586113E+00    0.3888817711E+00    0.6223402603E+00    0.9402099663E+00    0.1348749758E+01    0.1845882140E+01    0.2420899886E+01    0.3058046428E+01    0.3740336170E+01    0.4452375264E+01    0.5181262824E+01    0.5916557962E+01    0.6650053613E+01    0.7375367095E+01    0.8087748952E+01
        0.6833538873    0.1314559485E+00    0.2444094807E+00    0.4264138137E+00    0.6943859299E+00    0.1064345464E+01    0.1544647161E+01    0.2133391308E+01    0.2818139018E+01    0.3580226589E+01    0.4399371239E+01    0.5257073473E+01    0.6137743447E+01    0.7028701500E+01    0.7919945793E+01    0.8803676272E+01    0.9674058087E+01
        0.7481966305    0.1388926196E+00    0.2635488409E+00    0.4694872236E+00    0.7784284759E+00    0.1210789221E+01    0.1777460698E+01    0.2476684105E+01    0.3293847838E+01    0.4206729590E+01    0.5191062383E+01    0.6224629328E+01    0.7288652110E+01    0.8367821054E+01    0.9450051541E+01    0.1052591898E+02    0.1158835627E+02
        0.8191922345    0.1468023761E+00    0.2849002783E+00    0.5189790544E+00    0.8767491714E+00    0.1383999893E+01    0.2054612463E+01    0.2886841854E+01    0.3863311195E+01    0.4957429817E+01    0.6140130545E+01    0.7384780787E+01    0.8668867595E+01    0.9974042728E+01    0.1128585738E+02    0.1259307537E+02    0.1388727484E+02
        0.8969245379    0.1553409127E+00    0.3089546967E+00    0.5762346405E+00    0.9923220603E+00    0.1589493616E+01    0.2385046811E+01    0.3376965863E+01    0.4544302057E+01    0.5855088503E+01    0.7274498768E+01    0.8770705701E+01    0.1031688793E+02    0.1189125758E+02    0.1347675489E+02    0.1506019232E+02    0.1663171823E+02
        0.9820327791    0.1646575259E+00    0.3362825452E+00    0.6428887649E+00    0.1128760937E+01    0.1833886510E+01    0.2779309653E+01    0.3962221626E+01    0.5357017546E+01    0.6925116394E+01    0.8624829328E+01    0.1041829596E+02    0.1227381823E+02    0.1416581173E+02    0.1607443168E+02    0.1798448144E+02    0.1988467983E+02
        1.0752168532    0.1749021225E+00    0.3675711951E+00    0.7209314074E+00    0.1290407872E+01    0.2124983887E+01    0.3249587908E+01    0.4659755906E+01    0.6323796059E+01    0.8195023212E+01    0.1022365528E+02    0.1236493925E+02    0.1458178703E+02    0.1684455378E+02    0.1913055576E+02    0.2142265178E+02    0.2370823635E+02
        1.1772430677    0.1862998740E+00    0.4036781527E+00    0.8127654985E+00    0.1482405163E+01    0.2471831797E+01    0.3809663956E+01    0.5488459251E+01    0.7468600103E+01    0.9693555208E+01    0.1210413303E+02    0.1464786966E+02    0.1728189508E+02    0.1997239237E+02    0.2269395860E+02    0.2542773693E+02    0.2816003459E+02
        1.2889504441    0.1990980822E+00    0.4456296783E+00    0.9212567034E+00    0.1710768505E+01    0.2884742565E+01    0.4474789730E+01    0.6468582230E+01    0.8816292359E+01    0.1144958410E+02    0.1429853028E+02    0.1730226466E+02    0.2041194631E+02    0.2358969155E+02    0.2680772639E+02    0.3004590895E+02    0.3328984559E+02
        1.4112576178    0.2136019178E+00    0.4946554277E+00    0.1049782823E+01    0.1982419123E+01    0.3375216739E+01    0.5261378067E+01    0.7621093306E+01    0.1039160281E+02    0.1349067531E+02    0.1683642445E+02    0.2035912403E+02    0.2400406597E+02    0.2772968458E+02    0.3150645891E+02    0.3531361933E+02    0.3913660754E+02
        1.5451703927    0.2301737736E+00    0.5522187061E+00    0.1202290443E+01    0.2305202749E+01    0.3955805888E+01    0.6186587021E+01    0.8966910232E+01    0.1221800097E+02    0.1584165211E+02    0.1974304298E+02    0.2384348183E+02    0.2808287755E+02    0.3241669576E+02    0.3681460076E+02    0.4125608300E+02    0.4572708216E+02
        1.6917900122    0.2492497126E+00    0.6200600746E+00    0.1383352824E+01    0.2687874640E+01    0.4639893781E+01    0.7267796411E+01    0.1052605445E+02    0.1431659660E+02    0.1852336559E+02    0.2303804459E+02    0.2777333504E+02    0.3266469853E+02    0.3766569874E+02    0.4274643407E+02    0.4788774962E+02    0.5307682054E+02
        1.8523222157    0.2713396941E+00    0.7002114737E+00    0.1598157031E+01    0.3139940557E+01    0.5441257113E+01    0.8521833002E+01    0.1231660436E+02    0.1670497634E+02    0.2155160711E+02    0.2673469357E+02    0.3215923897E+02    0.3775768622E+02    0.4348310919E+02    0.4930758611E+02    0.5521456278E+02    0.6119318333E+02
        2.0280871538    0.2970480067E+00    0.7950433248E+00    0.1852522394E+01    0.3671519055E+01    0.6373674328E+01    0.9964358909E+01    0.1435403218E+02    0.1939672616E+02    0.2493704811E+02    0.3084040505E+02    0.3700559631E+02    0.4336397086E+02    0.4986982729E+02    0.5649901891E+02    0.6323890407E+02    0.7008122776E+02
        2.2205302450    0.3270820088E+00    0.9072807505E+00    0.2152839201E+01    0.4293068516E+01    0.7450399989E+01    0.1160922804E+02    0.1665070226E+02    0.2240134714E+02    0.2868578765E+02    0.3535806027E+02    0.4231281735E+02    0.4948270400E+02    0.5682518947E+02    0.6432187580E+02    0.7196529960E+02    0.7975023404E+02
        2.4312340620    0.3598751066E+00    0.1035091723E+01    0.2497125372E+01    0.5001124656E+01    0.8663686935E+01    0.1344135611E+02    0.1918201689E+02    0.2568386414E+02    0.3275277426E+02    0.4023369041E+02    0.4801975627E+02    0.5604773274E+02    0.6428031806E+02    0.7270686851E+02    0.8132612991E+02    0.9013598678E+02
        2.6619313461    0.4010631744E+00    0.1191501837E+01    0.2909743866E+01    0.5832931474E+01    0.1006327464E+02    0.1552211111E+02    0.2202053674E+02    0.2932804056E+02    0.3723319253E+02    0.4557426969E+02    0.5424578565E+02    0.6319179837E+02    0.7238239737E+02    0.8181675923E+02    0.9150063679E+02    0.1014348534E+03
        2.9145192568    0.4495068850E+00    0.1375784290E+01    0.3390002938E+01    0.6785364695E+01    0.1164025807E+02    0.1783434865E+02    0.2513997432E+02    0.3329882766E+02    0.4208443239E+02    0.5133143037E+02    0.6093908062E+02    0.7086231487E+02    0.8108067367E+02    0.9160495280E+02    0.1024481566E+03    0.1136134795E+03
        3.1910749729    0.5063964973E+00    0.1591922970E+01    0.3945063185E+01    0.7866873165E+01    0.1340204756E+02    0.2038328682E+02    0.2854347470E+02    0.3759808707E+02    0.4730817332E+02    0.5750817670E+02    0.6810596114E+02    0.7907126538E+02    0.9039486309E+02    0.1021004880E+03    0.1142079996E+03    0.1267221518E+03
        3.4938727747    0.5731851020E+00    0.1844361629E+01    0.4582283668E+01    0.9085595444E+01    0.1535567746E+02    0.2317438810E+02    0.3223540924E+02    0.4222984552E+02    0.5290903622E+02    0.6411122642E+02    0.7575736024E+02    0.8783614292E+02    0.1003507697E+03    0.1133384563E+03    0.1268248935E+03    0.1408156096E+03
        3.8254027466    0.6514130570E+00    0.2137549876E+01    0.5308385951E+01    0.1044829484E+02    0.1750658581E+02    0.2621171892E+02    0.3621888384E+02    0.4719665703E+02    0.5888977252E+02    0.7114517323E+02    0.8390204782E+02    0.9717209259E+02    0.1109710996E+03    0.1253493449E+03    0.1403370221E+03    0.1559401169E+03
        4.1883912545    0.7428508783E+00    0.2476171936E+01    0.6129923507E+01    0.1196135448E+02    0.1986013166E+02    0.2949964604E+02    0.4049727641E+02    0.5250089699E+02    0.6525246816E+02    0.7861377547E+02    0.9254793306E+02    0.1070928643E+03    0.1222757664E+03    0.1381587751E+03    0.1547756958E+03    0.1721336147E+03
        4.5858233661    0.8494243481E+00    0.2864921552E+01    0.7052981648E+01    0.1363049799E+02    0.2242107859E+02    0.3304168631E+02    0.4507229651E+02    0.5814219527E+02    0.7199566376E+02    0.8651691484E+02    0.1016986205E+03    0.1176065408E+03    0.1342767606E+03    0.1517820964E+03    0.1701604862E+03    0.1894219244E+03
        5.0209673996    0.9732228001E+00    0.3308477972E+01    0.8083270024E+01    0.1546100163E+02    0.2519361084E+02    0.3684010115E+02    0.4994325881E+02    0.6411671084E+02    0.7911392610E+02    0.9485039514E+02    0.1113529424E+03    0.1287144919E+03    0.1469769867E+03    0.1662241077E+03    0.1865004375E+03    0.2078213859E+03
        5.4974018001    0.1116523421E+01    0.3811546509E+01    0.9226318522E+01    0.1745792665E+02    0.2818133047E+02    0.4089565228E+02    0.5510686690E+02    0.7041729338E+02    0.8659855427E+02    0.1036068496E+03    0.1215054932E+03    0.1404117303E+03    0.1603714979E+03    0.1814820576E+03    0.2037985258E+03    0.2273438435E+03
        6.0190445678    0.1281714076E+01    0.4378699083E+01    0.1048726443E+02    0.1962562885E+02    0.3138632990E+02    0.4520638923E+02    0.6055602187E+02    0.7703260135E+02    0.9443699006E+02    0.1127748753E+03    0.1321451796E+03    0.1526858881E+03    0.1744481192E+03    0.1975477816E+03    0.2220538675E+03    0.2479975982E+03
        6.5901854779    0.1471380533E+01    0.5014596769E+01    0.1187126062E+02    0.2196819307E+02    0.3480968329E+02    0.4976843908E+02    0.6628118029E+02    0.8394920460E+02    0.1026153874E+03    0.1223413734E+03    0.1432576531E+03    0.1655213191E+03    0.1891935557E+03    0.2144141653E+03    0.2412667696E+03    0.2697901537E+03
        7.2155213579    0.1688222631E+01    0.5723834754E+01    0.1338314467E+02    0.2448877285E+02    0.3845054778E+02    0.5457506890E+02    0.7226958012E+02    0.9115104400E+02    0.1111177963E+03    0.1322899914E+03    0.1548242625E+03    0.1788997964E+03    0.2045944704E+03    0.2320743244E+03    0.2614350325E+03    0.2927213781E+03
        7.9001947124    0.1935081253E+01    0.6511023409E+01    0.1502749603E+02    0.2718958992E+02    0.4230625646E+02    0.5961704641E+02    0.7850604420E+02    0.9862060319E+02    0.1199269798E+03    0.1426017374E+03    0.1668242769E+03    0.1928038512E+03    0.2206392910E+03    0.2505203600E+03    0.2825495371E+03    0.3167769247E+03
        8.6498360130    0.2214915268E+01    0.7380738865E+01    0.1680845344E+02    0.3007163755E+02    0.4637204614E+02    0.6488253840E+02    0.8497320832E+02    0.1063392035E+03    0.1290240536E+03    0.1532551058E+03    0.1792367617E+03    0.2072177686E+03    0.2373160987E+03    0.2697378091E+03    0.3045876079E+03    0.3419259343E+03
        9.4706100008    0.2530904283E+01    0.8337728580E+01    0.1872999247E+02    0.3313512187E+02    0.5064180823E+02    0.7035832926E+02    0.9165333799E+02    0.1142889066E+03    0.1383900997E+03    0.1642293322E+03    0.1920447186E+03    0.2221292037E+03    0.2546108610E+03    0.2897029190E+03    0.3275176700E+03    0.3681389963E+03
       10.3692663829    0.2886064279E+01    0.9386030366E+01    0.2079434515E+02    0.3637719555E+02    0.5510521233E+02    0.7602647134E+02    0.9852455393E+02    0.1224476062E+03    0.1480006088E+03    0.1754999371E+03    0.2052286884E+03    0.2375186833E+03    0.2724944494E+03    0.3103768942E+03    0.3513059201E+03    0.3953971149E+03
       11.3531953391    0.3284020675E+01    0.1053061632E+02    0.2300482882E+02    0.3979623638E+02    0.5975365099E+02    0.8187211914E+02    0.1055704663E+03    0.1307996308E+03    0.1578384662E+03    0.1870538801E+03    0.2187801582E+03    0.2533712045E+03    0.2909410173E+03    0.3317392862E+03    0.3759466611E+03    0.4237006545E+03
       12.4304882957    0.3728023057E+01    0.1177519133E+02    0.2536205835E+02    0.4338639061E+02    0.6457311842E+02    0.8787485420E+02    0.1127696204E+03    0.1393228448E+03    0.1678808903E+03    0.1988737031E+03    0.2326805120E+03    0.2696558734E+03    0.3099203309E+03    0.3537752794E+03    0.4014229764E+03    0.4530112744E+03
       13.6100044661    0.4221570842E+01    0.1312352031E+02    0.2786628937E+02    0.4714117151E+02    0.6954926446E+02    0.9401539060E+02    0.1201032709E+03    0.1479977087E+03    0.1781109663E+03    0.2109474015E+03    0.2469092724E+03    0.2863471281E+03    0.3294217375E+03    0.3764723447E+03    0.4276969322E+03    0.4832681283E+03
       14.9014437053    0.4768535575E+01    0.1457964529E+02    0.3051783103E+02    0.5105417876E+02    0.7466854870E+02    0.1002772537E+03    0.1275567912E+03    0.1568096536E+03    0.1885202242E+03    0.2232672828E+03    0.2614479735E+03    0.3034374291E+03    0.3494434602E+03    0.3997996268E+03    0.4547243293E+03    0.5144459105E+03
       16.3154262774    0.5372151689E+01    0.1614572447E+02    0.3331349855E+02    0.5511413896E+02    0.7991193832E+02    0.1066390610E+03    0.1351098230E+03    0.1657387532E+03    0.1990952202E+03    0.2358122572E+03    0.2762743617E+03    0.3209167255E+03    0.3699495823E+03    0.4237083010E+03    0.4824740248E+03    0.5465181290E+03
       17.8635801925    0.6036430446E+01    0.1782503892E+02    0.3625177287E+02    0.5931249901E+02    0.8526517193E+02    0.1130873672E+03    0.1427510219E+03    0.1747785333E+03    0.2098341327E+03    0.2485724191E+03    0.2913915801E+03    0.3387784194E+03    0.3909104684E+03    0.4481914790E+03    0.5109353832E+03    0.5794275632E+03
       19.5586368304    0.6764640712E+01    0.1961880604E+02    0.3932758745E+02    0.6363609705E+02    0.9070938587E+02    0.1196047389E+03    0.1504638466E+03    0.1839193178E+03    0.2207253885E+03    0.2615341155E+03    0.3067971287E+03    0.3569865690E+03    0.4123137025E+03    0.4732247960E+03    0.5400448653E+03    0.6131301906E+03
       21.4145356385    0.7560837187E+01    0.2152941021E+02    0.4253780630E+02    0.6807513658E+02    0.9623185452E+02    0.1261822340E+03    0.1582432067E+03    0.1931636953E+03    0.2317677008E+03    0.2747073719E+03    0.3224844899E+03    0.3755405519E+03    0.4341552496E+03    0.4987768045E+03    0.5697865888E+03    0.6475996480E+03
       23.4465387640    0.8429131063E+01    0.2355889655E+02    0.4587880481E+02    0.7261986924E+02    0.1018216096E+03    0.1328140836E+03    0.1660881486E+03    0.2025194500E+03    0.2429613180E+03    0.2881098764E+03    0.3384414121E+03    0.3944517716E+03    0.4564178213E+03    0.5248333965E+03    0.6001515799E+03    0.6827909881E+03
       25.6713565631    0.9372621730E+01    0.2570686651E+02    0.4934318407E+02    0.7725606723E+02    0.1074640171E+03    0.1394898816E+03    0.1739946656E+03    0.2119834528E+03    0.2543122635E+03    0.3017260378E+03    0.3546796804E+03    0.4136902935E+03    0.4790856294E+03    0.5513860729E+03    0.6310626504E+03    0.7186937809E+03
       28.1072850208    0.1039443003E+02    0.2797269518E+02    0.5292352108E+02    0.8197058436E+02    0.1131481761E+03    0.1462020408E+03    0.1819671019E+03    0.2215527794E+03    0.2658337041E+03    0.3155546129E+03    0.3711862567E+03    0.4332725826E+03    0.5021236452E+03    0.5783998911E+03    0.6625506058E+03    0.7551792993E+03
       30.7743562090    0.1149741735E+02    0.3035504166E+02    0.5661172339E+02    0.8675074767E+02    0.1188644865E+03    0.1529481695E+03    0.1900071150E+03    0.2312389025E+03    0.2775201419E+03    0.3296140955E+03    0.3879557636E+03    0.4531548185E+03    0.5255846753E+03    0.6057964464E+03    0.6945681171E+03    0.7923359775E+03
       33.6945030221    0.1268414264E+02    0.3285185538E+02    0.6039913963E+02    0.9158407145E+02    0.1246068240E+03    0.1597260898E+03    0.1981265307E+03    0.2410400769E+03    0.2893987797E+03    0.3438682098E+03    0.4050354587E+03    0.4733284925E+03    0.5493709865E+03    0.6337245370E+03    0.7269481260E+03    0.8301073483E+03
       36.8917395444    0.1395682239E+02    0.3546037497E+02    0.6427651857E+02    0.9645953466E+02    0.1303705622E+03    0.1665385409E+03    0.2063315286E+03    0.2509802450E+03    0.3014465034E+03    0.3583890775E+03    0.4222989177E+03    0.4939235827E+03    0.5734423747E+03    0.6619939584E+03    0.7600010546E+03    0.8681775183E+03
       40.3923585315    0.1531729430E+02    0.3817718152E+02    0.6823452327E+02    0.1013674380E+03    0.1361500516E+03    0.1734026643E+03    0.2146065534E+03    0.2611027820E+03    0.3136577012E+03    0.3731569276E+03    0.4398914170E+03    0.5146535456E+03    0.5980874345E+03    0.6905082111E+03    0.7934113451E+03    0.9071174171E+03
       44.2251476316    0.1676698194E+02    0.4099822927E+02    0.7226341504E+02    0.1062978678E+03    0.1419517802E+03    0.1803074544E+03    0.2230130506E+03    0.2713183132E+03    0.3261752681E+03    0.3880361431E+03    0.4578455114E+03    0.5357564051E+03    0.6227961429E+03    0.7198066473E+03    0.8269924027E+03    0.9464052590E+03
       48.4216261230    0.1830686456E+02    0.4391879418E+02    0.7635318230E+02    0.1112478668E+03    0.1477685891E+03    0.1872789933E+03    0.2315336479E+03    0.2817413094E+03    0.3387929016E+03    0.4033725948E+03    0.4757857250E+03    0.5573806382E+03    0.6478990775E+03    0.7490498873E+03    0.8616283520E+03    0.9857864888E+03
       53.0163041156    0.1993744928E+02    0.4693374152E+02    0.8049534501E+02    0.1162098037E+03    0.1535991296E+03    0.1943551906E+03    0.2401346626E+03    0.2924195668E+03    0.3516245806E+03    0.4188341245E+03    0.4943544819E+03    0.5788102795E+03    0.6737281464E+03    0.7787296875E+03    0.8960360489E+03    0.1026548291E+04
       58.0469663481    0.2165873618E+02    0.5003721892E+02    0.8467860380E+02    0.1211765454E+03    0.1594861319E+03    0.2014508006E+03    0.2490044468E+03    0.3030967786E+03    0.3649115179E+03    0.4344087709E+03    0.5130941900E+03    0.6010636940E+03    0.6991363171E+03    0.8093556545E+03    0.9309838303E+03    0.1066830344E+04
       63.5549829136    0.2347022744E+02    0.5322282693E+02    0.8889480696E+02    0.1261661513E+03    0.1653809965E+03    0.2086994947E+03    0.2579213974E+03    0.3142090188E+03    0.3780668416E+03    0.4507121499E+03    0.5317809329E+03    0.6235292887E+03    0.7256171170E+03    0.8393061947E+03    0.9670605497E+03    0.1107886471E+04
       69.5856494710    0.2537086966E+02    0.5648460134E+02    0.9313994599E+02    0.1311510463E+03    0.1713288142E+03    0.2160885686E+03    0.2669993576E+03    0.3254658832E+03    0.3917714570E+03    0.4667237947E+03    0.5515193757E+03    0.6457657887E+03    0.7522978889E+03    0.8706629962E+03    0.1002201433E+04    0.1150163935E+04
       76.1885597370    0.2735901087E+02    0.5981425928E+02    0.9739489043E+02    0.1361435546E+03    0.1774000260E+03    0.2234700696E+03    0.2764778861E+03    0.3367318872E+03    0.4057680199E+03    0.4833525246E+03    0.5707816540E+03    0.6694193710E+03    0.7786319245E+03    0.9020763087E+03    0.1039221506E+04    0.1191239259E+04
       83.4180133251    0.2943250656E+02    0.6320506032E+02    0.1016668201E+03    0.1411871873E+03    0.1834311996E+03    0.2312129468E+03    0.2858080317E+03    0.3487254116E+03    0.4195523747E+03    0.5004492772E+03    0.5907268544E+03    0.6923538450E+03    0.8067625312E+03    0.9331509124E+03    0.1075970590E+04    0.1234845586E+04
       91.3334622825    0.3158825978E+02    0.6665121706E+02    0.1059505197E+03    0.1461867449E+03    0.1896558477E+03    0.2389432229E+03    0.2956617876E+03    0.3604307517E+03    0.4344081143E+03    0.5171181519E+03    0.6113182142E+03    0.7161265822E+03    0.8338273784E+03    0.9664335206E+03    0.1112542741E+04    0.1277579495E+04
      100.0000000000    0.3382250634E+02    0.7013797912E+02    0.1102120685E+03    0.1512662559E+03    0.1959588928E+03    0.2468248553E+03    0.3056559917E+03    0.3726852049E+03    0.4488078266E+03    0.5351856207E+03    0.6313078673E+03    0.7406432733E+03    0.8620675929E+03    0.9981582071E+03    0.1151719723E+04    0.1320630050E+04
