               #####        0.2000000000        0.2533333333        0.3066666667        0.3600000000        0.4133333333        0.4666666667        0.5200000000        0.5733333333        0.6266666667        0.6800000000        0.7333333333        0.7866666667        0.8400000000        0.8933333333        0.9466666667        1.0000000000
        0.0010000000    0.1369187106E-07    0.2182620369E-07    0.3167510670E-07    0.4306967118E-07    0.5579400424E-07    0.6959421416E-07    0.8419336180E-07    0.9930518833E-07    0.1146622250E-06    0.1300178139E-06    0.1451613043E-06    0.1599221647E-06    0.1741703569E-06    0.1878139113E-06    0.2007937747E-06    0.2130781606E-06
        0.0010948890    0.1955140546E-07    0.3116689170E-07    0.4523072656E-07    0.6150172842E-07    0.7967162768E-07    0.9937789527E-07    0.1202250902E-06    0.1418037908E-06    0.1637328436E-06    0.1856599135E-06    0.2072841419E-06    0.2283619996E-06    0.2487077919E-06    0.2681901874E-06    0.2867248598E-06    0.3042664194E-06
        0.0011987818    0.2790554439E-07    0.4448423550E-07    0.6455745798E-07    0.8778099696E-07    0.1137148886E-06    0.1418417270E-06    0.1715971294E-06    0.2023956605E-06    0.2336945715E-06    0.2649907902E-06    0.2958548086E-06    0.3259390116E-06    0.3549783482E-06    0.3827853666E-06    0.4092397069E-06    0.4342765843E-06
        0.0013125330    0.3980693447E-07    0.6345626506E-07    0.9209054584E-07    0.1252187936E-06    0.1622134485E-06    0.2023364838E-06    0.2447828580E-06    0.2887157053E-06    0.3333628603E-06    0.3780064001E-06    0.4220334814E-06    0.4649481885E-06    0.5063724124E-06    0.5460387482E-06    0.5837755015E-06    0.6194902570E-06
        0.0014370779    0.5675317975E-07    0.9047032150E-07    0.1312946297E-06    0.1785261618E-06    0.2312702705E-06    0.2884748197E-06    0.3489921245E-06    0.4116262028E-06    0.4752795128E-06    0.5389280360E-06    0.6016977831E-06    0.6628816441E-06    0.7219405168E-06    0.7784931477E-06    0.8322947459E-06    0.8832135532E-06
        0.0015734408    0.8085605935E-07    0.1288928102E-06    0.1870552290E-06    0.2543462050E-06    0.3294912541E-06    0.4109915273E-06    0.4972120388E-06    0.5864442223E-06    0.6771298385E-06    0.7678092341E-06    0.8572368294E-06    0.9444050798E-06    0.1028545881E-05    0.1109116044E-05    0.1185766808E-05    0.1258310458E-05
        0.0017227429    0.1151147644E-06    0.1835047728E-06    0.2663108784E-06    0.3621136496E-06    0.4690987953E-06    0.5851326098E-06    0.7078875555E-06    0.8349235565E-06    0.9640309459E-06    0.1093130454E-05    0.1220448084E-05    0.1344549183E-05    0.1464340125E-05    0.1579047537E-05    0.1688174880E-05    0.1791454901E-05
        0.0018862122    0.1637580176E-06    0.2610472695E-06    0.3788446318E-06    0.5151311276E-06    0.6673261269E-06    0.8323946349E-06    0.1007025896E-05    0.1187736375E-05    0.1371396944E-05    0.1555047889E-05    0.1736164502E-05    0.1912705557E-05    0.2083115168E-05    0.2246293113E-05    0.2401533016E-05    0.2548454688E-05
        0.0020651929    0.2327458824E-06    0.3710213265E-06    0.5384450190E-06    0.7321478453E-06    0.9484625227E-06    0.1183076026E-05    0.1431283356E-05    0.1688113279E-05    0.1949141538E-05    0.2210158693E-05    0.2467574675E-05    0.2718487763E-05    0.2960686394E-05    0.3192606754E-05    0.3413244856E-05    0.3622060345E-05
        0.0022611570    0.3304573549E-06    0.5267840515E-06    0.7644968370E-06    0.1039522764E-05    0.1346655789E-05    0.1679773089E-05    0.2032195245E-05    0.2396831152E-05    0.2767436594E-05    0.3138030447E-05    0.3503512613E-05    0.3859762235E-05    0.4203638929E-05    0.4532922218E-05    0.4846186568E-05    0.5142664776E-05
        0.0024757158    0.4686624311E-06    0.7470982445E-06    0.1084230114E-05    0.1474282801E-05    0.1909874344E-05    0.2382322675E-05    0.2882156248E-05    0.3399264809E-05    0.3924853249E-05    0.4450432018E-05    0.4968763424E-05    0.5474001639E-05    0.5961692298E-05    0.6428686025E-05    0.6872961019E-05    0.7293429217E-05
        0.0027106339    0.6638373631E-06    0.1058229112E-05    0.1535763117E-05    0.2088260853E-05    0.2705268371E-05    0.3374490340E-05    0.4082512996E-05    0.4814928620E-05    0.5559377378E-05    0.6303823367E-05    0.7038007295E-05    0.7753646313E-05    0.8444430045E-05    0.9105897152E-05    0.9735183730E-05    0.1033074861E-04
        0.0029678432    0.9390921858E-06    0.1497017043E-05    0.2172561967E-05    0.2954160241E-05    0.3827026920E-05    0.4773772408E-05    0.5775424637E-05    0.6811460303E-05    0.7864553037E-05    0.8917659481E-05    0.9956254357E-05    0.1096861627E-04    0.1194581667E-04    0.1288154368E-04    0.1377174572E-04    0.1461424262E-04
        0.0032494587    0.1326488801E-05    0.2114573035E-05    0.3068804042E-05    0.4172848412E-05    0.5405828026E-05    0.6743186033E-05    0.8158129819E-05    0.9621439645E-05    0.1110889743E-04    0.1259640296E-04    0.1406341948E-04    0.1549338350E-04    0.1687368052E-04    0.1819539381E-04    0.1945280011E-04    0.2064281997E-04
        0.0035577965    0.1870635167E-05    0.2982008472E-05    0.4327693981E-05    0.5884665951E-05    0.7623491420E-05    0.9509550242E-05    0.1150506856E-04    0.1356846640E-04    0.1566600387E-04    0.1776365422E-04    0.1983242481E-04    0.2184894649E-04    0.2379542563E-04    0.2565928592E-04    0.2743245585E-04    0.2911059297E-04
        0.0038953921    0.2633260601E-05    0.4197729046E-05    0.6092050091E-05    0.8283823633E-05    0.1073163315E-04    0.1338676119E-04    0.1619604956E-04    0.1910035993E-04    0.2205286283E-04    0.2500559756E-04    0.2791770115E-04    0.3075625915E-04    0.3349621643E-04    0.3611986657E-04    0.3861584675E-04    0.4097804463E-04
        0.0042650218    0.3699784325E-05    0.5897906407E-05    0.8559503094E-05    0.1163907245E-04    0.1507844899E-04    0.1880921083E-04    0.2275669453E-04    0.2683682516E-04    0.3098487822E-04    0.3513337345E-04    0.3922481623E-04    0.4321293156E-04    0.4706250438E-04    0.5074865198E-04    0.5425540832E-04    0.5757418637E-04
        0.0046697254    0.5186917310E-05    0.8268597387E-05    0.1200008699E-04    0.1631762853E-04    0.2113971826E-04    0.2637047594E-04    0.3190526726E-04    0.3762462750E-04    0.4343954090E-04    0.4925525949E-04    0.5499104804E-04    0.6058198308E-04    0.6597867492E-04    0.7114623131E-04    0.7606226717E-04    0.8071474572E-04
        0.0051128308    0.7255168025E-05    0.1156568125E-04    0.1678517760E-04    0.2282453149E-04    0.2956980716E-04    0.3688696363E-04    0.4462970903E-04    0.5262835916E-04    0.6076117521E-04    0.6889541123E-04    0.7691792996E-04    0.8473784172E-04    0.9228603032E-04    0.9951367764E-04    0.1063894706E-03    0.1128965764E-03
        0.0055979820    0.1012309558E-04    0.1613758351E-04    0.2342047779E-04    0.3184751088E-04    0.4125981727E-04    0.5147048461E-04    0.6227549665E-04    0.7343391532E-04    0.8478032619E-04    0.9612918199E-04    0.1073222879E-03    0.1182326985E-03    0.1287639231E-03    0.1388478251E-03    0.1484407110E-03    0.1575191009E-03
        0.0061291687    0.1408540744E-04    0.2245413009E-04    0.3258790360E-04    0.4431396421E-04    0.5741143925E-04    0.7162044029E-04    0.8665726316E-04    0.1021799112E-03    0.1179653522E-03    0.1337549238E-03    0.1493279764E-03    0.1645076700E-03    0.1791596583E-03    0.1931891021E-03    0.2065352022E-03    0.2191653018E-03
        0.0067107592    0.1954006954E-04    0.3114977078E-04    0.4520833064E-04    0.6147631345E-04    0.7964759367E-04    0.9936193456E-04    0.1202260322E-03    0.1417545535E-03    0.1636495001E-03    0.1855513166E-03    0.2071530520E-03    0.2282090492E-03    0.2485327926E-03    0.2679926624E-03    0.2865043116E-03    0.3040224615E-03
        0.0073475362    0.2701852510E-04    0.4307176233E-04    0.6251154862E-04    0.8500718388E-04    0.1101358331E-03    0.1373998608E-03    0.1662558608E-03    0.1960151921E-03    0.2262840232E-03    0.2565641252E-03    0.2864297129E-03    0.3155405691E-03    0.3436385619E-03    0.3705416115E-03    0.3961330886E-03    0.4203504317E-03
        0.0080447363    0.3722823613E-04    0.5934800158E-04    0.8613474913E-04    0.1171334143E-03    0.1517621064E-03    0.1893358987E-03    0.2291067187E-03    0.2700974517E-03    0.3117944909E-03    0.3535097977E-03    0.3946545392E-03    0.4347590655E-03    0.4734673254E-03    0.5105282983E-03    0.5457812892E-03    0.5791401818E-03
        0.0088080930    0.5109474372E-04    0.8145410105E-04    0.1182199387E-03    0.1607686550E-03    0.2083027795E-03    0.2598834703E-03    0.3144850870E-03    0.3707211776E-03    0.4279330556E-03    0.4851742073E-03    0.5416330699E-03    0.5966636593E-03    0.6497766939E-03    0.7006274392E-03    0.7489953671E-03    0.7947624422E-03
        0.0096438838    0.6982870145E-04    0.1113202893E-03    0.1615691861E-03    0.2197246852E-03    0.2846987697E-03    0.3552102784E-03    0.4298592056E-03    0.5066779738E-03    0.5848397864E-03    0.6630480055E-03    0.7401881370E-03    0.8153750973E-03    0.8879392234E-03    0.9574090433E-03    0.1023483229E-02    0.1086000752E-02
        0.0105589819    0.9498565736E-04    0.1514267759E-03    0.2197831900E-03    0.2989001695E-03    0.3873006614E-03    0.4832449674E-03    0.5848313605E-03    0.6892669337E-03    0.7955432989E-03    0.9018924625E-03    0.1006789974E-02    0.1109028288E-02    0.1207694898E-02    0.1302147945E-02    0.1391977671E-02    0.1476965540E-02
        0.0115609128    0.1285422675E-03    0.2049253551E-03    0.2974380293E-03    0.4045215392E-03    0.5241816901E-03    0.6540689614E-03    0.7916139472E-03    0.9328510646E-03    0.1076599410E-02    0.1220460799E-02    0.1362359002E-02    0.1500654140E-02    0.1634108787E-02    0.1761853491E-02    0.1883333996E-02    0.1998255464E-02
        0.0126579159    0.1729523449E-03    0.2757288846E-03    0.4002153707E-03    0.5443207614E-03    0.7053692935E-03    0.8802072440E-03    0.1065384017E-02    0.1255267618E-02    0.1448558710E-02    0.1642023503E-02    0.1832847835E-02    0.2018816172E-02    0.2198259495E-02    0.2370006667E-02    0.2533312458E-02    0.2687781749E-02
        0.0138590124    0.2312755798E-03    0.3687167110E-03    0.5352011792E-03    0.7279426942E-03    0.9433748600E-03    0.1177292279E-02    0.1425090883E-02    0.1678768827E-02    0.1937043304E-02    0.2195581798E-02    0.2450589190E-02    0.2699088480E-02    0.2938841344E-02    0.3168279725E-02    0.3386408078E-02    0.3592700796E-02
        0.0151740797    0.3069703853E-03    0.4894048379E-03    0.7104079957E-03    0.9662973486E-03    0.1252357729E-02    0.1563025934E-02    0.1892206828E-02    0.2228533545E-02    0.2571015962E-02    0.2913895334E-02    0.3252085101E-02    0.3581611356E-02    0.3899492920E-02    0.4203645450E-02    0.4492749377E-02    0.4766111791E-02
        0.0166139325    0.4048897812E-03    0.6455334420E-03    0.9370792267E-03    0.1274694415E-02    0.1652188465E-02    0.2062252322E-02    0.2496870827E-02    0.2939877524E-02    0.3391074043E-02    0.3842859516E-02    0.4288449707E-02    0.4722568253E-02    0.5141267180E-02    0.5541792872E-02    0.5922408348E-02    0.6282207910E-02
        0.0181904113    0.5301817355E-03    0.8453147222E-03    0.1227148307E-02    0.1669392219E-02    0.2163984677E-02    0.2701399135E-02    0.3271177246E-02    0.3850308604E-02    0.4440249904E-02    0.5031052635E-02    0.5613719665E-02    0.6181288560E-02    0.6728565496E-02    0.7251938676E-02    0.7749140241E-02    0.8218998449E-02
        0.0199164806    0.6862750593E-03    0.1094224482E-02    0.1588587119E-02    0.2161280957E-02    0.2801940957E-02    0.3498305533E-02    0.4236895230E-02    0.4985029370E-02    0.5747260298E-02    0.6510737647E-02    0.7263643865E-02    0.7996884541E-02    0.8703699018E-02    0.9379402812E-02    0.1002107139E-01    0.1062721126E-01
        0.0218063349    0.8793248155E-03    0.1402087019E-02    0.2035686802E-02    0.2769862409E-02    0.3591442269E-02    0.4484823584E-02    0.5432824434E-02    0.6389067404E-02    0.7363481879E-02    0.8339677663E-02    0.9302258892E-02    0.1023944938E-01    0.1114252974E-01    0.1200548461E-01    0.1282458561E-01    0.1359795720E-01
        0.0238755154    0.1111819368E-02    0.1772891444E-02    0.2574292705E-02    0.3503196885E-02    0.4543122482E-02    0.5674511484E-02    0.6875779183E-02    0.8081299914E-02    0.9309905540E-02    0.1054104113E-01    0.1175486686E-01    0.1293630730E-01    0.1407425013E-01    0.1516106867E-01    0.1619207774E-01    0.1716496474E-01
        0.0261410384    0.1391962380E-02    0.2219742647E-02    0.3223497070E-02    0.4387397176E-02    0.5691074850E-02    0.7110305884E-02    0.8618281658E-02    0.1012217512E-01    0.1165502879E-01    0.1319145016E-01    0.1470606754E-01    0.1617973729E-01    0.1759841837E-01    0.1895253291E-01    0.2023626120E-01    0.2144679912E-01
        0.0286215345    0.1725328180E-02    0.2751573027E-02    0.3996381813E-02    0.5440490866E-02    0.7059065484E-02    0.8822483548E-02    0.1069784580E-01    0.1255394077E-01    0.1444588852E-01    0.1634286311E-01    0.1821266976E-01    0.2003119359E-01    0.2178084193E-01    0.2344969855E-01    0.2503061799E-01    0.2652025960E-01
        0.0313374022    0.2112838165E-02    0.3369934957E-02    0.4895400435E-02    0.6666205640E-02    0.8652584871E-02    0.1081889534E-01    0.1312536334E-01    0.1538697908E-01    0.1769233497E-01    0.2000485846E-01    0.2228409159E-01    0.2449994979E-01    0.2663060335E-01    0.2866137926E-01    0.3058361191E-01    0.3239339321E-01
        0.0343109759    0.2559392023E-02    0.4082767415E-02    0.5932379582E-02    0.8081215218E-02    0.1049423040E-01    0.1312923543E-01    0.1593884854E-01    0.1866276503E-01    0.2143934906E-01    0.2422635500E-01    0.2697338248E-01    0.2964320600E-01    0.3220894675E-01    0.3465267836E-01    0.3696398832E-01    0.3913836836E-01
        0.0375667089    0.3080375581E-02    0.4914776724E-02    0.7143610482E-02    0.9735721494E-02    0.1265048223E-01    0.1583861640E-01    0.1924430111E-01    0.2250129155E-01    0.2582110570E-01    0.2915636078E-01    0.3244458444E-01    0.3563989377E-01    0.3870928460E-01    0.4163090498E-01    0.4439227749E-01    0.4698822940E-01
        0.0411313750    0.3699515381E-02    0.5904043993E-02    0.8584993907E-02    0.1170698760E-01    0.1522355125E-01    0.1907773419E-01    0.2320425231E-01    0.2708688537E-01    0.3104401683E-01    0.3502438034E-01    0.3895065736E-01    0.4276627309E-01    0.4643060899E-01    0.4991692925E-01    0.5321021291E-01    0.5630448858E-01
        0.0450342886    0.4449008027E-02    0.7102263546E-02    0.1033247346E-01    0.1410010435E-01    0.1835267105E-01    0.2302491727E-01    0.2804081052E-01    0.3267072117E-01    0.3738870268E-01    0.4214202374E-01    0.4683486885E-01    0.5139719263E-01    0.5577865678E-01    0.5994624466E-01    0.6388165702E-01    0.6757786865E-01
        0.0493075457    0.5389795868E-02    0.8607003260E-02    0.1252880416E-01    0.1711157800E-01    0.2229653228E-01    0.2800906663E-01    0.3416030949E-01    0.3971369240E-01    0.4537102839E-01    0.5108210044E-01    0.5672740323E-01    0.6221934682E-01    0.6749472797E-01    0.7251214489E-01    0.7724890504E-01    0.8169653335E-01
        0.0539862877    0.6604480799E-02    0.1055037637E-01    0.1536712897E-01    0.2100710823E-01    0.2740471599E-01    0.3447430876E-01    0.4211076201E-01    0.4883256528E-01    0.5567650992E-01    0.6260137938E-01    0.6945659646E-01    0.7613110512E-01    0.8254425193E-01    0.8864323244E-01    0.9439942878E-01    0.9980244849E-01
        0.0591089906    0.8148311441E-02    0.1302111722E-01    0.1897831559E-01    0.2596912092E-01    0.3392123011E-01    0.4273621084E-01    0.5228818566E-01    0.6045661143E-01    0.6876720870E-01    0.7719874238E-01    0.8556009388E-01    0.9370888331E-01    0.1015409044E+00    0.1089880339E+00    0.1160138588E+00    0.1226056151E+00
        0.0647177816    0.1003816118E-01    0.1604721251E-01    0.2340619821E-01    0.3206387745E-01    0.4194294796E-01    0.5293097951E-01    0.6487569729E-01    0.7475808029E-01    0.8480435352E-01    0.9503069748E-01    0.1051940128E+00    0.1151107330E+00    0.1246454800E+00    0.1337100912E+00    0.1422582527E+00    0.1502744250E+00
        0.0708587849    0.1220060223E-01    0.1951394698E-01    0.2849013635E-01    0.3908409290E-01    0.5121872100E-01    0.6476808082E-01    0.7954700912E-01    0.9131842683E-01    0.1032795459E+00    0.1155094081E+00    0.1277003685E+00    0.1396162429E+00    0.1510816499E+00    0.1619829891E+00    0.1722615872E+00    0.1818984442E+00
        0.0775825017    0.1443771462E-01    0.2311090311E-01    0.3379071678E-01    0.4645175150E-01    0.6102818801E-01    0.7738391477E-01    0.9529393042E-01    0.1089513526E+00    0.1228371009E+00    0.1371260702E+00    0.1514336512E+00    0.1654587122E+00    0.1789760422E+00    0.1918402441E+00    0.2039767741E+00    0.2153612900E+00
        0.0849442250    0.1646290072E-01    0.2639073272E-01    0.3867783140E-01    0.5334154288E-01    0.7034540479E-01    0.8954892249E-01    0.1106797761E+00    0.1260228277E+00    0.1416635147E+00    0.1579091870E+00    0.1742865762E+00    0.1904164627E+00    0.2060125179E+00    0.2208892634E+00    0.2349505231E+00    0.2481623842E+00
        0.0930044946    0.1830310908E-01    0.2940641807E-01    0.4324905676E-01    0.5991902125E-01    0.7942579381E-01    0.1016224573E+00    0.1261735584E+00    0.1430857205E+00    0.1604127675E+00    0.1786298475E+00    0.1971580093E+00    0.2155224044E+00    0.2333606861E+00    0.2504360720E+00    0.2666227106E+00    0.2818712409E+00
        0.1018295948    0.2040878237E-01    0.3288227623E-01    0.4857102242E-01    0.6765726719E-01    0.9019763750E-01    0.1160153727E+00    0.1446798426E+00    0.1633907131E+00    0.1826909794E+00    0.2032593324E+00    0.2243804134E+00    0.2454571176E+00    0.2660303552E+00    0.2857976357E+00    0.3045942693E+00    0.3223498314E+00
        0.1114920997    0.2370623774E-01    0.3829053209E-01    0.5677944946E-01    0.7945376503E-01    0.1063831552E+00    0.1373009648E+00    0.1716260533E+00    0.1928517493E+00    0.2148957459E+00    0.2386858554E+00    0.2633154559E+00    0.2880241866E+00    0.3122279606E+00    0.3355418591E+00    0.3577544484E+00    0.3787717912E+00
        0.1220714697    0.2859647941E-01    0.4627034814E-01    0.6880581787E-01    0.9656455342E-01    0.1295620429E+00    0.1673630922E+00    0.2091829247E+00    0.2336579149E+00    0.2592483496E+00    0.2871853098E+00    0.3162998464E+00    0.3456179170E+00    0.3743973158E+00    0.4021524357E+00    0.4286177535E+00    0.4536748690E+00
        0.1336547051    0.3397793665E-01    0.5510730411E-01    0.8222449025E-01    0.1157551990E+00    0.1556070298E+00    0.2011447613E+00    0.2513841726E+00    0.2792454549E+00    0.3086422695E+00    0.3411508978E+00    0.3752821129E+00    0.4098029310E+00    0.4437795109E+00    0.4766033622E+00    0.5079416929E+00    0.5376442061E+00
        0.1463370617    0.3794093097E-01    0.6185456508E-01    0.9289938635E-01    0.1315812986E+00    0.1777201118E+00    0.2305473431E+00    0.2889571146E+00    0.3199046038E+00    0.3529965667E+00    0.3901728633E+00    0.4295967822E+00    0.4697414149E+00    0.5094453611E+00    0.5479455799E+00    0.5848164094E+00    0.6198556357E+00
        0.1602228341    0.4086816371E-01    0.6716993355E-01    0.1018379466E+00    0.1454725512E+00    0.1978596846E+00    0.2581862865E+00    0.3252872676E+00    0.3596501319E+00    0.3969427855E+00    0.4395033234E+00    0.4851098913E+00    0.5318954136E+00    0.5784254137E+00    0.6237443363E+00    0.6673051257E+00    0.7088332102E+00
        0.1754262130    0.4618363988E-01    0.7640336943E-01    0.1166010796E+00    0.1673891520E+00    0.2284882350E+00    0.2990227984E+00    0.3777234946E+00    0.4166198684E+00    0.4593236925E+00    0.5086846434E+00    0.5619931978E+00    0.6169649184E+00    0.6718385576E+00    0.7254350310E+00    0.7770723306E+00    0.8264002217E+00
        0.1920722248    0.5456769787E-01    0.9058250045E-01    0.1385526464E+00    0.1990059313E+00    0.2715632448E+00    0.3552451815E+00    0.4486147678E+00    0.4928135771E+00    0.5418093737E+00    0.5991178126E+00    0.6614275718E+00    0.7259528877E+00    0.7905480728E+00    0.8537772139E+00    0.9148079889E+00    0.9732090101E+00
        0.2102977595    0.6096502864E-01    0.1019623796E+00    0.1569546949E+00    0.2265520823E+00    0.3104683314E+00    0.4077374849E+00    0.5167978927E+00    0.5670601088E+00    0.6233635051E+00    0.6899813022E+00    0.7629536631E+00    0.8389195492E+00    0.9152710023E+00    0.9902487308E+00    0.1062819361E+01    0.1132433674E+01
        0.2302526962    0.6602544764E-01    0.1116420714E+00    0.1735327283E+00    0.2526060254E+00    0.3488365120E+00    0.4613421478E+00    0.5884335599E+00    0.6462741798E+00    0.7116423364E+00    0.7897012587E+00    0.8757626132E+00    0.9657906397E+00    0.1056621127E+01    0.1146098020E+01    0.1232936250E+01    0.1316436057E+01
        0.2521011363    0.7555639588E-01    0.1283951481E+00    0.2002586589E+00    0.2923095770E+00    0.4047000406E+00    0.5365382791E+00    0.6859339261E+00    0.7521139190E+00    0.8275859178E+00    0.9186690556E+00    0.1019777116E+01    0.1126063622E+01    0.1233705187E+01    0.1340080094E+01    0.1443609128E+01    0.1543415539E+01
        0.2760227522    0.8444583109E-01    0.1445588652E+00    0.2268692793E+00    0.3330164192E+00    0.4634626369E+00    0.6173662708E+00    0.7926335804E+00    0.8690491898E+00    0.9569047328E+00    0.1063885905E+01    0.1183377922E+01    0.1309575729E+01    0.1437861516E+01    0.1565043465E+01    0.1689175492E+01    0.1809155589E+01
        0.3022142655    0.9257013328E-01    0.1601192385E+00    0.2536716166E+00    0.3755861906E+00    0.5267701408E+00    0.7064747304E+00    0.9123624970E+00    0.1001610849E+01    0.1104855026E+01    0.1231411077E+01    0.1373478808E+01    0.1524121657E+01    0.1677772614E+01    0.1830553157E+01    0.1980071155E+01    0.2124948180E+01
        0.3308910644    0.1041288002E+00    0.1812304467E+00    0.2887512832E+00    0.4298064286E+00    0.6057808267E+00    0.8160582633E+00    0.1058085057E+01    0.1161863854E+01    0.1282904100E+01    0.1432490116E+01    0.1601385889E+01    0.1781284921E+01    0.1965467105E+01    0.2149213321E+01    0.2329576778E+01    0.2504827618E+01
        0.3622889751    0.1142153599E+00    0.2010356211E+00    0.3236917188E+00    0.4863796594E+00    0.6911528914E+00    0.9375741470E+00    0.1222790351E+01    0.1345166239E+01    0.1488665651E+01    0.1666917340E+01    0.1869030390E+01    0.2085085604E+01    0.2306992389E+01    0.2529026930E+01    0.2747574654E+01    0.2960479964E+01
        0.3966662010    0.1269579063E+00    0.2254538392E+00    0.3660729823E+00    0.5542752322E+00    0.7929566829E+00    0.1081986425E+01    0.1418258962E+01    0.1562685951E+01    0.1733158229E+01    0.1946066403E+01    0.2188519355E+01    0.2448644767E+01    0.2716687655E+01    0.2985697655E+01    0.3251235476E+01    0.3510612890E+01
        0.4343054463    0.1395999638E+00    0.2509218399E+00    0.4120023649E+00    0.6299280669E+00    0.9086615891E+00    0.1248442776E+01    0.1645834011E+01    0.1817756684E+01    0.2021705360E+01    0.2277349859E+01    0.2569446221E+01    0.2883800302E+01    0.3208668801E+01    0.3535630378E+01    0.3859248350E+01    0.4176185620E+01
        0.4755162407    0.1540178356E+00    0.2801333452E+00    0.4650131087E+00    0.7177680812E+00    0.1043739874E+01    0.1443705324E+01    0.1913892307E+01    0.2119476510E+01    0.2364563730E+01    0.2672653320E+01    0.3025675912E+01    0.3406644871E+01    0.3801423860E+01    0.4199818131E+01    0.4595179335E+01    0.4983377650E+01
        0.5206374847    0.1694739635E+00    0.3123990818E+00    0.5248825544E+00    0.8185716509E+00    0.1200536676E+01    0.1672231205E+01    0.2229481486E+01    0.2476704626E+01    0.2772663450E+01    0.3145332349E+01    0.3573267192E+01    0.4036140027E+01    0.4516951213E+01    0.5003383767E+01    0.5487330117E+01    0.5963703276E+01
        0.5700402368    0.1862970908E+00    0.3484454076E+00    0.5930630914E+00    0.9349597616E+00    0.1383363499E+01    0.1940574652E+01    0.2601931633E+01    0.2900625689E+01    0.3259463272E+01    0.3711605020E+01    0.4231561305E+01    0.4795006738E+01    0.5381524621E+01    0.5976271104E+01    0.6569392844E+01    0.7154658827E+01
        0.6241307649    0.2047259274E+00    0.3889212715E+00    0.6710334534E+00    0.1069807564E+01    0.1597145744E+01    0.2256378805E+01    0.3042221283E+01    0.3404525984E+01    0.3841025720E+01    0.4390844249E+01    0.5023635697E+01    0.5710302332E+01    0.6426368176E+01    0.7154002858E+01    0.7881283287E+01    0.8600629203E+01
        0.6833538873    0.2247954097E+00    0.4343215541E+00    0.7602915813E+00    0.1226307356E+01    0.1847529990E+01    0.2628491046E+01    0.3563065941E+01    0.4003866946E+01    0.4536077397E+01    0.5205618719E+01    0.5976318122E+01    0.6813402434E+01    0.7687604420E+01    0.8577597886E+01    0.9469033488E+01    0.1035276576E+02
        0.7481966305    0.2467222400E+00    0.4853994661E+00    0.8627350873E+00    0.1408295799E+01    0.2141167425E+01    0.3067219472E+01    0.4179153400E+01    0.4716518978E+01    0.5366244347E+01    0.6181916628E+01    0.7120382642E+01    0.8140156340E+01    0.9206361909E+01    0.1029363047E+02    0.1138480722E+02    0.1246896730E+02
        0.8191922345    0.2706373340E+00    0.5428898623E+00    0.9804352512E+00    0.1620106865E+01    0.2485635951E+01    0.3584285034E+01    0.4907070570E+01    0.5562691258E+01    0.6355952011E+01    0.7348977286E+01    0.8490282136E+01    0.9730500312E+01    0.1102825970E+02    0.1235358651E+02    0.1368613474E+02    0.1501300615E+02
        0.8969245379    0.2965636997E+00    0.6075123174E+00    0.1115648556E+01    0.1866566419E+01    0.2889388266E+01    0.4192680699E+01    0.5765016582E+01    0.6564581847E+01    0.7531979307E+01    0.8738700427E+01    0.1012337501E+02    0.1162747876E+02    0.1320221408E+02    0.1481245928E+02    0.1643430795E+02    0.1805273923E+02
        0.9820327791    0.3245470155E+00    0.6800300992E+00    0.1270793234E+01    0.2152893638E+01    0.3361557707E+01    0.4906320549E+01    0.6772210355E+01    0.7745676183E+01    0.8922599921E+01    0.1038456651E+02    0.1205858039E+02    0.1387561165E+02    0.1577851313E+02    0.1772653999E+02    0.1969190199E+02    0.2165738036E+02
        1.0752168532    0.3544750529E+00    0.7610611381E+00    0.1448245800E+01    0.2484435060E+01    0.3911538102E+01    0.5739348995E+01    0.7947809924E+01    0.9129499205E+01    0.1055610980E+02    0.1231986458E+02    0.1433426163E+02    0.1651841742E+02    0.1880598299E+02    0.2115024532E+02    0.2351928522E+02    0.2589371581E+02
        1.1772430677    0.3860482306E+00    0.8509757754E+00    0.1650131143E+01    0.2866281476E+01    0.4548315644E+01    0.6705050562E+01    0.9309265461E+01    0.1073775660E+02    0.1245869858E+02    0.1457521666E+02    0.1698536831E+02    0.1959517057E+02    0.2232837983E+02    0.2513217314E+02    0.2797036672E+02    0.3082156782E+02
        1.2889504441    0.4187032372E+00    0.9497486790E+00    0.1878045240E+01    0.3302755703E+01    0.5279570893E+01    0.7814403308E+01    0.1087018407E+02    0.1258798301E+02    0.1465183558E+02    0.1717563793E+02    0.2004015765E+02    0.2313730648E+02    0.2638051593E+02    0.2971099117E+02    0.3308827955E+02    0.3648929363E+02
        1.4112576178    0.4515752997E+00    0.1056794892E+01    0.2132702804E+01    0.3796732471E+01    0.6110490213E+01    0.9074208667E+01    0.1263765702E+02    0.1469070548E+02    0.1714925105E+02    0.2013729886E+02    0.2351675719E+02    0.2716483466E+02    0.3098458083E+02    0.3491171523E+02    0.3890164762E+02    0.4293005338E+02
        1.5451703927    0.4834983609E+00    0.1170894728E+01    0.2413710879E+01    0.4349103960E+01    0.7042748656E+01    0.1048545616E+02    0.1460995641E+02    0.1704713214E+02    0.1995464494E+02    0.2346527504E+02    0.2742102447E+02    0.3168439008E+02    0.3614845462E+02    0.4074432882E+02    0.4542352990E+02    0.5016107120E+02
        1.6917900122    0.5130456815E+00    0.1290266241E+01    0.2719552399E+01    0.4958534699E+01    0.8073904138E+01    0.1204230449E+02    0.1677516652E+02    0.1964801007E+02    0.2306085385E+02    0.2715311554E+02    0.3174663466E+02    0.3668994160E+02    0.4186710311E+02    0.4720588573E+02    0.5265422187E+02    0.5818709928E+02
        1.8523222157    0.5387455179E+00    0.1412854800E+01    0.3047910518E+01    0.5621743012E+01    0.9197593873E+01    0.1373227433E+02    0.1911158389E+02    0.2247453644E+02    0.2645140598E+02    0.3118520866E+02    0.3647840946E+02    0.4216717979E+02    0.4812805831E+02    0.5428705497E+02    0.6058881519E+02    0.6700892305E+02
        2.0280871538    0.5594687561E+00    0.1537013285E+01    0.3396709850E+01    0.6334949036E+01    0.1040551868E+02    0.1553904720E+02    0.2159171482E+02    0.2550310497E+02    0.3010618307E+02    0.3554361642E+02    0.4160049944E+02    0.4810311008E+02    0.5492239527E+02    0.6198438386E+02    0.6923064779E+02    0.7663790083E+02
        2.2205302450    0.5748876735E+00    0.1662427421E+01    0.3765683537E+01    0.7096257687E+01    0.1169094217E+02    0.1744752801E+02    0.2418939318E+02    0.2871318793E+02    0.3401022215E+02    0.4021809055E+02    0.4710775721E+02    0.5449877046E+02    0.6225868551E+02    0.7031532459E+02    0.7860727666E+02    0.8711279099E+02
        2.4312340620    0.5753798050E+00    0.1768076452E+01    0.4116253404E+01    0.7841675044E+01    0.1295608427E+02    0.1931906196E+02    0.2672031405E+02    0.3193534228E+02    0.3800755677E+02    0.4506006935E+02    0.5285593660E+02    0.6121326976E+02    0.6999975621E+02    0.7914737079E+02    0.8859211216E+02    0.9831420861E+02
        2.6619313461    0.5329759750E+00    0.1787691884E+01    0.4323065292E+01    0.8365560867E+01    0.1389621014E+02    0.2073557138E+02    0.2864382273E+02    0.3468220393E+02    0.4165648396E+02    0.4965093605E+02    0.5843535283E+02    0.6783835180E+02    0.7773584792E+02    0.8806880399E+02    0.9877244985E+02    0.1098299530E+03
        2.9145192568    0.4739037190E+00    0.1771134224E+01    0.4470097145E+01    0.8794916791E+01    0.1468918076E+02    0.2193331213E+02    0.3026162443E+02    0.3730267808E+02    0.4534750484E+02    0.5442345065E+02    0.6432331242E+02    0.7489752624E+02    0.8603712747E+02    0.9769596035E+02    0.1098101784E+03    0.1223669571E+03
        3.1910749729    0.4199951919E+00    0.1766004444E+01    0.4643095844E+01    0.9263648410E+01    0.1552572010E+02    0.2316790257E+02    0.3190134375E+02    0.4017634459E+02    0.4949571205E+02    0.5982590605E+02    0.7100381606E+02    0.8291296023E+02    0.9546514081E+02    0.1086300670E+03    0.1223463900E+03    0.1366065440E+03
        3.4938727747    0.3993647899E+00    0.1848416992E+01    0.4990699031E+01    0.1001274538E+02    0.1675541853E+02    0.2491093200E+02    0.3416690472E+02    0.4390956871E+02    0.5468186930E+02    0.6642673490E+02    0.7904923927E+02    0.9247233426E+02    0.1066293230E+03    0.1215059092E+03    0.1370435561E+03    0.1532409120E+03
        3.8254027466    0.4662823518E+00    0.2178297577E+01    0.5830903389E+01    0.1155997960E+02    0.1912818362E+02    0.2816881297E+02    0.3833848029E+02    0.4936791999E+02    0.6148056191E+02    0.7464586606E+02    0.8879696808E+02    0.1038672310E+03    0.1197946169E+03    0.1365729404E+03    0.1541430389E+03    0.1725091947E+03
        4.1883912545    0.5930672631E+00    0.2686386338E+01    0.7022478094E+01    0.1366196992E+02    0.2227442501E+02    0.3242817387E+02    0.4374643963E+02    0.5582603572E+02    0.6919277608E+02    0.8380988241E+02    0.9958257448E+02    0.1164308264E+03    0.1342877864E+03    0.1531522949E+03    0.1729630318E+03    0.1937299920E+03
        4.5858233661    0.7952513635E+00    0.3407195808E+01    0.8618562948E+01    0.1638819849E+02    0.2627882784E+02    0.3778811375E+02    0.5050334726E+02    0.6342813432E+02    0.7796945417E+02    0.9407067715E+02    0.1115617927E+03    0.1303280228E+03    0.1502876614E+03    0.1714403301E+03    0.1937200293E+03    0.2171421626E+03
        5.0209673996    0.9519036563E+00    0.4021914752E+01    0.1000472385E+02    0.1875082392E+02    0.2972335588E+02    0.4235979761E+02    0.5622146049E+02    0.7045045782E+02    0.8652430251E+02    0.1043579003E+03    0.1237692672E+03    0.1446461306E+03    0.1669108720E+03    0.1905730376E+03    0.2155657104E+03    0.2419119246E+03
        5.4974018001    0.1087008202E+01    0.4594025800E+01    0.1130439616E+02    0.2095352425E+02    0.3290885041E+02    0.4655307879E+02    0.6142774674E+02    0.7729271971E+02    0.9516723497E+02    0.1149369443E+03    0.1364547899E+03    0.1596354087E+03    0.1844159751E+03    0.2108204290E+03    0.2387833873E+03    0.2683372873E+03
        6.0190445678    0.1313198915E+01    0.5409617297E+01    0.1305013280E+02    0.2383369637E+02    0.3702019073E+02    0.5192928928E+02    0.6807980501E+02    0.8530543633E+02    0.1048676867E+03    0.1265954855E+03    0.1503257611E+03    0.1759714490E+03    0.2034686416E+03    0.2328471804E+03    0.2640416387E+03    0.2970947729E+03
        6.5901854779    0.1549831274E+01    0.6257484668E+01    0.1484236804E+02    0.2675984030E+02    0.4116144303E+02    0.5730437547E+02    0.7469016236E+02    0.9345269694E+02    0.1148686056E+03    0.1387148177E+03    0.1648328392E+03    0.1931385614E+03    0.2235686749E+03    0.2561602137E+03    0.2908535343E+03    0.3277067325E+03
        7.2155213579    0.1801427437E+01    0.7146800329E+01    0.1669794187E+02    0.2975977115E+02    0.4537298458E+02    0.6273182635E+02    0.8132717021E+02    0.1017750508E+03    0.1251894376E+03    0.1513078383E+03    0.1799861844E+03    0.2111428454E+03    0.2447177753E+03    0.2807616638E+03    0.3192288730E+03    0.3601976501E+03
        7.9001947124    0.2101037438E+01    0.8157039134E+01    0.1876100034E+02    0.3305573766E+02    0.4996364363E+02    0.6861244468E+02    0.8848917470E+02    0.1105654286E+03    0.1360073493E+03    0.1645000952E+03    0.1958820701E+03    0.2300608738E+03    0.2669835265E+03    0.3067231802E+03    0.3492504561E+03    0.3946639263E+03
        8.6498360130    0.2417149078E+01    0.9207226647E+01    0.2088310995E+02    0.3641797255E+02    0.5461172851E+02    0.7452540872E+02    0.9565394878E+02    0.1194701116E+03    0.1470668441E+03    0.1780773229E+03    0.2123163794E+03    0.2496930992E+03    0.2901771963E+03    0.3338687326E+03    0.3807509355E+03    0.4309419050E+03
        9.4706100008    0.2752639481E+01    0.1030315160E+02    0.2307496891E+02    0.3986267782E+02    0.5933893546E+02    0.8049820916E+02    0.1028579889E+03    0.1284851652E+03    0.1583420911E+03    0.1919925709E+03    0.2292265382E+03    0.2699775688E+03    0.3142417262E+03    0.3621367459E+03    0.4136583597E+03    0.4689495851E+03
       10.3692663829    0.3107102764E+01    0.1144277693E+02    0.2533253553E+02    0.4338253116E+02    0.6413370525E+02    0.8651495020E+02    0.1100842972E+03    0.1375692525E+03    0.1697750319E+03    0.2061662848E+03    0.2465287517E+03    0.2908312635E+03    0.3390826706E+03    0.3914128564E+03    0.4478449506E+03    0.5085586072E+03
       11.3531953391    0.3479067927E+01    0.1262167253E+02    0.2764681259E+02    0.4696190775E+02    0.6897266616E+02    0.9254450912E+02    0.1172973353E+03    0.1466664306E+03    0.1812885341E+03    0.2205061560E+03    0.2641304834E+03    0.3121445225E+03    0.3645640258E+03    0.4215502560E+03    0.4831674661E+03    0.5496317500E+03
       12.4304882957    0.3860160420E+01    0.1381901570E+02    0.2997913362E+02    0.5053990820E+02    0.7377040494E+02    0.9847641254E+02    0.1243642396E+03    0.1556658647E+03    0.1927663185E+03    0.2348999238E+03    0.2819068986E+03    0.3337641195E+03    0.3905216011E+03    0.4523885512E+03    0.5194579456E+03    0.5919805658E+03
       13.6100044661    0.4249322769E+01    0.1503129424E+02    0.3232075156E+02    0.5410037091E+02    0.7850286120E+02    0.1042794276E+03    0.1312496447E+03    0.1645095493E+03    0.2041259466E+03    0.2492561969E+03    0.2997309222E+03    0.3555496095E+03    0.4168142584E+03    0.4837607012E+03    0.5565160214E+03    0.6353826525E+03
       14.9014437053    0.4643252118E+01    0.1624911960E+02    0.3465170532E+02    0.5760985666E+02    0.8312244082E+02    0.1098925090E+03    0.1378814962E+03    0.1731165806E+03    0.2152797879E+03    0.2634604208E+03    0.3174665031E+03    0.3773598464E+03    0.4432677239E+03    0.5154578080E+03    0.5941220273E+03    0.6796124680E+03
       16.3154262774    0.5040173244E+01    0.1746602537E+02    0.3695651213E+02    0.6104154602E+02    0.8759092677E+02    0.1152671670E+03    0.1442034985E+03    0.1814133455E+03    0.2261461976E+03    0.2773933128E+03    0.3349917458E+03    0.3990347038E+03    0.4696869044E+03    0.5472807413E+03    0.6320494669E+03    0.7244042752E+03
       17.8635801925    0.5438601685E+01    0.1867547738E+02    0.3921921498E+02    0.6436820182E+02    0.9187020733E+02    0.1203558925E+03    0.1501612257E+03    0.1893314908E+03    0.2366342588E+03    0.2909511624E+03    0.3521696393E+03    0.4204074832E+03    0.4958957586E+03    0.5790081562E+03    0.6700413448E+03    0.7694740694E+03
       19.5586368304    0.5837244650E+01    0.1987071759E+02    0.4142354129E+02    0.6756291470E+02    0.9592375049E+02    0.1251144347E+03    0.1557051235E+03    0.1968122568E+03    0.2466517898E+03    0.3040326063E+03    0.3688592094E+03    0.4413206555E+03    0.5216926354E+03    0.6104075275E+03    0.7078394646E+03    0.8145293222E+03
       21.4145356385    0.6234781071E+01    0.2104442838E+02    0.4355275404E+02    0.7059935829E+02    0.9971746406E+02    0.1295028721E+03    0.1607930761E+03    0.2037998486E+03    0.2561247363E+03    0.3165199843E+03    0.3849343659E+03    0.4616043165E+03    0.5468771490E+03    0.6412531535E+03    0.7451637884E+03    0.8592487908E+03
       23.4465387640    0.6629014156E+01    0.2218704025E+02    0.4558709046E+02    0.7344834286E+02    0.1032150711E+03    0.1334806976E+03    0.1653821726E+03    0.2102332651E+03    0.2649753457E+03    0.3283138635E+03    0.4002500978E+03    0.4810948156E+03    0.5712498879E+03    0.6712867321E+03    0.7817448688E+03    0.9033043337E+03
       25.6713565631    0.7016864821E+01    0.2328705490E+02    0.4750456877E+02    0.7607896900E+02    0.1063797322E+03    0.1370087179E+03    0.1694302031E+03    0.2160495193E+03    0.2731151278E+03    0.3393044457E+03    0.4146826798E+03    0.4996096441E+03    0.5946072463E+03    0.7002806031E+03    0.8172570343E+03    0.9463787856E+03
       28.1072850208    0.7394222629E+01    0.2433105874E+02    0.4928112188E+02    0.7845867684E+02    0.1091743371E+03    0.1400463737E+03    0.1728967813E+03    0.2211904917E+03    0.2804685278E+03    0.3493804120E+03    0.4280747533E+03    0.5170064386E+03    0.6167034578E+03    0.7279805859E+03    0.8514442587E+03    0.9880448069E+03
       30.7743562090    0.7756168694E+01    0.2530453319E+02    0.5089205699E+02    0.8055551472E+02    0.1115620916E+03    0.1425575966E+03    0.1757374161E+03    0.2256088948E+03    0.2869410424E+03    0.3584513721E+03    0.4402911232E+03    0.5330689629E+03    0.6374030392E+03    0.7540514082E+03    0.8840022997E+03    0.1028037477E+04
       33.6945030221    0.8097388270E+01    0.2619297556E+02    0.5231396903E+02    0.8233981753E+02    0.1135109957E+03    0.1445097654E+03    0.1779217977E+03    0.2292334863E+03    0.2924790358E+03    0.3663576488E+03    0.4512453145E+03    0.5476118663E+03    0.6564123912E+03    0.7783975609E+03    0.9144502807E+03    0.1065999846E+04
       36.8917395444    0.8412615439E+01    0.2698292501E+02    0.5352604282E+02    0.8378668137E+02    0.1149967412E+03    0.1458753334E+03    0.1794325217E+03    0.2320208207E+03    0.2969994458E+03    0.3730767955E+03    0.4606809774E+03    0.5606177919E+03    0.6734583971E+03    0.8006281046E+03    0.9428003386E+03    0.1101236268E+04
       40.3923585315    0.8696984908E+01    0.2766271730E+02    0.5451147160E+02    0.8487842709E+02    0.1159977480E+03    0.1466517572E+03    0.1802276888E+03    0.2339836851E+03    0.3003943971E+03    0.3785283006E+03    0.4686056312E+03    0.5716701414E+03    0.6886772013E+03    0.8203385057E+03    0.9685292897E+03    0.1133959809E+04
       44.2251476316    0.8946235403E+01    0.2822299075E+02    0.5525822570E+02    0.8560096110E+02    0.1165117793E+03    0.1468166356E+03    0.1803447776E+03    0.2350054425E+03    0.3027849879E+03    0.3824626742E+03    0.4750204370E+03    0.5808048303E+03    0.7014228466E+03    0.8379159487E+03    0.9910620732E+03    0.1163439700E+04
       48.4216261230    0.9156794946E+01    0.2865656703E+02    0.5575757133E+02    0.8595133647E+02    0.1165361448E+03    0.1463754250E+03    0.1797787899E+03    0.2351451621E+03    0.3039621582E+03    0.3851892968E+03    0.4794160329E+03    0.5881958514E+03    0.7117551903E+03    0.8523899404E+03    0.1011144375E+04    0.1188927725E+04
       53.0163041156    0.9325855376E+01    0.2895857396E+02    0.5600702742E+02    0.8593184485E+02    0.1160589010E+03    0.1453971243E+03    0.1784504038E+03    0.2345121811E+03    0.3039125489E+03    0.3864300460E+03    0.4823601775E+03    0.5929551191E+03    0.7200974198E+03    0.8638882393E+03    0.1027328450E+04    0.1211657061E+04
       58.0469663481    0.9451409768E+01    0.2912688212E+02    0.5600683313E+02    0.8553572740E+02    0.1151419199E+03    0.1437942808E+03    0.1765954915E+03    0.2327871885E+03    0.3030291919E+03    0.3859626499E+03    0.4835509137E+03    0.5959835069E+03    0.7250674206E+03    0.8731339484E+03    0.1039920671E+04    0.1229466700E+04
       63.5549829136    0.9532224793E+01    0.2916074987E+02    0.5575759670E+02    0.8479928833E+02    0.1137611704E+03    0.1416749407E+03    0.1740655950E+03    0.2303984060E+03    0.3006630207E+03    0.3846242224E+03    0.4824301600E+03    0.5969500801E+03    0.7280260403E+03    0.8780842494E+03    0.1049982919E+04    0.1243066563E+04
       69.5856494710    0.9568004688E+01    0.2906304725E+02    0.5527826475E+02    0.8372703697E+02    0.1119106537E+03    0.1391665661E+03    0.1708093550E+03    0.2272904418E+03    0.2973682593E+03    0.3813904386E+03    0.4804219838E+03    0.5948866720E+03    0.7285463188E+03    0.8807941773E+03    0.1054591066E+04    0.1253755280E+04
       76.1885597370    0.9559111344E+01    0.2883875692E+02    0.5456982535E+02    0.8230050406E+02    0.1097806161E+03    0.1359874981E+03    0.1673532646E+03    0.2229959844E+03    0.2933712402E+03    0.3768520246E+03    0.4760292470E+03    0.5919892183E+03    0.7251888978E+03    0.8805242574E+03    0.1056872173E+04    0.1257622289E+04
       83.4180133251    0.9506567304E+01    0.2848968689E+02    0.5363884336E+02    0.8064969494E+02    0.1071836997E+03    0.1325854958E+03    0.1630731212E+03    0.2185988624E+03    0.2876574940E+03    0.3716703874E+03    0.4698822925E+03    0.5860557265E+03    0.7211489071E+03    0.8754875598E+03    0.1055324196E+04    0.1259260835E+04
       91.3334622825    0.9412678944E+01    0.2803130979E+02    0.5254692595E+02    0.7869438559E+02    0.1042573297E+03    0.1288584541E+03    0.1584206792E+03    0.2132022368E+03    0.2818823111E+03    0.3641743618E+03    0.4632343806E+03    0.5779363371E+03    0.7131671115E+03    0.8699837594E+03    0.1048180663E+04    0.1255772946E+04
      100.0000000000    0.9278934092E+01    0.2746938841E+02    0.5124741643E+02    0.7645210646E+02    0.1012548481E+03    0.1244687128E+03    0.1537659904E+03    0.2070146456E+03    0.2749312753E+03    0.3566490277E+03    0.4535186916E+03    0.5694444569E+03    0.7027130215E+03    0.8593161742E+03    0.1040800882E+04    0.1246065038E+04
