               #####        0.2000000000        0.2533333333        0.3066666667        0.3600000000        0.4133333333        0.4666666667        0.5200000000        0.5733333333        0.6266666667        0.6800000000        0.7333333333        0.7866666667        0.8400000000        0.8933333333        0.9466666667        1.0000000000
        0.0010000000    0.1513211550E-07    0.2412392885E-07    0.3501352596E-07    0.4761594451E-07    0.6169479657E-07    0.7697152797E-07    0.9314175896E-07    0.1098938139E-06    0.1269280644E-06    0.1439722477E-06    0.1607927305E-06    0.1771995012E-06    0.1930469669E-06    0.2082315126E-06    0.2226859781E-06    0.2363735165E-06
        0.0010948890    0.2156431301E-07    0.3437827769E-07    0.4989672051E-07    0.6785603028E-07    0.8791936321E-07    0.1096897601E-06    0.1327334575E-06    0.1566062944E-06    0.1808812782E-06    0.2051704153E-06    0.2291407619E-06    0.2525215379E-06    0.2751052635E-06    0.2967442802E-06    0.3173428801E-06    0.3368485540E-06
        0.0011987818    0.3071575093E-07    0.4896770351E-07    0.7107186551E-07    0.9665271029E-07    0.1252304860E-06    0.1562397721E-06    0.1890627230E-06    0.2230666825E-06    0.2576434494E-06    0.2922403730E-06    0.3263832145E-06    0.3596862803E-06    0.3918540404E-06    0.4226761735E-06    0.4520163555E-06    0.4797997939E-06
        0.0013125330    0.4372666970E-07    0.6971000754E-07    0.1011773298E-06    0.1375939673E-06    0.1782770163E-06    0.2224215494E-06    0.2691480034E-06    0.3175557302E-06    0.3667788963E-06    0.4160307517E-06    0.4646361733E-06    0.5120460906E-06    0.5578397897E-06    0.6017178592E-06    0.6434862301E-06    0.6830384291E-06
        0.0014370779    0.6221392542E-07    0.9918282626E-07    0.1439543147E-06    0.1957675487E-06    0.2536510073E-06    0.3164594469E-06    0.3829414271E-06    0.4518155061E-06    0.5218497771E-06    0.5919248564E-06    0.6610801834E-06    0.7285345442E-06    0.7936893505E-06    0.8561186031E-06    0.9155461832E-06    0.9718206032E-06
        0.0015734408    0.8845556544E-07    0.1410178888E-06    0.2046739440E-06    0.2783417723E-06    0.3606402443E-06    0.4499410570E-06    0.5444649075E-06    0.6423898326E-06    0.7419643001E-06    0.8415967694E-06    0.9399215153E-06    0.1035827809E-05    0.1128464578E-05    0.1217226141E-05    0.1301719914E-05    0.1381730515E-05
        0.0017227429    0.1256776829E-06    0.2003583315E-06    0.2908010179E-06    0.3954681743E-06    0.5123977763E-06    0.6392763333E-06    0.7735757967E-06    0.9127074983E-06    0.1054182842E-05    0.1195740559E-05    0.1335440221E-05    0.1471703701E-05    0.1603321796E-05    0.1729433954E-05    0.1849482397E-05    0.1963161114E-05
        0.0018862122    0.1784203833E-06    0.2844421388E-06    0.4128408318E-06    0.5614331042E-06    0.7274339960E-06    0.9075591281E-06    0.1098219490E-05    0.1295739999E-05    0.1496587645E-05    0.1697552167E-05    0.1895878795E-05    0.2089327109E-05    0.2276180444E-05    0.2455217107E-05    0.2625645247E-05    0.2787030438E-05
        0.0020651929    0.2530714419E-06    0.4034529242E-06    0.5855740207E-06    0.7963369969E-06    0.1031792410E-05    0.1287281707E-05    0.1557714198E-05    0.1837877079E-05    0.2122759074E-05    0.2407806720E-05    0.2689112638E-05    0.2963499007E-05    0.3228530908E-05    0.3482475500E-05    0.3724209633E-05    0.3953117135E-05
        0.0022611570    0.3585866204E-06    0.5716682994E-06    0.8297233348E-06    0.1128361021E-05    0.1461986440E-05    0.1823998735E-05    0.2207184641E-05    0.2604157827E-05    0.3007817525E-05    0.3411711712E-05    0.3810303842E-05    0.4199091121E-05    0.4574623421E-05    0.4934445426E-05    0.5276965725E-05    0.5601311271E-05
        0.0024757158    0.5075355910E-06    0.8091273454E-06    0.1174373862E-05    0.1597058328E-05    0.2069263761E-05    0.2581647489E-05    0.3123999906E-05    0.3685866369E-05    0.4257196434E-05    0.4828857966E-05    0.5393014608E-05    0.5943293176E-05    0.6474810433E-05    0.6984091206E-05    0.7468883090E-05    0.7927950448E-05
        0.0027106339    0.7174839239E-06    0.1143833870E-05    0.1660170922E-05    0.2257702839E-05    0.2925240801E-05    0.3649577498E-05    0.4416279803E-05    0.5210568050E-05    0.6018234007E-05    0.6826367767E-05    0.7623891272E-05    0.8401794940E-05    0.9153175526E-05    0.9873120358E-05    0.1055844537E-04    0.1120740390E-04
        0.0029678432    0.1012847097E-05    0.1614712211E-05    0.2343610264E-05    0.3187123388E-05    0.4129461745E-05    0.5151981153E-05    0.6234306547E-05    0.7355573418E-05    0.8495723970E-05    0.9636533470E-05    0.1076236324E-04    0.1186049467E-04    0.1292118270E-04    0.1393749238E-04    0.1490492901E-04    0.1582102707E-04
        0.0032494587    0.1427759513E-05    0.2276181248E-05    0.3303677012E-05    0.4492731883E-05    0.5821095803E-05    0.7262487207E-05    0.8788183849E-05    0.1036877309E-04    0.1197597956E-04    0.1358411228E-04    0.1517112589E-04    0.1671909145E-04    0.1821427186E-04    0.1964689142E-04    0.2101061448E-04    0.2230196584E-04
        0.0035577965    0.2009313892E-05    0.3203318983E-05    0.4649341909E-05    0.6322717102E-05    0.8192144598E-05    0.1022063816E-04    0.1236777548E-04    0.1459216187E-04    0.1685400323E-04    0.1911714330E-04    0.2135055667E-04    0.2352901131E-04    0.2563317475E-04    0.2764928980E-04    0.2956844066E-04    0.3138573724E-04
        0.0038953921    0.2822823221E-05    0.4500251677E-05    0.6531737902E-05    0.8882603084E-05    0.1150889567E-04    0.1435865536E-04    0.1737509247E-04    0.2050004995E-04    0.2367761947E-04    0.2685700467E-04    0.2999461796E-04    0.3305501115E-04    0.3601102472E-04    0.3884333221E-04    0.4153940899E-04    0.4409238628E-04
        0.0042650218    0.3958046080E-05    0.6310079090E-05    0.9158566579E-05    0.1245483941E-04    0.1613730381E-04    0.2013310399E-04    0.2436260905E-04    0.2874426842E-04    0.3319968486E-04    0.3765763109E-04    0.4205698864E-04    0.4634805269E-04    0.5049274145E-04    0.5446395725E-04    0.5824414024E-04    0.6182366137E-04
        0.0046697254    0.5538014472E-05    0.8828949104E-05    0.1281452759E-04    0.1742658140E-04    0.2257898298E-04    0.2816979526E-04    0.3408759553E-04    0.4021827106E-04    0.4645212153E-04    0.5268948231E-04    0.5884483473E-04    0.6484863134E-04    0.7064758929E-04    0.7620379604E-04    0.8149268531E-04    0.8650078808E-04
        0.0051128308    0.7730725598E-05    0.1232469875E-04    0.1788837666E-04    0.2432648329E-04    0.3151887470E-04    0.3932325469E-04    0.4758407566E-04    0.5614202787E-04    0.6484396146E-04    0.7355074209E-04    0.8214298558E-04    0.9052360542E-04    0.9861822279E-04    0.1063739178E-03    0.1137564028E-03    0.1207468830E-03
        0.0055979820    0.1076452667E-04    0.1716138383E-04    0.2490853165E-04    0.3387311391E-04    0.4388797288E-04    0.5475497266E-04    0.6625750880E-04    0.7817372616E-04    0.9029034741E-04    0.1024136218E-03    0.1143773051E-03    0.1260462062E-03    0.1373167591E-03    0.1481152829E-03    0.1583940445E-03    0.1681268854E-03
        0.0061291687    0.1494739175E-04    0.2383001479E-04    0.3458768870E-04    0.4703562165E-04    0.6094191594E-04    0.7603144678E-04    0.9200341620E-04    0.1085497143E-03    0.1253741432E-03    0.1422076373E-03    0.1588193366E-03    0.1750215100E-03    0.1906703507E-03    0.2056635589E-03    0.2199348719E-03    0.2334479888E-03
        0.0067107592    0.2069492430E-04    0.3299320610E-04    0.4788763573E-04    0.6512186059E-04    0.8437515274E-04    0.1052665990E-03    0.1273796946E-03    0.1502877751E-03    0.1735806698E-03    0.1968858047E-03    0.2198835202E-03    0.2423138861E-03    0.2639778049E-03    0.2847336626E-03    0.3044897500E-03    0.3231958482E-03
        0.0073475362    0.2855856678E-04    0.4553015930E-04    0.6608455567E-04    0.8986717351E-04    0.1164359490E-03    0.1452652292E-03    0.1757801673E-03    0.2073918358E-03    0.2395340689E-03    0.2716926374E-03    0.3034263655E-03    0.3343765324E-03    0.3642683979E-03    0.3929065772E-03    0.4201645724E-03    0.4459731540E-03
        0.0080447363    0.3927126376E-04    0.6260947713E-04    0.9087473199E-04    0.1235781042E-03    0.1601125460E-03    0.1997552167E-03    0.2417154995E-03    0.2851833106E-03    0.3293798676E-03    0.3735978987E-03    0.4172306455E-03    0.4597847880E-03    0.5008825467E-03    0.5402553167E-03    0.5777292540E-03    0.6132092879E-03
        0.0088080930    0.5379183869E-04    0.8575993615E-04    0.1244773036E-03    0.1692720745E-03    0.2193140623E-03    0.2736131291E-03    0.3310860872E-03    0.3906229069E-03    0.4511564349E-03    0.5117176257E-03    0.5714752124E-03    0.6297534041E-03    0.6860347746E-03    0.7399515286E-03    0.7912657303E-03    0.8398473831E-03
        0.0096438838    0.7337037579E-04    0.1169747604E-03    0.1697856628E-03    0.2308831765E-03    0.2991370113E-03    0.3731965849E-03    0.4515840467E-03    0.5327846342E-03    0.6153420674E-03    0.6979341474E-03    0.7794267772E-03    0.8588980888E-03    0.9356423985E-03    0.1009158271E-02    0.1079121500E-02    0.1145355175E-02
        0.0105589819    0.9960668521E-04    0.1588048895E-03    0.2305029079E-03    0.3134462257E-03    0.4061035788E-03    0.5066412901E-03    0.6130523275E-03    0.7232790407E-03    0.8353431725E-03    0.9474489430E-03    0.1058056243E-02    0.1165913372E-02    0.1270062432E-02    0.1369823080E-02    0.1464755761E-02    0.1554621006E-02
        0.0115609128    0.1345330053E-03    0.2144909290E-03    0.3113335032E-03    0.4233571962E-03    0.5484987900E-03    0.6842813498E-03    0.8279928565E-03    0.9768520674E-03    0.1128184963E-02    0.1279564747E-02    0.1428910470E-02    0.1574531226E-02    0.1715133468E-02    0.1849798997E-02    0.1977935147E-02    0.2099219702E-02
        0.0126579159    0.1806663395E-03    0.2880467198E-03    0.4181047498E-03    0.5685380333E-03    0.7365835306E-03    0.9189143616E-03    0.1111886408E-02    0.1311761152E-02    0.1514944046E-02    0.1718173821E-02    0.1918654569E-02    0.2114115036E-02    0.2302818520E-02    0.2483533180E-02    0.2655464881E-02    0.2818183019E-02
        0.0138590124    0.2411054421E-03    0.3844141620E-03    0.5579917773E-03    0.7587420549E-03    0.9829894452E-03    0.1226293040E-02    0.1483786069E-02    0.1750473388E-02    0.2021551932E-02    0.2292665568E-02    0.2560080761E-02    0.2820765633E-02    0.3072403264E-02    0.3313351850E-02    0.3542554631E-02    0.3759440576E-02
        0.0151740797    0.3195175807E-03    0.5094424155E-03    0.7394877747E-03    0.1005512653E-02    0.1302664243E-02    0.1625055402E-02    0.1966230622E-02    0.2319560278E-02    0.2678669205E-02    0.3037778140E-02    0.3391935548E-02    0.3737122270E-02    0.4070269291E-02    0.4389204559E-02    0.4692532854E-02    0.4979503615E-02
        0.0166139325    0.4201556491E-03    0.6699155673E-03    0.9724446591E-03    0.1322237217E-02    0.1712939509E-02    0.2136806621E-02    0.2585339871E-02    0.3049805044E-02    0.3521802380E-02    0.3993721761E-02    0.4459045991E-02    0.4912488164E-02    0.5350015239E-02    0.5768777448E-02    0.6166949030E-02    0.6543553482E-02
        0.0181904113    0.5477861985E-03    0.8734384152E-03    0.1267907989E-02    0.1723920544E-02    0.2233233981E-02    0.2785744604E-02    0.3370355930E-02    0.3975653652E-02    0.4590659295E-02    0.5205433982E-02    0.5811471271E-02    0.6401875800E-02    0.6971394310E-02    0.7516322456E-02    0.8034294989E-02    0.8524056324E-02
        0.0199164806    0.7074525528E-03    0.1128059618E-02    0.1637571124E-02    0.2226439865E-02    0.2884084163E-02    0.3597445040E-02    0.4352165746E-02    0.5133461657E-02    0.5927110725E-02    0.6720250243E-02    0.7501879933E-02    0.8263091769E-02    0.8997110403E-02    0.9699170834E-02    0.1036624379E-01    0.1099673679E-01
        0.0218063349    0.9042713106E-03    0.1441948523E-02    0.2093308007E-02    0.2845906078E-02    0.3686311371E-02    0.4597815180E-02    0.5562026057E-02    0.6559977642E-02    0.7573422294E-02    0.8585877400E-02    0.9583261303E-02    0.1055418535E-01    0.1149000592E-01    0.1238466468E-01    0.1323433154E-01    0.1403701837E-01
        0.0238755154    0.1143162118E-02    0.1822966685E-02    0.2646554948E-02    0.3597820112E-02    0.4659923808E-02    0.5811717982E-02    0.7029891176E-02    0.8290360380E-02    0.9569950634E-02    0.1084776294E-01    0.1210596628E-01    0.1333016345E-01    0.1450945705E-01    0.1563624188E-01    0.1670574388E-01    0.1771552494E-01
        0.0261410384    0.1428338034E-02    0.2277860089E-02    0.3307146066E-02    0.4495490036E-02    0.5822065985E-02    0.7260415403E-02    0.8781322891E-02    0.1035453774E-01    0.1195094250E-01    0.1354433472E-01    0.1511239646E-01    0.1663714506E-01    0.1810501536E-01    0.1950659117E-01    0.2083601356E-01    0.2209035186E-01
        0.0286215345    0.1763907141E-02    0.2813224959E-02    0.4084726332E-02    0.5551953130E-02    0.7189508689E-02    0.8964676626E-02    0.1084125717E-01    0.1278165911E-01    0.1474968719E-01    0.1671285762E-01    0.1864356155E-01    0.2051960988E-01    0.2232433383E-01    0.2404623864E-01    0.2567824878E-01    0.2721691577E-01
        0.0313374022    0.2153929612E-02    0.3435610550E-02    0.4988921099E-02    0.6780215148E-02    0.8778970419E-02    0.1094519895E-01    0.1323454588E-01    0.1560077964E-01    0.1799936407E-01    0.2039046631E-01    0.2274032053E-01    0.2502187182E-01    0.2721489626E-01    0.2930555580E-01    0.3128544013E-01    0.3315057792E-01
        0.0343109759    0.2605151927E-02    0.4155891053E-02    0.6035703067E-02    0.8201903572E-02    0.1061831984E-01    0.1323657840E-01    0.1600286568E-01    0.1886082207E-01    0.2175611809E-01    0.2464036989E-01    0.2747269316E-01    0.3022044360E-01    0.3285935683E-01    0.3537297704E-01    0.3775144539E-01    0.3999027582E-01
        0.0375667089    0.3129229116E-02    0.4992826747E-02    0.7252591445E-02    0.9854326448E-02    0.1275570261E-01    0.1589868218E-01    0.1921847935E-01    0.2264682723E-01    0.2611785627E-01    0.2957321689E-01    0.3296378655E-01    0.3625049224E-01    0.3940446941E-01    0.4240632932E-01    0.4524463061E-01    0.4791437509E-01
        0.0411313750    0.3751068577E-02    0.5986369791E-02    0.8697964352E-02    0.1181661832E-01    0.1529324191E-01    0.1905847086E-01    0.2303458026E-01    0.2713904076E-01    0.3129212501E-01    0.3542366841E-01    0.3947485103E-01    0.4339906988E-01    0.4716211493E-01    0.5074122951E-01    0.5412318214E-01    0.5730242861E-01
        0.0450342886    0.4505241555E-02    0.7191974829E-02    0.1045285201E-01    0.1419851884E-01    0.1837240624E-01    0.2289165103E-01    0.2766302576E-01    0.3258660484E-01    0.3756570849E-01    0.4251592092E-01    0.4736679892E-01    0.5206273453E-01    0.5656314987E-01    0.6084129581E-01    0.6488181924E-01    0.6867852876E-01
        0.0493075457    0.5451442014E-02    0.8705191074E-02    0.1265651659E-01    0.1718826785E-01    0.2223533967E-01    0.2769825362E-01    0.3346465229E-01    0.3941274347E-01    0.4542448160E-01    0.5139775254E-01    0.5724775195E-01    0.6290774466E-01    0.6832929267E-01    0.7348072627E-01    0.7834406724E-01    0.8291231616E-01
        0.0539862877    0.6669234115E-02    0.1065324749E-01    0.1549414891E-01    0.2103536415E-01    0.2720178017E-01    0.3387293418E-01    0.4091232406E-01    0.4817002207E-01    0.5550042217E-01    0.6277892472E-01    0.6990255992E-01    0.7679051405E-01    0.8338443488E-01    0.8964649506E-01    0.9555547645E-01    0.1011034584E+00
        0.0591089906    0.8214544375E-02    0.1312586517E-01    0.1909678224E-01    0.2591486190E-01    0.3349389361E-01    0.4168755880E-01    0.5032958763E-01    0.5923437622E-01    0.6822116442E-01    0.7713711105E-01    0.8585650744E-01    0.9428092862E-01    0.1023397253E+00    0.1099875859E+00    0.1171995158E+00    0.1239667552E+00
        0.0647177816    0.1010381746E-01    0.1615020550E-01    0.2350534203E-01    0.3187900991E-01    0.4117452691E-01    0.5121570207E-01    0.6180154884E-01    0.7270278361E-01    0.8369502916E-01    0.9459095236E-01    0.1052371767E+00    0.1155139490E+00    0.1253359953E+00    0.1346494281E+00    0.1434252446E+00    0.1516542355E+00
        0.0708587849    0.1225460881E-01    0.1959706753E-01    0.2853626402E-01    0.3867797126E-01    0.4992023303E-01    0.6205693997E-01    0.7485084950E-01    0.8802242951E-01    0.1012957392E+00    0.1144433648E+00    0.1272799558E+00    0.1396613293E+00    0.1514858534E+00    0.1626904317E+00    0.1732420508E+00    0.1831314400E+00
        0.0775825017    0.1443178948E-01    0.2309696833E-01    0.3366323216E-01    0.4560628979E-01    0.5883311943E-01    0.7311635008E-01    0.8818801877E-01    0.1037157241E+00    0.1193664843E+00    0.1348694431E+00    0.1500047671E+00    0.1646019956E+00    0.1785420010E+00    0.1917517379E+00    0.2041934810E+00    0.2158571885E+00
        0.0849442250    0.1638208305E-01    0.2625524961E-01    0.3833043948E-01    0.5193028094E-01    0.6699591091E-01    0.8329703398E-01    0.1005468328E+00    0.1183600810E+00    0.1363430200E+00    0.1541798087E+00    0.1716149094E+00    0.1884500834E+00    0.2045468714E+00    0.2198200051E+00    0.2342243430E+00    0.2477462147E+00
        0.0930044946    0.1815380715E-01    0.2915833751E-01    0.4268025808E-01    0.5785956681E-01    0.7470287940E-01    0.9299652682E-01    0.1124436941E+00    0.1326012609E+00    0.1530076415E+00    0.1732990073E+00    0.1931815864E+00    0.2124260609E+00    0.2308706238E+00    0.2484133179E+00    0.2649969746E+00    0.2805999733E+00
        0.1018295948    0.2023673355E-01    0.3259170272E-01    0.4785920564E-01    0.6493544459E-01    0.8392227876E-01    0.1046311277E+00    0.1267504145E+00    0.1497613519E+00    0.1731195704E+00    0.1964060223E+00    0.2192828725E+00    0.2414836379E+00    0.2628172612E+00    0.2831598293E+00    0.3024376864E+00    0.3206178382E+00
        0.1114920997    0.2351992524E-01    0.3796706955E-01    0.5590037868E-01    0.7583887673E-01    0.9800420690E-01    0.1222224463E+00    0.1481447176E+00    0.1751433724E+00    0.2025666445E+00    0.2299284307E+00    0.2568383397E+00    0.2829857663E+00    0.3081456423E+00    0.3321695974E+00    0.3549667160E+00    0.3764933285E+00
        0.1220714697    0.2836232941E-01    0.4585541746E-01    0.6762069807E-01    0.9159633644E-01    0.1181606970E+00    0.1471455925E+00    0.1781450426E+00    0.2103902690E+00    0.2430980411E+00    0.2757042404E+00    0.3077580123E+00    0.3388987435E+00    0.3688644541E+00    0.3974821488E+00    0.4246452415E+00    0.4503022484E+00
        0.1336547051    0.3358829951E-01    0.5442554133E-01    0.8042819948E-01    0.1087758207E+00    0.1400851598E+00    0.1742282971E+00    0.2107582991E+00    0.2487587648E+00    0.2873041516E+00    0.3257440301E+00    0.3635565298E+00    0.4003197714E+00    0.4357249688E+00    0.4695665007E+00    0.5017156939E+00    0.5321083472E+00
        0.1463370617    0.3735522725E-01    0.6083632890E-01    0.9035642593E-01    0.1222803553E+00    0.1575938440E+00    0.1962940240E+00    0.2379428937E+00    0.2814908925E+00    0.3258638300E+00    0.3703076202E+00    0.4142042366E+00    0.4570421757E+00    0.4984378811E+00    0.5381274831E+00    0.5759377090E+00    0.6117726296E+00
        0.1602228341    0.4013737275E-01    0.6588601685E-01    0.9860654414E-01    0.1337815054E+00    0.1729102158E+00    0.2161904763E+00    0.2632225125E+00    0.3128127328E+00    0.3637084933E+00    0.4150176138E+00    0.4659887527E+00    0.5159842290E+00    0.5645128126E+00    0.6112244688E+00    0.6558784365E+00    0.6983290658E+00
        0.1754262130    0.4545397164E-01    0.7506173536E-01    0.1128584428E+00    0.1530510539E+00    0.1978300443E+00    0.2476193129E+00    0.3020313407E+00    0.3596650210E+00    0.4190356509E+00    0.4790874741E+00    0.5389219396E+00    0.5977679523E+00    0.6550250664E+00    0.7102593371E+00    0.7631663963E+00    0.8135556365E+00
        0.1920722248    0.5364255844E-01    0.8885381814E-01    0.1336910448E+00    0.1806246360E+00    0.2327898635E+00    0.2908732709E+00    0.3544807804E+00    0.4219490051E+00    0.4915227424E+00    0.5619760619E+00    0.6322650835E+00    0.7014889120E+00    0.7689424688E+00    0.8341122593E+00    0.8966332354E+00    0.9562716265E+00
        0.2102977595    0.5973039110E-01    0.9965401172E-01    0.1506624055E+00    0.2035971984E+00    0.2627497260E+00    0.3291450753E+00    0.4024081545E+00    0.4805909375E+00    0.5616170627E+00    0.6440310433E+00    0.7265782099E+00    0.8081620309E+00    0.8879125145E+00    0.9651848707E+00    0.1039510697E+01    0.1110579316E+01
        0.2302526962    0.6465973286E-01    0.1090004130E+00    0.1660792317E+00    0.2251631849E+00    0.2918670436E+00    0.3675999191E+00    0.4520056195E+00    0.5427940849E+00    0.6374858924E+00    0.7343185773E+00    0.8317520834E+00    0.9284260542E+00    0.1023248273E+01    0.1115397170E+01    0.1204265943E+01    0.1289441110E+01
        0.2521011363    0.7407271930E-01    0.1253840643E+00    0.1913475694E+00    0.2590062543E+00    0.3356425471E+00    0.4231140703E+00    0.5211010623E+00    0.6269352128E+00    0.7377149636E+00    0.8513881297E+00    0.9661444403E+00    0.1080364880E+01    0.1192732893E+01    0.1302242553E+01    0.1408136851E+01    0.1509885856E+01
        0.2760227522    0.8260536594E-01    0.1407814414E+00    0.2158565090E+00    0.2926008238E+00    0.3801601216E+00    0.4809265234E+00    0.5946430638E+00    0.7182025678E+00    0.8481861724E+00    0.9821623307E+00    0.1117960190E+01    0.1253615552E+01    0.1387511823E+01    0.1518396096E+01    0.1645310811E+01    0.1767570495E+01
        0.3022142655    0.9059543581E-01    0.1558532708E+00    0.2407761824E+00    0.3277057648E+00    0.4278486269E+00    0.5442179182E+00    0.6766307738E+00    0.8214500054E+00    0.9746181213E+00    0.1133222034E+01    0.1294634325E+01    0.1456457049E+01    0.1616697858E+01    0.1773794772E+01    0.1926539553E+01    0.2074051653E+01
        0.3308910644    0.1019159910E+00    0.1762436342E+00    0.2733675122E+00    0.3725203688E+00    0.4874762651E+00    0.6220842485E+00    0.7763483005E+00    0.9460863337E+00    0.1126554476E+01    0.1314319569E+01    0.1506237761E+01    0.1699400457E+01    0.1891359268E+01    0.2080167068E+01    0.2264296674E+01    0.2442613918E+01
        0.3622889751    0.1117692664E+00    0.1952792505E+00    0.3055787497E+00    0.4185983876E+00    0.5509035482E+00    0.7072896143E+00    0.8879451416E+00    0.1087997610E+01    0.1301832787E+01    0.1525345410E+01    0.1754736268E+01    0.1986459728E+01    0.2217503498E+01    0.2445446118E+01    0.2668368925E+01    0.2884825799E+01
        0.3966662010    0.1242931962E+00    0.2188533205E+00    0.3447725208E+00    0.4739931743E+00    0.6265409814E+00    0.8084704261E+00    0.1020298868E+01    0.1256408547E+01    0.1510193686E+01    0.1776761594E+01    0.2051521620E+01    0.2330144464E+01    0.2608915092E+01    0.2884814704E+01    0.3155428883E+01    0.3418913198E+01
        0.4343054463    0.1367162134E+00    0.2433990748E+00    0.3871038512E+00    0.5352933897E+00    0.7119258346E+00    0.9245378271E+00    0.1174030166E+01    0.1453888579E+01    0.1756308672E+01    0.2075435693E+01    0.2405712744E+01    0.2741854478E+01    0.3079287042E+01    0.3414258930E+01    0.3743746880E+01    0.4065414388E+01
        0.4755162407    0.1509709361E+00    0.2716572274E+00    0.4360371125E+00    0.6064011241E+00    0.8114577081E+00    0.1060611389E+01    0.1355287050E+01    0.1687935913E+01    0.2049326895E+01    0.2432434017E+01    0.2830513188E+01    0.3237101582E+01    0.3646565780E+01    0.4054248281E+01    0.4456374067E+01    0.4849996785E+01
        0.5206374847    0.1663106974E+00    0.3029283066E+00    0.4913073101E+00    0.6878397840E+00    0.9268217560E+00    0.1219922098E+01    0.1569212756E+01    0.1965919062E+01    0.2399096420E+01    0.2860291337E+01    0.3341309080E+01    0.3834249217E+01    0.4332185140E+01    0.4829352608E+01    0.5321061149E+01    0.5803619351E+01
        0.5700402368    0.1831152399E+00    0.3379993887E+00    0.5543643346E+00    0.7818724304E+00    0.1061439822E+01    0.1407485995E+01    0.1822873839E+01    0.2297365218E+01    0.2817948057E+01    0.3374422823E+01    0.3956821184E+01    0.4555491506E+01    0.5161936925E+01    0.5769051351E+01    0.6371041191E+01    0.6963315458E+01
        0.6241307649    0.2016793879E+00    0.3775902516E+00    0.6266939675E+00    0.8909934791E+00    0.1219266320E+01    0.1629253639E+01    0.2124754812E+01    0.2693758298E+01    0.3320741075E+01    0.3993362341E+01    0.4699489518E+01    0.5427349287E+01    0.6166554309E+01    0.6908389295E+01    0.7645750244E+01    0.8372976402E+01
        0.6833538873    0.2221782766E+00    0.4223734742E+00    0.7099205531E+00    0.1018109341E+01    0.1405029888E+01    0.1892396204E+01    0.2485075064E+01    0.3168875334E+01    0.3925209399E+01    0.4739110006E+01    0.5595815280E+01    0.6481001459E+01    0.7382030526E+01    0.8288283603E+01    0.9191127347E+01    0.1008365181E+02
        0.7481966305    0.2449015141E+00    0.4732458560E+00    0.8060807176E+00    0.1166790967E+01    0.1624481825E+01    0.2205569276E+01    0.2916075910E+01    0.3739091267E+01    0.4652269812E+01    0.5637426168E+01    0.6676624158E+01    0.7752505139E+01    0.8849788806E+01    0.9955641821E+01    0.1105968454E+02    0.1215357978E+02
        0.8191922345    0.2702034969E+00    0.5312985339E+00    0.9176495517E+00    0.1341381450E+01    0.1884595037E+01    0.2579195645E+01    0.3432363757E+01    0.4423748945E+01    0.5526382626E+01    0.6718149778E+01    0.7977316081E+01    0.9282958552E+01    0.1061674866E+02    0.1196332909E+02    0.1331037962E+02    0.1464797446E+02
        0.8969245379    0.2984888505E+00    0.5978182932E+00    0.1047575243E+01    0.1547073583E+01    0.2193682336E+01    0.3025603886E+01    0.4051031136E+01    0.5245215776E+01    0.6575497594E+01    0.8014994183E+01    0.9537482212E+01    0.1111792199E+02    0.1273454443E+02    0.1436918639E+02    0.1600744393E+02    0.1763767752E+02
        0.9820327791    0.3302453646E+00    0.6743608637E+00    0.1199414273E+01    0.1790110965E+01    0.2561655310E+01    0.3559312440E+01    0.4791912365E+01    0.6229048830E+01    0.7831070880E+01    0.9565370960E+01    0.1140050612E+02    0.1330678133E+02    0.1525864858E+02    0.1723491937E+02    0.1921904938E+02    0.2119761872E+02
        1.0752168532    0.3660549924E+00    0.7627905433E+00    0.1377417684E+01    0.2077918831E+01    0.3000173234E+01    0.4197138839E+01    0.5677575005E+01    0.7403790021E+01    0.9327600681E+01    0.1140962450E+02    0.1361247755E+02    0.1590133866E+02    0.1824664949E+02    0.2062407994E+02    0.2301501488E+02    0.2540426713E+02
        1.1772430677    0.4066154160E+00    0.8653404196E+00    0.1586647616E+01    0.2419261771E+01    0.3522794145E+01    0.4958261525E+01    0.6733195081E+01    0.8800569390E+01    0.1110190166E+02    0.1358995205E+02    0.1622075913E+02    0.1895404405E+02    0.2175617664E+02    0.2459971451E+02    0.2746420601E+02    0.3033280406E+02
        1.2889504441    0.4527558286E+00    0.9846804429E+00    0.1833102499E+01    0.2824390683E+01    0.4145068891E+01    0.5864152815E+01    0.7986219946E+01    0.1045242028E+02    0.1319203963E+02    0.1614896584E+02    0.1927221186E+02    0.2251593421E+02    0.2584260478E+02    0.2922187910E+02    0.3263189660E+02    0.3605435285E+02
        1.4112576178    0.5054642617E+00    0.1123980577E+01    0.2123812950E+01    0.3305117341E+01    0.4884489983E+01    0.6938273247E+01    0.9465702632E+01    0.1239320578E+02    0.1563586420E+02    0.1912789197E+02    0.2281114471E+02    0.2663442073E+02    0.3055675997E+02    0.3454532288E+02    0.3857746908E+02    0.4263371418E+02
        1.5451703927    0.5659133833E+00    0.1286985272E+01    0.2466941135E+01    0.3874853332E+01    0.5760338065E+01    0.8205593165E+01    0.1120142390E+02    0.1465635159E+02    0.1846943634E+02    0.2256481900E+02    0.2687752122E+02    0.3135157828E+02    0.3594338641E+02    0.4061819812E+02    0.4535339953E+02    0.5012863247E+02
        1.6917900122    0.6355042583E+00    0.1478111364E+01    0.2871888092E+01    0.4548609870E+01    0.6793425795E+01    0.9691970377E+01    0.1322289239E+02    0.1727356479E+02    0.2172563455E+02    0.2649338564E+02    0.3150590879E+02    0.3670349702E+02    0.4204099713E+02    0.4748245931E+02    0.5300621426E+02    0.5859129553E+02
        1.8523222157    0.7158754749E+00    0.1702472047E+01    0.3349243719E+01    0.5342734411E+01    0.8005472396E+01    0.1142310230E+02    0.1555795347E+02    0.2027329706E+02    0.2543272523E+02    0.3094170262E+02    0.3672494653E+02    0.4272042406E+02    0.4888275132E+02    0.5517548819E+02    0.6157883328E+02    0.6807135695E+02
        2.0280871538    0.8089546407E+00    0.1965960437E+01    0.3910788606E+01    0.6274671239E+01    0.9418510837E+01    0.1342361563E+02    0.1823176166E+02    0.2367989735E+02    0.2961400054E+02    0.3593271907E+02    0.4255858875E+02    0.4942893894E+02    0.5649954083E+02    0.6373403100E+02    0.7111527136E+02    0.7862133151E+02
        2.2205302450    0.9169778384E+00    0.2275250911E+01    0.4569314399E+01    0.7362452578E+01    0.1105400662E+02    0.1571596612E+02    0.2126577302E+02    0.2751305339E+02    0.3428796331E+02    0.4148532076E+02    0.4902815125E+02    0.5685487703E+02    0.6492365499E+02    0.7319846229E+02    0.8166536782E+02    0.9030171361E+02
        2.4312340620    0.1045114911E+01    0.2642955875E+01    0.5346949210E+01    0.8635449472E+01    0.1294616442E+02    0.1833682132E+02    0.2469783085E+02    0.3181197871E+02    0.3949671419E+02    0.4764678980E+02    0.5618854003E+02    0.6506292453E+02    0.7423131472E+02    0.8365788899E+02    0.9333216533E+02    0.1032304336E+03
        2.6619313461    0.1192286240E+01    0.3069299710E+01    0.6244536346E+01    0.1009356385E+02    0.1509085720E+02    0.2127524762E+02    0.2850913454E+02    0.3655117771E+02    0.4521084567E+02    0.5438710873E+02    0.6401218279E+02    0.7403041865E+02    0.8440664841E+02    0.9510472320E+02    0.1061175964E+03    0.1174202429E+03
        2.9145192568    0.1363682927E+01    0.3566749649E+01    0.7282167552E+01    0.1176091896E+02    0.1751321668E+02    0.2455580880E+02    0.3272430091E+02    0.4175779169E+02    0.5146339795E+02    0.6174843307E+02    0.7255276138E+02    0.8382410856E+02    0.9553041075E+02    0.1076345034E+03    0.1201327529E+03    0.1329988573E+03
        3.1910749729    0.1562824348E+01    0.4144125128E+01    0.8472665473E+01    0.1365072746E+02    0.2022402487E+02    0.2818605152E+02    0.3734926386E+02    0.4743951081E+02    0.5826761722E+02    0.6975255584E+02    0.8184238709E+02    0.9448733260E+02    0.1076577383E+03    0.1213149774E+03    0.1354591263E+03    0.1500630825E+03
        3.4938727747    0.1793515612E+01    0.4810245641E+01    0.9827497109E+01    0.1577341038E+02    0.2323051203E+02    0.3217032935E+02    0.4238816078E+02    0.5360418076E+02    0.6563865227E+02    0.7842403692E+02    0.9191576265E+02    0.1060651883E+03    0.1208445995E+03    0.1362141492E+03    0.1521785115E+03    0.1687106292E+03
        3.8254027466    0.2059272727E+01    0.5572535348E+01    0.1135448107E+02    0.1813406313E+02    0.2653387353E+02    0.3650726092E+02    0.4784037629E+02    0.6025595256E+02    0.7358826068E+02    0.8778312349E+02    0.1028014738E+03    0.1185947707E+03    0.1351376770E+03    0.1523902527E+03    0.1703632203E+03    0.1890304910E+03
        4.1883912545    0.2363162656E+01    0.6436491458E+01    0.1305711439E+02    0.2073218931E+02    0.3012949699E+02    0.4119019928E+02    0.5370090065E+02    0.6739505966E+02    0.8212353003E+02    0.9784341970E+02    0.1145192545E+03    0.1321028590E+03    0.1505729986E+03    0.1698913262E+03    0.1900762185E+03    0.2111032559E+03
        4.5858233661    0.2708290459E+01    0.7406570866E+01    0.1493640304E+02    0.2356460420E+02    0.3401075593E+02    0.4621165819E+02    0.5996514922E+02    0.7502258655E+02    0.9125131232E+02    0.1086165072E+03    0.1270857918E+03    0.1466134927E+03    0.1671851058E+03    0.1887653529E+03    0.2113814985E+03    0.2350112549E+03
        5.0209673996    0.3086743114E+01    0.8463269941E+01    0.1695395450E+02    0.2657978549E+02    0.3811495943E+02    0.5150000056E+02    0.6655524909E+02    0.8305565522E+02    0.1008827450E+03    0.1200072988E+03    0.1404022337E+03    0.1620279104E+03    0.1848789566E+03    0.2089237690E+03    0.2341990648E+03    0.2606851773E+03
        5.4974018001    0.3498025617E+01    0.9601431648E+01    0.1909554697E+02    0.2975873455E+02    0.4242026095E+02    0.5703348157E+02    0.7345240085E+02    0.9147810299E+02    0.1110025098E+03    0.1320024282E+03    0.1544608443E+03    0.1783474069E+03    0.2036669149E+03    0.2303911324E+03    0.2585661615E+03    0.2881759509E+03
        6.0190445678    0.3958067128E+01    0.1084928286E+02    0.2140155040E+02    0.3315060473E+02    0.4698542633E+02    0.6288476255E+02    0.8074648916E+02    0.1003955108E+03    0.1217306222E+03    0.1447391671E+03    0.1694194759E+03    0.1957516558E+03    0.2237499414E+03    0.2533886696E+03    0.2847232159E+03    0.3177437250E+03
        6.5901854779    0.4483953446E+01    0.1223688295E+02    0.2391484548E+02    0.3680595873E+02    0.5186932989E+02    0.6912581813E+02    0.8852463387E+02    0.1099078770E+03    0.1331811611E+03    0.1583498380E+03    0.1854304083E+03    0.2144118036E+03    0.2453154949E+03    0.2781185493E+03    0.3128877537E+03    0.3496246865E+03
        7.2155213579    0.5084341606E+01    0.1377626680E+02    0.2664894810E+02    0.4073808349E+02    0.5708658699E+02    0.7577713144E+02    0.9681267657E+02    0.1200447218E+03    0.1453915281E+03    0.1728831901E+03    0.2025527398E+03    0.2343940518E+03    0.2684343833E+03    0.3046582823E+03    0.3431504474E+03    0.3839292686E+03
        7.9001947124    0.5765345013E+01    0.1547383935E+02    0.2960833192E+02    0.4494865922E+02    0.6263863750E+02    0.8284400146E+02    0.1056173487E+03    0.1308150881E+03    0.1583784757E+03    0.1883639122E+03    0.2208147325E+03    0.2557268461E+03    0.2931384923E+03    0.3330517384E+03    0.3755752729E+03    0.4207449671E+03
        8.6498360130    0.6532761722E+01    0.1733517657E+02    0.3279606407E+02    0.4943714780E+02    0.6852504284E+02    0.9032907949E+02    0.1149414152E+03    0.1422261504E+03    0.1721570526E+03    0.2048106353E+03    0.2402330722E+03    0.2784282916E+03    0.3194588701E+03    0.3633496882E+03    0.4102317237E+03    0.4601567398E+03
        9.4706100008    0.7391963544E+01    0.1936491058E+02    0.3621347868E+02    0.5420048875E+02    0.7474333731E+02    0.9823159365E+02    0.1247843176E+03    0.1542838345E+03    0.1867383545E+03    0.2222318656E+03    0.2608149935E+03    0.3025172587E+03    0.3474325730E+03    0.3956019275E+03    0.4471736727E+03    0.5022204823E+03
       10.3692663829    0.8347792944E+01    0.2156656502E+02    0.3985982247E+02    0.5923288578E+02    0.8128880300E+02    0.1065468470E+03    0.1351433151E+03    0.1669921197E+03    0.2021257816E+03    0.2406260857E+03    0.2825680516E+03    0.3280176729E+03    0.3770890805E+03    0.4298337337E+03    0.4864236120E+03    0.5469659104E+03
       11.3531953391    0.9404461624E+01    0.2394234510E+02    0.4373190397E+02    0.6452569733E+02    0.8815410501E+02    0.1152663233E+03    0.1460143212E+03    0.1803507602E+03    0.2183125365E+03    0.2599898067E+03    0.3055040834E+03    0.3549436817E+03    0.4084317561E+03    0.4660455116E+03    0.5279978794E+03    0.5944335823E+03
       12.4304882957    0.1056544443E+02    0.2649289633E+02    0.4782377370E+02    0.7006742855E+02    0.9532880125E+02    0.1243784885E+03    0.1573916555E+03    0.1943518525E+03    0.2352857732E+03    0.2803241652E+03    0.3296263770E+03    0.3832846704E+03    0.4414505938E+03    0.5042476334E+03    0.5719247504E+03    0.6446584897E+03
       13.6100044661    0.1183336486E+02    0.2921705134E+02    0.5212645821E+02    0.7584380816E+02    0.1027988807E+03    0.1338698895E+03    0.1692663611E+03    0.2089782712E+03    0.2530353605E+03    0.3016264422E+03    0.3549161154E+03    0.4130215364E+03    0.4761479007E+03    0.5444495787E+03    0.6182026285E+03    0.6976310345E+03
       14.9014437053    0.1320987294E+02    0.3211158578E+02    0.5662776633E+02    0.8183791680E+02    0.1105466192E+03    0.1437258189E+03    0.1816233100E+03    0.2242086877E+03    0.2715532648E+03    0.3238748128E+03    0.3813464463E+03    0.4441466250E+03    0.5125109855E+03    0.5866196458E+03    0.6668053415E+03    0.7533462895E+03
       16.3154262774    0.1469552168E+02    0.3517100431E+02    0.6131218024E+02    0.8803030858E+02    0.1185510149E+03    0.1539299457E+03    0.1944391402E+03    0.2400251336E+03    0.2908199542E+03    0.3470336719E+03    0.4089004563E+03    0.4766337837E+03    0.5504962794E+03    0.6307315166E+03    0.7177183673E+03    0.8117878007E+03
       17.8635801925    0.1628965259E+02    0.3838737914E+02    0.6616084389E+02    0.9439905930E+02    0.1267887402E+03    0.1644627559E+03    0.2076850138E+03    0.2564104383E+03    0.3107968141E+03    0.3710772385E+03    0.4375439918E+03    0.5104334535E+03    0.5900727060E+03    0.6767516980E+03    0.7708938965E+03    0.8729007759E+03
       19.5586368304    0.1799030352E+02    0.4175026329E+02    0.7115167218E+02    0.1009197268E+03    0.1352351702E+03    0.1752990268E+03    0.2213337516E+03    0.2733348880E+03    0.3314455256E+03    0.3959731026E+03    0.4672238936E+03    0.5455058318E+03    0.6311884915E+03    0.7246110290E+03    0.8262767487E+03    0.9366449152E+03
       21.4145356385    0.1979415194E+02    0.4524669598E+02    0.7625960605E+02    0.1075653381E+03    0.1438649868E+03    0.1864061558E+03    0.2353615077E+03    0.2907517605E+03    0.3527365268E+03    0.4216619326E+03    0.4978960752E+03    0.5817906023E+03    0.6737740691E+03    0.7742613035E+03    0.8837929132E+03    0.1002930897E+04
       23.4465387640    0.2169650426E+02    0.4886130632E+02    0.8145701416E+02    0.1143066159E+03    0.1526517038E+03    0.1977484477E+03    0.2497360460E+03    0.3086201113E+03    0.3746152933E+03    0.4480962527E+03    0.5294916244E+03    0.6192202582E+03    0.7177628099E+03    0.8255978142E+03    0.9433716370E+03    0.1071675925E+04
       25.6713565631    0.2369133751E+02    0.5257651456E+02    0.8671421508E+02    0.1211124470E+03    0.1615664102E+03    0.2092941520E+03    0.2644095999E+03    0.3269029408E+03    0.3970224121E+03    0.4752104948E+03    0.5619491035E+03    0.6577064952E+03    0.7630705041E+03    0.8785520465E+03    0.1004875853E+04    0.1142796113E+04
       28.1072850208    0.2577139135E+02    0.5637283032E+02    0.9200006926E+02    0.1279507882E+03    0.1705765306E+03    0.2210126149E+03    0.2793360239E+03    0.3455378530E+03    0.4199088642E+03    0.5029307730E+03    0.5951762862E+03    0.6971894097E+03    0.8095653060E+03    0.9330208439E+03    0.1068235257E+04    0.1216090902E+04
       30.7743562090    0.2792829587E+02    0.6022923763E+02    0.9728273705E+02    0.1347902642E+03    0.1796443568E+03    0.2328673860E+03    0.2944725557E+03    0.3644734254E+03    0.4431850758E+03    0.5312012751E+03    0.6290831238E+03    0.7375362501E+03    0.8572157363E+03    0.9888018150E+03    0.1133338497E+04    0.1291511417E+04
       33.6945030221    0.3015270510E+02    0.6412361743E+02    0.1025305683E+03    0.1416006341E+03    0.1887331617E+03    0.2448089455E+03    0.3097695361E+03    0.3836444721E+03    0.4668106994E+03    0.5598835995E+03    0.6636321752E+03    0.7786189205E+03    0.9058403620E+03    0.1045928058E+04    0.1199862852E+04    0.1368945588E+04
       36.8917395444    0.3243440273E+02    0.6803308058E+02    0.1077124905E+03    0.1483535664E+03    0.1978133204E+03    0.2567887572E+03    0.3251721481E+03    0.4029713864E+03    0.4906889576E+03    0.5889514987E+03    0.6985962708E+03    0.8204751461E+03    0.9552217355E+03    0.1104153339E+04    0.1267963903E+04    0.1447880207E+04
       40.3923585315    0.3476235800E+02    0.7193420835E+02    0.1127987183E+03    0.1550231678E+03    0.2068524695E+03    0.2687820393E+03    0.3406035885E+03    0.4224393124E+03    0.5146848873E+03    0.6183253751E+03    0.7339605348E+03    0.8627287010E+03    0.1005556498E+04    0.1163119454E+04    0.1337299897E+04    0.1528681892E+04
       44.2251476316    0.3712471808E+02    0.7580330692E+02    0.1177611136E+03    0.1615803159E+03    0.2158212171E+03    0.2807225286E+03    0.3560396007E+03    0.4418818604E+03    0.5388642706E+03    0.6477085931E+03    0.7697322783E+03    0.9053659862E+03    0.1056256063E+04    0.1223274736E+04    0.1407325673E+04    0.1610841357E+04
       48.4216261230    0.3950874157E+02    0.7961625988E+02    0.1225717392E+03    0.1679984122E+03    0.2246760644E+03    0.2925546642E+03    0.3714178201E+03    0.4612757719E+03    0.5629745528E+03    0.6773303934E+03    0.8053467933E+03    0.9485697206E+03    0.1107290085E+04    0.1283726030E+04    0.1478845684E+04    0.1693616884E+04
       53.0163041156    0.4190075902E+02    0.8334863398E+02    0.1272055787E+03    0.1742499606E+03    0.2333628928E+03    0.3042904845E+03    0.3865713846E+03    0.4806591373E+03    0.5868852190E+03    0.7068753805E+03    0.8412460885E+03    0.9913904432E+03    0.1159092200E+04    0.1344460148E+04    0.1550509350E+04    0.1778291194E+04
       58.0469663481    0.4428618418E+02    0.8697609709E+02    0.1316371066E+03    0.1802961297E+03    0.2418952495E+03    0.3157689788E+03    0.4016341494E+03    0.4996213109E+03    0.6108943076E+03    0.7359638025E+03    0.8770978549E+03    0.1034543028E+04    0.1210212805E+04    0.1406205848E+04    0.1622425142E+04    0.1862820532E+04
       63.5549829136    0.4664964520E+02    0.9047343289E+02    0.1358381846E+03    0.1861372967E+03    0.2501892006E+03    0.3270058329E+03    0.4163821437E+03    0.5184401927E+03    0.6342630707E+03    0.7653011637E+03    0.9121513753E+03    0.1077673194E+04    0.1261754378E+04    0.1466850091E+04    0.1695651332E+04    0.1947640923E+04
       69.5856494710    0.4897539662E+02    0.9381728965E+02    0.1397958565E+03    0.1917391441E+03    0.2581678709E+03    0.3380398538E+03    0.4306305416E+03    0.5369801406E+03    0.6573298929E+03    0.7937738696E+03    0.9476444787E+03    0.1119586610E+04    0.1313271077E+04    0.1528096411E+04    0.1767176676E+04    0.2034060008E+04
       76.1885597370    0.5124734155E+02    0.9698530399E+02    0.1434798325E+03    0.1970335594E+03    0.2659473427E+03    0.3485068219E+03    0.4447813708E+03    0.5546218618E+03    0.6802270375E+03    0.8216932811E+03    0.9819851382E+03    0.1162214921E+04    0.1363052467E+04    0.1589205728E+04    0.1839684034E+04    0.2118018320E+04
       83.4180133251    0.5344936879E+02    0.9995208487E+02    0.1468656403E+03    0.2020910394E+03    0.2732740330E+03    0.3587196939E+03    0.4581270418E+03    0.5722629307E+03    0.7017713112E+03    0.8496036696E+03    0.1015463887E+04    0.1203261182E+04    0.1413950354E+04    0.1648036415E+04    0.1911676941E+04    0.2203587955E+04
       91.3334622825    0.5556620536E+02    0.1027049704E+03    0.1499805214E+03    0.2067923289E+03    0.2801992168E+03    0.3685007410E+03    0.4709404231E+03    0.5889278682E+03    0.7233618782E+03    0.8756250078E+03    0.1049182780E+04    0.1243163646E+04    0.1462590805E+04    0.1708484798E+04    0.1980932547E+04    0.2287854106E+04
      100.0000000000    0.5758194998E+02    0.1052225424E+03    0.1527511187E+03    0.2111030863E+03    0.2868892200E+03    0.3774117524E+03    0.4834951277E+03    0.6046147848E+03    0.7437955072E+03    0.9017306360E+03    0.1080308533E+04    0.1283548894E+04    0.1509962330E+04    0.1765685864E+04    0.2052358399E+04    0.2369159170E+04
