               #####        0.2000000000        0.2533333333        0.3066666667        0.3600000000        0.4133333333        0.4666666667        0.5200000000        0.5733333333        0.6266666667        0.6800000000        0.7333333333        0.7866666667        0.8400000000        0.8933333333        0.9466666667        1.0000000000
        0.0010000000    0.1512169438E-07    0.2410727942E-07    0.3498932184E-07    0.4758311342E-07    0.6165230142E-07    0.7691852886E-07    0.9307763272E-07    0.1098181591E-06    0.1268406919E-06    0.1438731601E-06    0.1606820961E-06    0.1770776234E-06    0.1929142533E-06    0.2080884445E-06    0.2225330838E-06    0.2362113495E-06
        0.0010948890    0.2154868577E-07    0.3435330564E-07    0.4986041129E-07    0.6780679019E-07    0.8785563543E-07    0.1096102833E-06    0.1326372961E-06    0.1564928466E-06    0.1807502618E-06    0.2050218365E-06    0.2289748755E-06    0.2523388029E-06    0.2749062950E-06    0.2965298042E-06    0.3171136935E-06    0.3366054911E-06
        0.0011987818    0.3069262772E-07    0.4893074372E-07    0.7101811487E-07    0.9657983734E-07    0.1251361840E-06    0.1561221714E-06    0.1889204374E-06    0.2228988220E-06    0.2574495989E-06    0.2920205456E-06    0.3261377931E-06    0.3594159506E-06    0.3915597205E-06    0.4223589459E-06    0.4516774078E-06    0.4794403687E-06
        0.0013125330    0.4369176371E-07    0.6965420204E-07    0.1010961564E-06    0.1374839413E-06    0.1781346525E-06    0.2222440212E-06    0.2689332161E-06    0.3173023413E-06    0.3664862834E-06    0.4156989410E-06    0.4642657510E-06    0.5116381022E-06    0.5573956324E-06    0.6012391796E-06    0.6429748329E-06    0.6824962018E-06
        0.0014370779    0.6216251392E-07    0.9910060696E-07    0.1438346886E-06    0.1956054569E-06    0.2534413091E-06    0.3161979704E-06    0.3826250829E-06    0.4514423189E-06    0.5214188391E-06    0.5914362192E-06    0.6605347277E-06    0.7279338308E-06    0.7930354614E-06    0.8554139885E-06    0.9147935267E-06    0.9710227088E-06
        0.0015734408    0.8838109782E-07    0.1408987488E-06    0.2045005401E-06    0.2781069153E-06    0.3603364737E-06    0.4495623144E-06    0.5440067098E-06    0.6418493236E-06    0.7413401822E-06    0.8408891426E-06    0.9391316886E-06    0.1034958083E-05    0.1127518015E-05    0.1216206338E-05    0.1300630806E-05    0.1380576209E-05
        0.0017227429    0.1255690930E-06    0.2001845250E-06    0.2905479558E-06    0.3951255856E-06    0.5119547632E-06    0.6387240384E-06    0.7729076722E-06    0.9119193894E-06    0.1053272887E-05    0.1194708947E-05    0.1334288917E-05    0.1470436129E-05    0.1601942496E-05    0.1727948250E-05    0.1847896107E-05    0.1961480303E-05
        0.0018862122    0.1782616437E-06    0.2841879446E-06    0.4124705759E-06    0.5609321089E-06    0.7267863049E-06    0.9067517598E-06    0.1097242859E-05    0.1294588052E-05    0.1495257715E-05    0.1696044607E-05    0.1894196577E-05    0.2087475354E-05    0.2274165919E-05    0.2453047729E-05    0.2623329653E-05    0.2784577622E-05
        0.0020651929    0.2528398699E-06    0.4030819049E-06    0.5850333498E-06    0.7956058184E-06    0.1030847409E-05    0.1286103897E-05    0.1556289576E-05    0.1836196856E-05    0.2120819458E-05    0.2405608368E-05    0.2686660060E-05    0.2960799881E-05    0.3225595332E-05    0.3479315260E-05    0.3720837562E-05    0.3949546571E-05
        0.0022611570    0.3582521270E-06    0.5711320360E-06    0.8289414227E-06    0.1127304311E-05    0.1460621199E-05    0.1822297452E-05    0.2205127067E-05    0.2601731348E-05    0.3005016854E-05    0.3408538060E-05    0.3806764048E-05    0.4195196660E-05    0.4570389296E-05    0.4929889094E-05    0.5272106145E-05    0.5596168107E-05
        0.0024757158    0.5070413955E-06    0.8083345846E-06    0.1173217360E-05    0.1595496313E-05    0.2067246353E-05    0.2579133961E-05    0.3120960336E-05    0.3682282275E-05    0.4253060318E-05    0.4824172039E-05    0.5387789492E-05    0.5937546416E-05    0.6468564838E-05    0.6977373221E-05    0.7461721363E-05    0.7920374627E-05
        0.0027106339    0.7167065158E-06    0.1142586519E-05    0.1658350838E-05    0.2255245043E-05    0.2922066962E-05    0.3645623593E-05    0.4411498861E-05    0.5204931245E-05    0.6011729949E-05    0.6819000448E-05    0.7615678001E-05    0.8392763978E-05    0.9143363440E-05    0.9862569428E-05    0.1054720131E-04    0.1119551393E-04
        0.0029678432    0.1011781058E-05    0.1612999700E-05    0.2341108835E-05    0.3183749752E-05    0.4125108233E-05    0.5146559586E-05    0.6227752511E-05    0.7347848061E-05    0.8486813041E-05    0.9626444279E-05    0.1075112177E-04    0.1184814226E-04    0.1290777229E-04    0.1392308480E-04    0.1488958972E-04    0.1580482343E-04
        0.0032494587    0.1426081975E-05    0.2273485724E-05    0.3299738676E-05    0.4487421500E-05    0.5814244405E-05    0.7253956303E-05    0.8777872503E-05    0.1035662103E-04    0.1196196570E-04    0.1356824979E-04    0.1515345757E-04    0.1669968444E-04    0.1819321160E-04    0.1962427573E-04    0.2098654833E-04    0.2227655698E-04
        0.0035577965    0.2006878631E-05    0.3199402268E-05    0.4643614532E-05    0.6315001746E-05    0.8182196185E-05    0.1020825552E-04    0.1235281270E-04    0.1457453359E-04    0.1683368252E-04    0.1909415400E-04    0.2132496651E-04    0.2350092405E-04    0.2560272107E-04    0.2761661834E-04    0.2953371017E-04    0.3134911000E-04
        0.0038953921    0.2819144692E-05    0.4494331520E-05    0.6523075643E-05    0.8870941660E-05    0.1149386599E-04    0.1433995415E-04    0.1735250089E-04    0.2047344253E-04    0.2364696109E-04    0.2682233834E-04    0.2995605408E-04    0.3301271531E-04    0.3596520357E-04    0.3879421938E-04    0.4148725290E-04    0.4403743987E-04
        0.0042650218    0.3952314557E-05    0.6300851407E-05    0.9145059679E-05    0.1243666241E-04    0.1611388434E-04    0.2010397163E-04    0.2432742598E-04    0.2870284487E-04    0.3315197454E-04    0.3760371128E-04    0.4199704307E-04    0.4628235196E-04    0.5042162039E-04    0.5438779232E-04    0.5816333012E-04    0.6173861052E-04
        0.0046697254    0.5528984946E-05    0.8814407825E-05    0.1279323689E-04    0.1739793624E-04    0.2254208686E-04    0.2812391149E-04    0.3403219799E-04    0.4015307070E-04    0.4637705948E-04    0.5260469729E-04    0.5875063517E-04    0.6474546379E-04    0.7053600163E-04    0.7608440102E-04    0.8136612907E-04    0.8636772388E-04
        0.0051128308    0.7717030513E-05    0.1230262955E-04    0.1785604374E-04    0.2428301028E-04    0.3146291024E-04    0.3925368860E-04    0.4750012177E-04    0.5604326915E-04    0.6473034015E-04    0.7342250715E-04    0.8200064866E-04    0.9036789111E-04    0.9845001038E-04    0.1061941836E-03    0.1135661709E-03    0.1205471832E-03
        0.0055979820    0.1074318945E-04    0.1712698665E-04    0.2485811797E-04    0.3380535595E-04    0.4380078155E-04    0.5464663354E-04    0.6612681844E-04    0.7802006908E-04    0.9011368166E-04    0.1022143928E-03    0.1141563746E-03    0.1258047715E-03    0.1370562591E-03    0.1478373049E-03    0.1581002447E-03    0.1678189227E-03
        0.0061291687    0.1491449160E-04    0.2377695153E-04    0.3450987983E-04    0.4693109605E-04    0.6080748152E-04    0.7586448821E-04    0.9180211821E-04    0.1083131926E-03    0.1251024237E-03    0.1419015157E-03    0.1584802632E-03    0.1746514602E-03    0.1902716735E-03    0.2052388271E-03    0.2194867545E-03    0.2329791456E-03
        0.0067107592    0.2064327118E-04    0.3290987467E-04    0.4776540761E-04    0.6495771128E-04    0.8416412232E-04    0.1050046343E-03    0.1270640158E-03    0.1499170988E-03    0.1731551784E-03    0.1964069150E-03    0.2193536946E-03    0.2417364207E-03    0.2633565815E-03    0.2840729048E-03    0.3037938164E-03    0.3224690619E-03
        0.0073475362    0.2847869314E-04    0.4540124441E-04    0.6589538469E-04    0.8961324282E-04    0.1161096810E-03    0.1448604524E-03    0.1752927161E-03    0.2068199264E-03    0.2388782576E-03    0.2709554407E-03    0.3026119521E-03    0.3334903793E-03    0.3633168880E-03    0.3918966042E-03    0.4191032075E-03    0.4448673736E-03
        0.0080447363    0.3914349910E-04    0.6240326782E-04    0.9057212332E-04    0.1231719183E-03    0.1595908121E-03    0.1991082288E-03    0.2409368018E-03    0.2842703343E-03    0.3283338697E-03    0.3724233306E-03    0.4159346385E-03    0.4583765802E-03    0.4993728165E-03    0.5386555286E-03    0.5760511118E-03    0.6114642890E-03
        0.0088080930    0.5359156591E-04    0.8543663150E-04    0.1240027459E-03    0.1686352678E-03    0.2184965126E-03    0.2725999232E-03    0.3298675008E-03    0.3891954767E-03    0.4495228736E-03    0.5098857800E-03    0.5694572128E-03    0.6275647219E-03    0.6836931269E-03    0.7374758091E-03    0.7886751197E-03    0.8371606284E-03
        0.0096438838    0.7305458172E-04    0.1164649129E-03    0.1690371845E-03    0.2298789942E-03    0.2978484142E-03    0.3716005735E-03    0.4496659533E-03    0.5305399224E-03    0.6127762155E-03    0.6950609247E-03    0.7762668325E-03    0.8554773900E-03    0.9319904275E-03    0.1005306268E-02    0.1075101013E-02    0.1141196886E-02
        0.0105589819    0.9910732393E-04    0.1579986438E-03    0.2293192109E-03    0.3118583498E-03    0.4040668640E-03    0.5041202326E-03    0.6100248393E-03    0.7197394621E-03    0.8313021143E-03    0.9429304348E-03    0.1053095385E-02    0.1160553746E-02    0.1264353124E-02    0.1363815791E-02    0.1458502436E-02    0.1548171931E-02
        0.0115609128    0.1337502974E-03    0.2132270593E-03    0.3094776675E-03    0.4208682124E-03    0.5453079159E-03    0.6803344232E-03    0.8232571829E-03    0.9713214431E-03    0.1121879473E-02    0.1272526067E-02    0.1421197978E-02    0.1566217731E-02    0.1706300317E-02    0.1840531348E-02    0.1968318111E-02    0.2089335268E-02
        0.0126579159    0.1794451051E-03    0.2860744957E-03    0.4152083358E-03    0.5646544383E-03    0.7316076301E-03    0.9127641915E-03    0.1104514251E-02    0.1303161875E-02    0.1505154856E-02    0.1707266547E-02    0.1906729232E-02    0.2101292833E-02    0.2289233799E-02    0.2469325735E-02    0.2640773688E-02    0.2803141297E-02
        0.0138590124    0.2391874841E-03    0.3813167916E-03    0.5534428216E-03    0.7526434344E-03    0.9751793705E-03    0.1216646802E-02    0.1472233831E-02    0.1737013958E-02    0.2006252497E-02    0.2275648995E-02    0.2541514966E-02    0.2800852012E-02    0.3051363528E-02    0.3291415444E-02    0.3519948574E-02    0.3736381492E-02
        0.0151740797    0.3165378648E-03    0.5046300020E-03    0.7324192445E-03    0.9960382643E-03    0.1290538276E-02    0.1610090941E-02    0.1948327902E-02    0.2298729326E-02    0.2655029607E-02    0.3011538273E-02    0.3363375117E-02    0.3706573384E-02    0.4038095024E-02    0.4355778564E-02    0.4658223003E-02    0.4944659266E-02
        0.0166139325    0.4155361187E-03    0.6624544438E-03    0.9614848322E-03    0.1307550049E-02    0.1694153019E-02    0.2113641919E-02    0.2557656042E-02    0.3017636147E-02    0.3485357366E-02    0.3953350621E-02    0.4415211178E-02    0.4865733764E-02    0.5300932230E-02    0.5717970812E-02    0.6115011553E-02    0.6491045509E-02
        0.0181904113    0.5406630902E-03    0.8619332414E-03    0.1251006492E-02    0.1701275964E-02    0.2204287144E-02    0.2750082878E-02    0.3327783744E-02    0.3926252548E-02    0.4534788220E-02    0.5143674374E-02    0.5744580569E-02    0.6330737577E-02    0.6896962360E-02    0.7439568133E-02    0.7956165574E-02    0.8445443129E-02
        0.0199164806    0.6965714079E-03    0.1110483042E-02    0.1611747486E-02    0.2191851128E-02    0.2839899519E-02    0.3543062015E-02    0.4287319932E-02    0.5058323434E-02    0.5842286374E-02    0.6626693422E-02    0.7400816695E-02    0.8155940704E-02    0.8885393520E-02    0.9584430107E-02    0.1024997575E-01    0.1088034285E-01
        0.0218063349    0.8877898928E-03    0.1415322671E-02    0.2054183119E-02    0.2793517621E-02    0.3619437503E-02    0.4515586032E-02    0.5464092674E-02    0.6446666482E-02    0.7445737939E-02    0.8445360826E-02    0.9431870106E-02    0.1039416722E-01    0.1132375816E-01    0.1221460349E-01    0.1306279056E-01    0.1386617236E-01
        0.0238755154    0.1118423015E-02    0.1782994115E-02    0.2587805654E-02    0.3519179433E-02    0.4559612686E-02    0.5688492902E-02    0.6883301170E-02    0.8120991664E-02    0.9379432289E-02    0.1063854182E-01    0.1188111780E-01    0.1309319367E-01    0.1426408416E-01    0.1538619418E-01    0.1645460471E-01    0.1746661743E-01
        0.0261410384    0.1391688661E-02    0.2218626530E-02    0.3220057672E-02    0.4378954295E-02    0.5673527871E-02    0.7078119397E-02    0.8564698612E-02    0.1010458375E-01    0.1167023763E-01    0.1323668422E-01    0.1478253740E-01    0.1629044182E-01    0.1774712536E-01    0.1914315792E-01    0.2047243431E-01    0.2173160690E-01
        0.0286215345    0.1710168293E-02    0.2726336456E-02    0.3956915327E-02    0.5380970518E-02    0.6971714623E-02    0.8697602200E-02    0.1052417480E-01    0.1241617922E-01    0.1433978004E-01    0.1626430285E-01    0.1816349644E-01    0.2001606927E-01    0.2180574753E-01    0.2352097387E-01    0.2515426891E-01    0.2670153323E-01
        0.0313374022    0.2076024592E-02    0.3309577418E-02    0.4803400313E-02    0.6532070238E-02    0.8463054296E-02    0.1055803992E-01    0.1277517834E-01    0.1507166343E-01    0.1740642589E-01    0.1974225357E-01    0.2204732092E-01    0.2429583229E-01    0.2646808318E-01    0.2855008705E-01    0.3053279592E-01    0.3241125186E-01
        0.0343109759    0.2493186233E-02    0.3974623715E-02    0.5768637440E-02    0.7844688968E-02    0.1016369356E-01    0.1267961808E-01    0.1534218027E-01    0.1809995667E-01    0.2090363102E-01    0.2370854736E-01    0.2647654316E-01    0.2917671039E-01    0.3178545557E-01    0.3428604065E-01    0.3666764089E-01    0.3892432420E-01
        0.0375667089    0.2970150152E-02    0.4735035476E-02    0.6872330808E-02    0.9345655349E-02    0.1210843449E-01    0.1510580291E-01    0.1827782681E-01    0.2156322264E-01    0.2490324640E-01    0.2824474576E-01    0.3154233909E-01    0.3475930543E-01    0.3786763620E-01    0.4084747235E-01    0.4368597306E-01    0.4637609774E-01
        0.0411313750    0.3525244887E-02    0.5620033980E-02    0.8156891900E-02    0.1109263987E-01    0.1437198080E-01    0.1792975716E-01    0.2169478534E-01    0.2559429388E-01    0.2955856919E-01    0.3352459428E-01    0.3743862781E-01    0.4125723543E-01    0.4494732122E-01    0.4848543573E-01    0.5185641996E-01    0.5505195638E-01
        0.0450342886    0.4182686090E-02    0.6668202089E-02    0.9678276129E-02    0.1316166026E-01    0.1705269953E-01    0.2127401178E-01    0.2574105394E-01    0.3036742605E-01    0.3507042812E-01    0.3977540119E-01    0.4441877532E-01    0.4894925419E-01    0.5332780610E-01    0.5752680577E-01    0.6152840445E-01    0.6532280523E-01
        0.0493075457    0.4987280070E-02    0.7950831094E-02    0.1153970255E-01    0.1569267501E-01    0.2033131174E-01    0.2536316565E-01    0.3068725804E-01    0.3620046508E-01    0.4180421127E-01    0.4740967764E-01    0.5294141198E-01    0.5833867575E-01    0.6355535716E-01    0.6855888628E-01    0.7332825618E-01    0.7785195565E-01
        0.0539862877    0.5990042106E-02    0.9548914349E-02    0.1385812314E-01    0.1884376334E-01    0.2441120348E-01    0.3044897951E-01    0.3683544637E-01    0.4344655347E-01    0.5016398596E-01    0.5688145967E-01    0.6350900586E-01    0.6997447389E-01    0.7622329630E-01    0.8221708013E-01    0.8793116773E-01    0.9335213184E-01
        0.0591089906    0.7196035473E-02    0.1147006631E-01    0.1664377174E-01    0.2262753065E-01    0.2930676870E-01    0.3654673192E-01    0.4420061159E-01    0.5211905812E-01    0.6016011502E-01    0.6819682734E-01    0.7612228937E-01    0.8385125182E-01    0.9131962063E-01    0.9848258770E-01    0.1053115955E+00    0.1117912889E+00
        0.0647177816    0.8543705886E-02    0.1361565626E-01    0.1975260343E-01    0.2684665673E-01    0.3476023807E-01    0.4333192372E-01    0.5238631658E-01    0.6174561571E-01    0.7124164002E-01    0.8072491489E-01    0.9007048826E-01    0.9917951248E-01    0.1079782958E+00    0.1164158010E+00    0.1244598759E+00    0.1320935747E+00
        0.0708587849    0.9843947971E-02    0.1568421671E-01    0.2274707392E-01    0.3090610728E-01    0.4000061780E-01    0.4984260343E-01    0.6022846551E-01    0.7095274572E-01    0.8182231892E-01    0.9266693187E-01    0.1033456238E+00    0.1137480460E+00    0.1237928331E+00    0.1334243042E+00    0.1426078850E+00    0.1513257963E+00
        0.0775825017    0.1072063307E-01    0.1707790148E-01    0.2476261222E-01    0.3363508442E-01    0.4351813860E-01    0.5420495716E-01    0.6547222967E-01    0.7709566505E-01    0.8886594645E-01    0.1006003315E+00    0.1121492635E+00    0.1233971058E+00    0.1342596311E+00    0.1446798761E+00    0.1546228733E+00    0.1640709040E+00
        0.0849442250    0.1079846045E-01    0.1720186455E-01    0.2494196500E-01    0.3387742243E-01    0.4382878975E-01    0.5458654368E-01    0.6592469785E-01    0.7761712105E-01    0.8945432779E-01    0.1012554034E+00    0.1128742131E+00    0.1241992423E+00    0.1351501378E+00    0.1456728762E+00    0.1557341746E+00    0.1653167387E+00
        0.0930044946    0.9986567256E-02    0.1591400262E-01    0.2308373217E-01    0.3136688235E-01    0.4059871733E-01    0.5058591213E-01    0.6111941667E-01    0.7199039008E-01    0.8300673605E-01    0.9400454827E-01    0.1048533541E+00    0.1154548672E+00    0.1257386696E+00    0.1356570178E+00    0.1451794416E+00    0.1542885189E+00
        0.1018295948    0.8566287740E-02    0.1366187270E-01    0.1983583303E-01    0.2698198038E-01    0.3496242895E-01    0.4361340897E-01    0.5275649893E-01    0.6221333367E-01    0.7182112776E-01    0.8144308478E-01    0.9097229586E-01    0.1003293019E+00    0.1094570409E+00    0.1183155924E+00    0.1268773863E+00    0.1351239223E+00
        0.1114920997    0.6974777277E-02    0.1113753026E-01    0.1619419355E-01    0.2206374773E-01    0.2863821934E-01    0.3578689462E-01    0.4336573156E-01    0.5123065863E-01    0.5925187483E-01    0.6732297895E-01    0.7536327215E-01    0.8331398267E-01    0.9113247356E-01    0.9878704683E-01    0.1062529540E+00    0.1135102466E+00
        0.1220714697    0.5213885701E-02    0.8345184976E-02    0.1216716156E-01    0.1662709108E-01    0.2165057961E-01    0.2714393686E-01    0.3300145715E-01    0.3911698094E-01    0.4539665175E-01    0.5176653764E-01    0.5817326304E-01    0.6457902364E-01    0.7095531828E-01    0.7727810921E-01    0.8352488136E-01    0.8967376851E-01
        0.1336547051    0.2959410156E-02    0.4780346977E-02    0.7044082693E-02    0.9739151656E-02    0.1283875536E-01    0.1630002518E-01    0.2006774655E-01    0.2408284022E-01    0.2829268766E-01    0.3265726232E-01    0.3714896548E-01    0.4174776313E-01    0.4643568489E-01    0.5119317976E-01    0.5599761731E-01    0.6082372580E-01
        0.1463370617    0.7975531850E-03    0.1370991817E-02    0.2160144283E-02    0.3197015580E-02    0.4503614721E-02    0.6087548683E-02    0.7941599032E-02    0.1004855115E-01    0.1238911842E-01    0.1494766124E-01    0.1771302113E-01    0.2067542503E-01    0.2382265448E-01    0.2713766470E-01    0.3059801645E-01    0.3417689647E-01
        0.1602228341    0.1113806125E-03    0.2759760652E-03    0.5686033136E-03    0.1028543933E-02    0.1687094637E-02    0.2562784427E-02    0.3660313076E-02    0.4974738427E-02    0.6498920542E-02    0.8228997600E-02    0.1016496391E-01    0.1230733499E-01    0.1465305747E-01    0.1719288951E-01    0.1991069948E-01    0.2278442081E-01
        0.1754262130    0.2347100348E-03    0.4413001415E-03    0.7542590390E-03    0.1196969485E-02    0.1786141265E-02    0.2529094476E-02    0.3424545057E-02    0.4468016259E-02    0.5659080217E-02    0.7005002399E-02    0.8518792004E-02    0.1021385966E-01    0.1209883627E-01    0.1417454545E-01    0.1643325113E-01    0.1885966627E-01
        0.1920722248    0.8137029087E-04    0.1796250876E-03    0.3447794465E-03    0.5944914071E-03    0.9413667179E-03    0.1391130154E-02    0.1943861104E-02    0.2599254052E-02    0.3363064411E-02    0.4249746141E-02    0.5279818232E-02    0.6474363246E-02    0.7849857774E-02    0.9414998596E-02    0.1116962214E-01    0.1310529455E-01
        0.2102977595    0.4483798183E-04    0.1033106946E-03    0.2031153526E-03    0.3548513812E-03    0.5656150327E-03    0.8381331954E-03    0.1172455179E-02    0.1570903126E-02    0.2043460407E-02    0.2609335987E-02    0.3293967134E-02    0.4123840873E-02    0.5121683416E-02    0.6303229485E-02    0.7675693859E-02    0.9237739036E-02
        0.2302526962    0.2157205997E-04    0.5311356410E-04    0.1080529144E-03    0.1921801572E-03    0.3090637678E-03    0.4597969979E-03    0.6447822533E-03    0.8680408399E-03    0.1141520829E-02    0.1486095626E-02    0.1929034071E-02    0.2499828101E-02    0.3226023748E-02    0.4129854363E-02    0.5225990455E-02    0.6520584527E-02
        0.2521011363    0.1160923403E-04    0.2843845880E-04    0.5749711797E-04    0.1015418508E-03    0.1620635492E-03    0.2393689217E-03    0.3342245415E-03    0.4513895508E-03    0.6029899793E-03    0.8094553537E-03    0.1098084453E-02    0.1500296738E-02    0.2048186247E-02    0.2770837606E-02    0.3691055756E-02    0.4823206809E-02
        0.2760227522    0.5893428954E-05    0.1423285227E-04    0.2844310637E-04    0.4969238702E-04    0.7849832305E-04    0.1149324801E-03    0.1599880484E-03    0.2183451057E-03    0.3010926882E-03    0.4271066743E-03    0.6231866534E-03    0.9229459507E-03    0.1363999062E-02    0.1983667309E-02    0.2814334839E-02    0.3879793073E-02
        0.3022142655    0.3019853183E-05    0.6965214776E-05    0.1350957470E-04    0.2308170683E-04    0.3581269925E-04    0.5175076993E-04    0.7192446299E-04    0.1004563115E-03    0.1469376765E-03    0.2286445511E-03    0.3725512386E-03    0.6159285049E-03    0.1003975213E-02    0.1584554626E-02    0.2401784215E-02    0.3490576340E-02
        0.3308910644    0.1551345629E-05    0.3343673212E-05    0.6199505203E-05    0.1024983857E-04    0.1550701126E-04    0.2204402835E-04    0.3078499869E-04    0.4512788003E-04    0.7326425085E-04    0.1315599761E-03    0.2486766277E-03    0.4678937318E-03    0.8449456991E-03    0.1441371903E-02    0.2315890287E-02    0.3516783649E-02
        0.3622889751    0.8331690233E-06    0.1634848999E-05    0.2834282882E-05    0.4458973001E-05    0.6499274839E-05    0.9043287211E-05    0.1285028004E-04    0.2064583229E-04    0.3964932682E-04    0.8641957817E-04    0.1933243527E-03    0.4126267151E-03    0.8142808155E-03    0.1477425454E-02    0.2479013420E-02    0.3883619264E-02
        0.3966662010    0.2666058863E-06    0.5579984218E-06    0.1004704889E-05    0.1613707650E-05    0.2379421076E-05    0.3379263381E-05    0.5190489556E-05    0.1002507080E-04    0.2473651840E-04    0.6745742039E-04    0.1767043668E-03    0.4173036166E-03    0.8778845133E-03    0.1659977108E-02    0.2863273468E-02    0.4572344112E-02
        0.4343054463    0.8479537172E-07    0.1947674583E-06    0.3672352389E-06    0.6028488399E-06    0.8992196034E-06    0.1319052260E-05    0.2307713459E-05    0.5799775505E-05    0.1893164808E-04    0.6282774349E-04    0.1847522323E-03    0.4660802563E-03    0.1019271663E-02    0.1973971083E-02    0.3458153236E-02    0.5581105472E-02
        0.4755162407    0.3920713183E-07    0.8803305526E-07    0.1625629210E-06    0.2617216127E-06    0.3852967282E-06    0.5847157991E-06    0.1226323958E-05    0.4180573052E-05    0.1747746954E-04    0.6668656485E-04    0.2106689779E-03    0.5519067323E-03    0.1232742198E-02    0.2417782391E-02    0.4270037429E-02    0.6929392373E-02
        0.5206374847    0.1944566219E-07    0.4336918491E-07    0.7902273924E-07    0.1252557919E-06    0.1828890213E-06    0.2948278010E-06    0.7866692177E-06    0.3635224370E-05    0.1832968530E-04    0.7639278094E-04    0.2514323992E-03    0.6722427497E-03    0.1518089226E-02    0.2996616115E-02    0.5313942962E-02    0.8647716415E-02
        0.5700402368    0.1025914038E-07    0.2251706959E-07    0.4025049724E-07    0.6259115888E-07    0.9085322508E-07    0.1612395002E-06    0.5809933702E-06    0.3556977034E-05    0.2055164638E-04    0.9060059879E-04    0.3055151141E-03    0.8262711120E-03    0.1877112530E-02    0.3718061846E-02    0.6607802814E-02    0.1077028086E-01
        0.6241307649    0.5381968722E-08    0.1157163512E-07    0.2022982245E-07    0.3081455484E-07    0.4478349675E-07    0.9265910425E-07    0.4786543417E-06    0.3748580277E-05    0.2386397883E-04    0.1090668072E-03    0.3732058377E-03    0.1016001844E-02    0.2315726036E-02    0.4595328689E-02    0.8176833104E-02    0.1334036661E-01
        0.6833538873    0.2664073015E-08    0.5583548269E-08    0.9518428321E-08    0.1419177636E-07    0.2095830986E-07    0.5539014739E-07    0.4315098493E-06    0.4142203747E-05    0.2820845852E-04    0.1319208267E-03    0.4553533411E-03    0.1244139587E-02    0.2840465923E-02    0.5641780093E-02    0.1004536649E-01    0.1639865219E-01
        0.7481966305    0.1207239166E-08    0.2459545438E-08    0.4082823985E-08    0.5965527613E-08    0.9216104642E-08    0.3544360376E-07    0.4222406584E-06    0.4725648825E-05    0.3362868582E-04    0.1594412735E-03    0.5529126654E-03    0.1513166496E-02    0.3456736982E-02    0.6867812403E-02    0.1223167526E-01    0.1997515573E-01
        0.8191922345    0.4957130926E-09    0.9789013255E-09    0.1581171760E-08    0.2271081252E-08    0.3875191170E-08    0.2532729715E-07    0.4427889440E-06    0.5498488413E-05    0.4016726044E-04    0.1918118318E-03    0.6663978817E-03    0.1824212526E-02    0.4166671634E-02    0.8277106111E-02    0.1474184715E-01    0.2407980536E-01
        0.8969245379    0.1839077773E-09    0.3513222495E-09    0.5525130911E-09    0.7850057029E-09    0.1631495873E-08    0.2075526146E-07    0.4882385250E-06    0.6457102701E-05    0.4782271906E-04    0.2289983819E-03    0.7955656612E-03    0.2176336469E-02    0.4967675176E-02    0.9863955862E-02    0.1756525872E-01    0.2869524076E-01
        0.9820327791    0.6177656662E-10    0.1140659736E-09    0.1750221687E-09    0.2487672131E-09    0.7411697641E-09    0.1936486024E-07    0.5547104516E-06    0.7589693355E-05    0.5653227618E-04    0.2706906620E-03    0.9392516737E-03    0.2566142604E-02    0.5851644440E-02    0.1161183207E-01    0.2067211372E-01    0.3377281749E-01
        1.0752168532    0.1889213090E-10    0.3372407713E-10    0.5066021224E-10    0.7352402007E-10    0.3966455503E-09    0.1989355599E-07    0.6385798795E-06    0.8875676222E-05    0.6616995711E-04    0.3162960851E-03    0.1095363027E-02    0.2987797151E-02    0.6805070832E-02    0.1349366687E-01    0.2401400889E-01    0.3923348740E-01
        1.1772430677    0.5301388600E-11    0.9161691290E-11    0.1353447524E-10    0.2085872181E-10    0.2648819323E-09    0.2164156797E-07    0.7362299314E-06    0.1028703902E-04    0.7655567852E-04    0.3649838580E-03    0.1261045164E-02    0.3433523689E-02    0.7810240244E-02    0.1547432301E-01    0.2752839300E-01    0.4497504325E-01
        1.2889504441    0.1379894459E-11    0.2317028055E-11    0.3384093743E-11    0.5982614697E-11    0.2185827171E-09    0.2418160542E-07    0.8440733789E-06    0.1179096887E-04    0.8747482057E-04    0.4157827508E-03    0.1433038755E-02    0.3894619032E-02    0.8847616936E-02    0.1751540852E-01    0.3114720884E-01    0.5088623674E-01
        1.4112576178    0.3420402933E-12    0.5613447553E-12    0.8150059399E-12    0.1906171430E-11    0.2097167341E-09    0.2722622396E-07    0.9587116704E-06    0.1335362694E-04    0.9870794097E-04    0.4677284338E-03    0.1608202971E-02    0.4362903658E-02    0.9899180210E-02    0.1958193461E-01    0.3480878958E-01    0.5686626053E-01
        1.5451703927    0.8809598009E-13    0.1420137988E-12    0.2059522328E-12    0.7800555200E-12    0.2190031551E-09    0.3057300982E-07    0.1077179262E-05    0.1494487311E-04    0.1100673396E-03    0.5200378706E-03    0.1784110650E-02    0.4832317564E-02    0.1095200721E-01    0.2164935655E-01    0.3847035809E-01    0.6284525048E-01
        1.6917900122    0.2938662220E-13    0.4679024059E-13    0.6804740841E-13    0.4660232291E-12    0.2377291872E-09    0.3408098120E-07    0.1197220096E-05    0.1654310048E-04    0.1214319537E-03    0.5722634687E-03    0.1959537636E-02    0.5300153201E-02    0.1200091042E-01    0.2370859389E-01    0.4211680952E-01    0.6879872015E-01
        1.8523222157    0.1586876305E-13    0.2509562761E-13    0.3663929670E-13    0.3901745427E-12    0.2611422060E-09    0.3765589543E-07    0.1317497430E-05    0.1813857827E-04    0.1327674291E-03    0.6243622901E-03    0.2134622375E-02    0.5767321367E-02    0.1304877013E-01    0.2576635403E-01    0.4576101848E-01    0.7474810438E-01
        2.0280871538    0.1223437442E-13    0.1935465821E-13    0.2833996625E-13    0.3836533377E-12    0.2863092891E-09    0.4124589899E-07    0.1437679789E-05    0.1973373555E-04    0.1441193092E-03    0.6766275769E-03    0.2310534285E-02    0.6237261419E-02    0.1410376554E-01    0.2783928920E-01    0.4943312987E-01    0.8074319913E-01
        2.2205302450    0.1083122814E-13    0.1712538702E-13    0.2512667505E-13    0.3949622514E-12    0.3119323892E-09    0.4484314246E-07    0.1558298316E-05    0.2133931367E-04    0.1555751239E-03    0.7294790950E-03    0.2488685892E-02    0.6713687974E-02    0.1517409561E-01    0.2994334605E-01    0.5316140176E-01    0.8683067519E-01
        2.4312340620    0.7734689506E-14    0.1223142208E-13    0.1802702629E-13    0.3842097575E-12    0.3368745924E-09    0.4845571595E-07    0.1680158761E-05    0.2296638527E-04    0.1672046661E-03    0.7831818705E-03    0.2669784350E-02    0.7198076011E-02    0.1626238183E-01    0.3208282074E-01    0.5695279141E-01    0.9302213120E-01
        2.6619313461    0.1087759119E-13    0.1720282987E-13    0.2528511072E-13    0.4454913323E-12    0.3644357654E-09    0.5214909499E-07    0.1804103390E-05    0.2461986403E-04    0.1790118917E-03    0.8376408466E-03    0.2853211806E-02    0.7688178931E-02    0.1736263647E-01    0.3424476357E-01    0.6078329569E-01    0.9927813929E-01
        2.9145192568    0.7126366181E-14    0.1127098031E-13    0.1666256808E-13    0.4238394644E-12    0.3896192408E-09    0.5586096672E-07    0.1929452445E-05    0.2628957098E-04    0.1909016834E-03    0.8923246678E-03    0.3036938431E-02    0.8178107564E-02    0.1846091342E-01    0.3640084693E-01    0.6460181167E-01    0.1055147637E+00
        3.1910749729    0.7938891964E-14    0.1255665626E-13    0.1855557011E-13    0.4587096104E-12    0.4170412939E-09    0.5963237521E-07    0.2055448447E-05    0.2795726236E-04    0.2027155502E-03    0.9464268272E-03    0.3218092150E-02    0.8659927722E-02    0.1953902911E-01    0.3851487067E-01    0.6834366823E-01    0.1116258696E+00
        3.4938727747    0.6223458674E-14    0.9843786103E-14    0.1460984866E-13    0.4583359618E-12    0.4433659450E-09    0.6337664631E-07    0.2180007411E-05    0.2959538024E-04    0.2142527991E-03    0.9990100007E-03    0.3393499174E-02    0.9125149277E-02    0.2057793304E-01    0.4054942473E-01    0.7194257253E-01    0.1175030362E+00
        3.8254027466    0.7667433918E-14    0.1212810312E-13    0.1796352681E-13    0.5031183198E-12    0.4710199988E-09    0.6707164943E-07    0.2301282350E-05    0.3117685728E-04    0.2253175784E-03    0.1049174673E-02    0.3560153308E-02    0.9565799952E-02    0.2155983666E-01    0.4246970706E-01    0.7533701000E-01    0.1230458247E+00
        4.1883912545    0.6186794942E-14    0.9786298847E-14    0.1455472430E-13    0.5041574188E-12    0.4964595476E-09    0.7061288079E-07    0.2416932327E-05    0.3267393343E-04    0.2357226617E-03    0.1096087526E-02    0.3715311819E-02    0.9974655777E-02    0.2246865648E-01    0.4424424759E-01    0.7847130423E-01    0.1281632524E+00
        4.5858233661    0.5498193418E-14    0.8697220021E-14    0.1297273864E-13    0.5148788296E-12    0.5211083461E-09    0.7396412291E-07    0.2525160919E-05    0.3406247407E-04    0.2453013056E-03    0.1139006072E-02    0.3856544564E-02    0.1034535091E-01    0.2329025899E-01    0.4584537971E-01    0.8129635702E-01    0.1327747134E+00
        5.0209673996    0.5781424096E-14    0.9145367465E-14    0.1364176930E-13    0.5404481112E-12    0.5447623748E-09    0.7707226400E-07    0.2624193487E-05    0.3531977526E-04    0.2538987869E-03    0.1177248884E-02    0.3981652193E-02    0.1067221793E-01    0.2401226419E-01    0.4724918808E-01    0.8377007712E-01    0.1368112918E+00
        5.4974018001    0.5486150665E-14    0.8678380509E-14    0.1296817281E-13    0.5546207385E-12    0.5661167397E-09    0.7987610106E-07    0.2712392645E-05    0.3642563499E-04    0.2613776873E-03    0.1210207549E-02    0.4088664259E-02    0.1095019270E-01    0.2462372095E-01    0.4843486028E-01    0.8585654066E-01    0.1402152599E+00
        6.0190445678    0.4900706071E-14    0.7752347851E-14    0.1161839272E-13    0.5613596571E-12    0.5849917066E-09    0.8233604646E-07    0.2788492008E-05    0.3736419494E-04    0.2676301360E-03    0.1237400786E-02    0.4175995579E-02    0.1117511182E-01    0.2511543772E-01    0.4938467814E-01    0.8752503611E-01    0.1429375959E+00
        6.5901854779    0.4336284324E-14    0.6859543233E-14    0.1031380596E-13    0.5656522531E-12    0.6012831248E-09    0.8441889428E-07    0.2851465344E-05    0.3812333143E-04    0.2725784151E-03    0.1258498049E-02    0.4242587219E-02    0.1134420334E-01    0.2548117376E-01    0.5008616322E-01    0.8875295652E-01    0.1449406282E+00
        7.2155213579    0.3836881917E-14    0.6069572717E-14    0.9157000464E-14    0.5682430790E-12    0.6147761988E-09    0.8609483854E-07    0.2900461877E-05    0.3869363756E-04    0.2761670491E-03    0.1273286000E-02    0.4287826885E-02    0.1145601917E-01    0.2571791037E-01    0.5053347473E-01    0.8952956354E-01    0.1462054031E+00
        7.9001947124    0.3395004429E-14    0.5370587474E-14    0.8131025858E-14    0.5690046832E-12    0.6252896067E-09    0.8734148089E-07    0.2934851526E-05    0.3906841552E-04    0.2783593882E-03    0.1281640268E-02    0.4311418609E-02    0.1151003043E-01    0.2582488949E-01    0.5072572829E-01    0.8985382217E-01    0.1467305509E+00
        8.6498360130    0.3004022673E-14    0.4752105287E-14    0.7220892308E-14    0.5678425875E-12    0.6327204648E-09    0.8814830187E-07    0.2954354873E-05    0.3924484975E-04    0.2791424466E-03    0.1283534481E-02    0.4313370777E-02    0.1150650715E-01    0.2580312170E-01    0.5066562637E-01    0.8973139339E-01    0.1465260808E+00
        9.4706100008    0.2658072370E-14    0.4204852497E-14    0.6413353386E-14    0.5646705384E-12    0.6369953027E-09    0.8851424172E-07    0.2959105004E-05    0.3922554773E-04    0.2785377076E-03    0.1279073402E-02    0.4294091863E-02    0.1144660576E-01    0.2565559644E-01    0.5035918738E-01    0.8917411818E-01    0.1456116800E+00
       10.3692663829    0.2351965587E-14    0.3720624376E-14    0.5696715147E-14    0.5594673964E-12    0.6380564509E-09    0.8843805069E-07    0.2949364859E-05    0.3901716235E-04    0.2766015652E-03    0.1268534359E-02    0.4254489233E-02    0.1133273994E-01    0.2538750598E-01    0.4981706518E-01    0.8819955709E-01    0.1440184348E+00
       11.3531953391    0.2081112525E-14    0.3292161706E-14    0.5060623860E-14    0.5523120161E-12    0.6359802107E-09    0.8792627973E-07    0.2925385868E-05    0.3862508237E-04    0.2733950365E-03    0.1252283481E-02    0.4195887142E-02    0.1116870496E-01    0.2500688940E-01    0.4905471812E-01    0.8683498182E-01    0.1417860024E+00
       12.4304882957    0.1841452418E-14    0.2913041691E-14    0.4495897136E-14    0.5432491946E-12    0.6309395109E-09    0.8700813966E-07    0.2887980619E-05    0.3805820701E-04    0.2689798227E-03    0.1230592892E-02    0.4119626378E-02    0.1095804865E-01    0.2452415365E-01    0.4809089503E-01    0.8511639784E-01    0.1389717413E+00
       13.6100044661    0.1629392455E-14    0.2577581490E-14    0.3994440289E-14    0.5322904367E-12    0.6230043979E-09    0.8570858435E-07    0.2838433290E-05    0.3733517486E-04    0.2634626396E-03    0.1203980204E-02    0.4026831269E-02    0.1070482766E-01    0.2394587759E-01    0.4694635860E-01    0.8307447881E-01    0.1356403307E+00
       14.9014437053    0.1441753792E-14    0.2280752894E-14    0.3549135843E-14    0.5195971399E-12    0.6123028371E-09    0.8404608938E-07    0.2777512060E-05    0.3646888229E-04    0.2569960852E-03    0.1173028498E-02    0.3920004732E-02    0.1041353326E-01    0.2328493140E-01    0.4563448630E-01    0.8074969075E-01    0.1318313284E+00
       16.3154262774    0.1275723806E-14    0.2018106877E-14    0.3153664199E-14    0.5054652584E-12    0.5991523013E-09    0.8205054473E-07    0.2706031653E-05    0.3547412631E-04    0.2496401277E-03    0.1138312954E-02    0.3800906101E-02    0.1009082492E-01    0.2255321207E-01    0.4418892024E-01    0.7817135332E-01    0.1276370476E+00
       17.8635801925    0.1128813871E-14    0.1785706852E-14    0.2802368429E-14    0.4901075630E-12    0.5839545308E-09    0.7978118113E-07    0.2625841212E-05    0.3436382334E-04    0.2415239782E-03    0.1100295730E-02    0.3670713316E-02    0.9741660933E-02    0.2176000282E-01    0.4263171530E-01    0.7539861034E-01    0.1230993651E+00
       19.5586368304    0.9988220193E-15    0.1580069632E-14    0.2490239708E-14    0.4735690930E-12    0.5669747527E-09    0.7728698005E-07    0.2538407672E-05    0.3316462066E-04    0.2328195869E-03    0.1059373193E-02    0.3532507207E-02    0.9367058311E-02    0.2092366063E-01    0.4096465892E-01    0.7248085403E-01    0.1182813938E+00
       21.4145356385    0.8837999044E-15    0.1398113190E-14    0.2212916481E-14    0.4559430063E-12    0.5482571877E-09    0.7458737211E-07    0.2445159009E-05    0.3190201295E-04    0.2236306366E-03    0.1016593116E-02    0.3387531235E-02    0.8976468821E-02    0.2004454642E-01    0.3924299333E-01    0.6938537893E-01    0.1133392205E+00
       23.4465387640    0.7820235794E-15    0.1237110446E-14    0.1966521580E-14    0.4375976008E-12    0.5281182922E-09    0.7170567862E-07    0.2347427972E-05    0.3057700604E-04    0.2140524899E-03    0.9729515796E-03    0.3235793912E-02    0.8582198730E-02    0.1912758521E-01    0.3748400826E-01    0.6622853063E-01    0.1081312476E+00
       25.6713565631    0.6919676455E-15    0.1094648384E-14    0.1747551043E-14    0.4188091948E-12    0.5071395593E-09    0.6873083194E-07    0.2244631496E-05    0.2919545705E-04    0.2044722630E-03    0.9264153442E-03    0.3088205473E-02    0.8159903011E-02    0.1824554666E-01    0.3561609140E-01    0.6311983307E-01    0.1028525501E+00
       28.1072850208    0.6122823805E-15    0.9685918873E-15    0.1552888136E-14    0.3994437156E-12    0.4852075946E-09    0.6559319168E-07    0.2140566493E-05    0.2784172938E-04    0.1941004834E-03    0.8824968224E-03    0.2927206452E-02    0.7766892095E-02    0.1727239651E-01    0.3391064282E-01    0.5971241256E-01    0.9785116422E-01
       30.7743562090    0.5417735034E-15    0.8570517196E-15    0.1379931176E-14    0.3798104357E-12    0.4628040409E-09    0.6255979828E-07    0.2036976048E-05    0.2636596891E-04    0.1846963040E-03    0.8343971465E-03    0.2778694644E-02    0.7337960879E-02    0.1639637664E-01    0.3197117887E-01    0.5677390589E-01    0.9216430541E-01
       33.6945030221    0.4793842704E-15    0.7583562078E-15    0.1226168732E-14    0.3602160035E-12    0.4400155999E-09    0.5924270732E-07    0.1926591029E-05    0.2507575392E-04    0.1741356466E-03    0.7904891431E-03    0.2622950518E-02    0.6937201789E-02    0.1545284496E-01    0.3028076982E-01    0.5330711430E-01    0.8755580509E-01
       36.8917395444    0.4241796347E-15    0.6710261853E-15    0.1089636721E-14    0.3405810310E-12    0.4167230021E-09    0.5621464078E-07    0.1828492702E-05    0.2354218456E-04    0.1648467956E-03    0.7449092051E-03    0.2470290229E-02    0.6544531056E-02    0.1455384452E-01    0.2846764111E-01    0.5042369736E-01    0.8184698666E-01
       40.3923585315    0.3753322303E-15    0.5937528434E-15    0.9680680635E-15    0.3218896199E-12    0.3951070915E-09    0.5295452097E-07    0.1713458097E-05    0.2232289544E-04    0.1547549954E-03    0.6998085177E-03    0.2330034292E-02    0.6128264255E-02    0.1371655415E-01    0.2673897185E-01    0.4724730282E-01    0.7741734088E-01
       44.2251476316    0.3321099706E-15    0.5253780582E-15    0.8603301053E-15    0.3020965277E-12    0.3710393623E-09    0.4998435263E-07    0.1625967002E-05    0.2083608215E-04    0.1455331898E-03    0.6588983430E-03    0.2172752684E-02    0.5782224692E-02    0.1278593384E-01    0.2514368901E-01    0.4432840985E-01    0.7220982728E-01
       48.4216261230    0.2938650759E-15    0.4648771272E-15    0.7642086061E-15    0.2851164720E-12    0.3513115345E-09    0.4689586179E-07    0.1510551656E-05    0.1968397166E-04    0.1363870065E-03    0.6137827144E-03    0.2050552079E-02    0.5363783454E-02    0.1205562865E-01    0.2337783682E-01    0.4152190292E-01    0.6780090039E-01
       53.0163041156    0.2600243641E-15    0.4113432783E-15    0.6791790015E-15    0.2655958395E-12    0.3273445576E-09    0.4401372095E-07    0.1432556434E-05    0.1828446904E-04    0.1273328080E-03    0.5780287199E-03    0.1897992913E-02    0.5067120485E-02    0.1115157621E-01    0.2200073236E-01    0.3859836918E-01    0.6315712869E-01
       58.0469663481    0.2300806599E-15    0.3639742560E-15    0.6031742823E-15    0.2503611533E-12    0.3096220897E-09    0.4118824836E-07    0.1321863125E-05    0.1719599814E-04    0.1192394665E-03    0.5351367728E-03    0.1792073283E-02    0.4673382339E-02    0.1052697875E-01    0.2033222427E-01    0.3618772750E-01    0.5882404582E-01
       63.5549829136    0.2035851934E-15    0.3220600699E-15    0.5361109222E-15    0.2317155445E-12    0.2864746868E-09    0.3846801877E-07    0.1250698350E-05    0.1592369135E-04    0.1108340003E-03    0.5039209533E-03    0.1650296321E-02    0.4411989778E-02    0.9690786871E-02    0.1914865744E-01    0.3348131811E-01    0.5482077588E-01
       69.5856494710    0.1801408742E-15    0.2849726328E-15    0.4759983612E-15    0.2181640853E-12    0.2705305939E-09    0.3592061925E-07    0.1147420252E-05    0.1492638237E-04    0.1036785952E-03    0.4642569373E-03    0.1554786258E-02    0.4048149597E-02    0.9131769743E-02    0.1761962406E-01    0.3140643125E-01    0.5088935064E-01
       76.1885597370    0.1593963399E-15    0.2521560330E-15    0.4230904112E-15    0.2007650702E-12    0.2490316385E-09    0.3344329906E-07    0.1082791077E-05    0.1379867515E-04    0.9598076290E-04    0.4356505842E-03    0.1425319492E-02    0.3804457538E-02    0.8365847568E-02    0.1655161835E-01    0.2893886000E-01    0.4744720627E-01
       83.4180133251    0.1410406904E-15    0.2231185323E-15    0.3756070915E-15    0.1884885151E-12    0.2342894058E-09    0.3111445670E-07    0.9897106809E-06    0.1289718087E-04    0.8949182327E-04    0.4002775327E-03    0.1336112656E-02    0.3481069541E-02    0.7838106439E-02    0.1517541427E-01    0.2706609301E-01    0.4386658687E-01
       91.3334622825    0.1247988280E-15    0.1974248622E-15    0.3338911108E-15    0.1729423138E-12    0.2148859551E-09    0.2890016265E-07    0.9307993279E-06    0.1189432304E-04    0.8273233389E-04    0.3739483916E-03    0.1221048026E-02    0.3260389747E-02    0.7163515658E-02    0.1416907629E-01    0.2489420535E-01    0.4080752532E-01
      100.0000000000    0.1104273345E-15    0.1746900341E-15    0.2963573638E-15    0.1618602474E-12    0.2016561590E-09    0.2678880125E-07    0.8503948390E-06    0.1110406148E-04    0.7671878616E-04    0.3421468934E-03    0.1143774930E-02    0.2970922967E-02    0.6706134130E-02    0.1295023083E-01    0.2312852390E-01    0.3771729429E-01
