               #####        0.2000000000        0.2533333333        0.3066666667        0.3600000000        0.4133333333        0.4666666667        0.5200000000        0.5733333333        0.6266666667        0.6800000000        0.7333333333        0.7866666667        0.8400000000        0.8933333333        0.9466666667        1.0000000000
        0.0010000000    0.1369153497E-07    0.2182563391E-07    0.3167418951E-07    0.4306823547E-07    0.5579180775E-07    0.6959093830E-07    0.8418861715E-07    0.9930181028E-07    0.1146590952E-06    0.1300145313E-06    0.1451577580E-06    0.1599183238E-06    0.1741662187E-06    0.1878094850E-06    0.2007890746E-06    0.2130732031E-06
        0.0010948890    0.1955096089E-07    0.3116612726E-07    0.4522946915E-07    0.6149970954E-07    0.7966846049E-07    0.9937306577E-07    0.1202179661E-06    0.1417990002E-06    0.1637285873E-06    0.1856555337E-06    0.2072794532E-06    0.2283569474E-06    0.2487023675E-06    0.2681844014E-06    0.2867187307E-06    0.3042599687E-06
        0.0011987818    0.2790495524E-07    0.4448320500E-07    0.6455571992E-07    0.8777812706E-07    0.1137102664E-06    0.1418345209E-06    0.1715863112E-06    0.2023887802E-06    0.2336887362E-06    0.2649849223E-06    0.2958485988E-06    0.3259323647E-06    0.3549712446E-06    0.3827778174E-06    0.4092317362E-06    0.4342682210E-06
        0.0013125330    0.3980600117E-07    0.6345462767E-07    0.9208777231E-07    0.1252141923E-06    0.1622060060E-06    0.2023248403E-06    0.2447653306E-06    0.2887045979E-06    0.3333535220E-06    0.3779970668E-06    0.4220236406E-06    0.4649376810E-06    0.5063612040E-06    0.5460268565E-06    0.5837629653E-06    0.6194771231E-06
        0.0014370779    0.5675095457E-07    0.9046652941E-07    0.1312884759E-06    0.1785164351E-06    0.2312552434E-06    0.2884522102E-06    0.3489591356E-06    0.4116028494E-06    0.4752583104E-06    0.5389060988E-06    0.6016742747E-06    0.6628563192E-06    0.7219133448E-06    0.7784641891E-06    0.8322641002E-06    0.8831813340E-06
        0.0015734408    0.8085317079E-07    0.1288878047E-06    0.1870469001E-06    0.2543326550E-06    0.3294697282E-06    0.4109583489E-06    0.4971626731E-06    0.5864112811E-06    0.6771013228E-06    0.7677804266E-06    0.8572063367E-06    0.9443724734E-06    0.1028511082E-05    0.1109079120E-05    0.1185727890E-05    0.1258269696E-05
        0.0017227429    0.1151077992E-06    0.1834930140E-06    0.2662920717E-06    0.3620844373E-06    0.4690544521E-06    0.5850669439E-06    0.7077930157E-06    0.8348531227E-06    0.9639653393E-06    0.1093061971E-05    0.1220374460E-05    0.1344469771E-05    0.1464254879E-05    0.1578956672E-05    0.1688078724E-05    0.1791353819E-05
        0.0018862122    0.1637470452E-06    0.2610287064E-06    0.3788148439E-06    0.5150846710E-06    0.6672553143E-06    0.8322893726E-06    0.1006873859E-05    0.1187623734E-05    0.1371292829E-05    0.1554939730E-05    0.1736048561E-05    0.1912580750E-05    0.2082981406E-05    0.2246150740E-05    0.2401382556E-05    0.2548296733E-05
        0.0020651929    0.2327299159E-06    0.3709941229E-06    0.5384008849E-06    0.7320781051E-06    0.9483548025E-06    0.1182913982E-05    0.1431046960E-05    0.1687942644E-05    0.1948987315E-05    0.2210000396E-05    0.2467406120E-05    0.2718307104E-05    0.2960493417E-05    0.3192401952E-05    0.3413029015E-05    0.3621834353E-05
        0.0022611570    0.3304303768E-06    0.5267381859E-06    0.7644226720E-06    0.1039406028E-05    0.1346476182E-05    0.1679503845E-05    0.2031803597E-05    0.2396544619E-05    0.2767176313E-05    0.3137763068E-05    0.3503227984E-05    0.3859457342E-05    0.4203313472E-05    0.4532577073E-05    0.4845823107E-05    0.5142284533E-05
        0.0024757158    0.4686168168E-06    0.7470208638E-06    0.1084105407E-05    0.1474087295E-05    0.1909574751E-05    0.2381875184E-05    0.2881507285E-05    0.3398783532E-05    0.3924413814E-05    0.4449980195E-05    0.4968282579E-05    0.5473486864E-05    0.5961143195E-05    0.6428104162E-05    0.6872348790E-05    0.7292789279E-05
        0.0027106339    0.6637701711E-06    0.1058114392E-05    0.1535576393E-05    0.2087964655E-05    0.2704809108E-05    0.3373797127E-05    0.4081498885E-05    0.4814192456E-05    0.5558718820E-05    0.6303154356E-05    0.7037300467E-05    0.7752893430E-05    0.8443630259E-05    0.9105052831E-05    0.9734298571E-05    0.1032982671E-04
        0.0029678432    0.9389623756E-06    0.1496797715E-05    0.2172210694E-05    0.2953613664E-05    0.3826195735E-05    0.4772539512E-05    0.5773647177E-05    0.6810107686E-05    0.7863306282E-05    0.8916375800E-05    0.9954889313E-05    0.1096715699E-04    0.1194426267E-04    0.1287989997E-04    0.1377001958E-04    0.1461244201E-04
        0.0032494587    0.1326259166E-05    0.2114186793E-05    0.3068189827E-05    0.4171901006E-05    0.5404400261E-05    0.6741085836E-05    0.8155123591E-05    0.9619095685E-05    0.1110670900E-04    0.1259413889E-04    0.1406100752E-04    0.1549080323E-04    0.1687093217E-04    0.1819248677E-04    0.1944974760E-04    0.2063963634E-04
        0.0035577965    0.1870236053E-05    0.2981339428E-05    0.4326635726E-05    0.5883044462E-05    0.7621064862E-05    0.9506004248E-05    0.1150002180E-04    0.1356445354E-04    0.1566222150E-04    0.1775972872E-04    0.1982823893E-04    0.2184446788E-04    0.2379065621E-04    0.2565424295E-04    0.2742716298E-04    0.2910507564E-04
        0.0038953921    0.2632845537E-05    0.4197014089E-05    0.6090870673E-05    0.8281923373E-05    0.1072864184E-04    0.1338218655E-04    0.1618928588E-04    0.1909550933E-04    0.2204865909E-04    0.2500143795E-04    0.2791339155E-04    0.3075174094E-04    0.3349148515E-04    0.3611494153E-04    0.3861075668E-04    0.4097282049E-04
        0.0042650218    0.3698846164E-05    0.5896324403E-05    0.8556977063E-05    0.1163515650E-04    0.1507251676E-04    0.1880044289E-04    0.2274409300E-04    0.2682699688E-04    0.3097582106E-04    0.3512411700E-04    0.3921505004E-04    0.4320256901E-04    0.4705155038E-04    0.5073715243E-04    0.5424342563E-04    0.5756178689E-04
        0.0046697254    0.5185573017E-05    0.8266314323E-05    0.1199640075E-04    0.1631183641E-04    0.2113082248E-04    0.2635716283E-04    0.3188593084E-04    0.3760991675E-04    0.4342630838E-04    0.4924194626E-04    0.5497714976E-04    0.6056735685E-04    0.6596332635E-04    0.7113023228E-04    0.7604571564E-04    0.8069774507E-04
        0.0051128308    0.7252947416E-05    0.1156191465E-04    0.1677910783E-04    0.2281501638E-04    0.2955522798E-04    0.3686519183E-04    0.4459814477E-04    0.5260412972E-04    0.6073934054E-04    0.6887347287E-04    0.7689507620E-04    0.8471384759E-04    0.9226091453E-04    0.9948756808E-04    0.1063625376E-03    0.1128689983E-03
        0.0055979820    0.1011885232E-04    0.1613045306E-04    0.2340915464E-04    0.3183007575E-04    0.4123359169E-04    0.5143197949E-04    0.6222047618E-04    0.7338986196E-04    0.8473949863E-04    0.9608758630E-04    0.1072786311E-03    0.1181866456E-03    0.1287155435E-03    0.1387973718E-03    0.1483885083E-03    0.1574654855E-03
        0.0061291687    0.1407849002E-04    0.2244251232E-04    0.3256947053E-04    0.4428561208E-04    0.5736884183E-04    0.7155796707E-04    0.8656808340E-04    0.1021080842E-03    0.1178988028E-03    0.1336872854E-03    0.1492571823E-03    0.1644332013E-03    0.1790816569E-03    0.1931080104E-03    0.2064515776E-03    0.2190797186E-03
        0.0067107592    0.1952870490E-04    0.3113070344E-04    0.4517812700E-04    0.6142995122E-04    0.7957808774E-04    0.9926020761E-04    0.1200810842E-03    0.1416368852E-03    0.1635403414E-03    0.1854405493E-03    0.2070373876E-03    0.2280876960E-03    0.2484060369E-03    0.2678612818E-03    0.2863692694E-03    0.3038847421E-03
        0.0073475362    0.2700020612E-04    0.4304103216E-04    0.6246288279E-04    0.8493250705E-04    0.1100239203E-03    0.1372361327E-03    0.1660226594E-03    0.1958251129E-03    0.2261080081E-03    0.2563861473E-03    0.2862445578E-03    0.3153470362E-03    0.3434372020E-03    0.3703337751E-03    0.3959204223E-03    0.4201346052E-03
        0.0080447363    0.3719633040E-04    0.5929469114E-04    0.8605085888E-04    0.1170057126E-03    0.1515723577E-03    0.1890605482E-03    0.2287173432E-03    0.2697733974E-03    0.3114909205E-03    0.3532014158E-03    0.3943331557E-03    0.4344229550E-03    0.4731176235E-03    0.5101674556E-03    0.5454122367E-03    0.5787658733E-03
        0.0088080930    0.5104479300E-04    0.8137055669E-04    0.1180882603E-03    0.1605678040E-03    0.2080037075E-03    0.2594486215E-03    0.3138691272E-03    0.3702092816E-03    0.4274564527E-03    0.4846931296E-03    0.5411346425E-03    0.5961453246E-03    0.6492405054E-03    0.7000775696E-03    0.7484367430E-03    0.7941999888E-03
        0.0096438838    0.6974662735E-04    0.1111832043E-03    0.1613535934E-03    0.2193967570E-03    0.2842119570E-03    0.3545045408E-03    0.4288621953E-03    0.5058418104E-03    0.5840594703E-03    0.6622612823E-03    0.7393749440E-03    0.8145318348E-03    0.8870697399E-03    0.9565206203E-03    0.1022584341E-02    0.1085099814E-02
        0.0105589819    0.9484862416E-04    0.1511983848E-03    0.2194252464E-03    0.2983581342E-03    0.3864998932E-03    0.4820895465E-03    0.5832060129E-03    0.6878862966E-03    0.7942479274E-03    0.9005853470E-03    0.1005440080E-02    0.1107630790E-02    0.1206256989E-02    0.1300682374E-02    0.1390499076E-02    0.1475488376E-02
        0.0115609128    0.1283210201E-03    0.2045568794E-03    0.2968612439E-03    0.4036495052E-03    0.5228957057E-03    0.6522167598E-03    0.7890128090E-03    0.9306272307E-03    0.1074512395E-02    0.1218360177E-02    0.1360196974E-02    0.1498424390E-02    0.1631824254E-02    0.1759536041E-02    0.1881008439E-02    0.1995946144E-02
        0.0126579159    0.1726004662E-03    0.2751429877E-03    0.3992986138E-03    0.5429354884E-03    0.7033277768E-03    0.8772689361E-03    0.1061260562E-02    0.1251727803E-02    0.1445242497E-02    0.1638698915E-02    0.1829441697E-02    0.2015320627E-02    0.2194697369E-02    0.2366415034E-02    0.2529732938E-02    0.2684254920E-02
        0.0138590124    0.2307081884E-03    0.3677728822E-03    0.5337266988E-03    0.7257192824E-03    0.9401057583E-03    0.1172598116E-02    0.1418517747E-02    0.1673083695E-02    0.1931711244E-02    0.2190247148E-02    0.2445140868E-02    0.2693517865E-02    0.2933188596E-02    0.3162607702E-02    0.3380786644E-02    0.3587197693E-02
        0.0151740797    0.3060480793E-03    0.4878728180E-03    0.7080202609E-03    0.9627079085E-03    0.1247098315E-02    0.1555499878E-02    0.1881702029E-02    0.2219358170E-02    0.2562382300E-02    0.2905261629E-02    0.3243284108E-02    0.3572635791E-02    0.3890412745E-02    0.4194566692E-02    0.4483788841E-02    0.4757382193E-02
        0.0166139325    0.4034135989E-03    0.6430836786E-03    0.9332670197E-03    0.1268975260E-02    0.1643827856E-02    0.2050316729E-02    0.2480248454E-02    0.2925249951E-02    0.3377292210E-02    0.3829103291E-02    0.4274468862E-02    0.4708360715E-02    0.5126952408E-02    0.5527547225E-02    0.5908424556E-02    0.6268671024E-02
        0.0181904113    0.5277875306E-03    0.8413478370E-03    0.1220991457E-02    0.1660187459E-02    0.2150580844E-02    0.2682338825E-02    0.3244729985E-02    0.3826787462E-02    0.4417995684E-02    0.5008832213E-02    0.5591161939E-02    0.6158405473E-02    0.6705559444E-02    0.7229101564E-02    0.7726788796E-02    0.8197435463E-02
        0.0199164806    0.6824518778E-03    0.1087897351E-02    0.1578786044E-02    0.2146665684E-02    0.2780721031E-02    0.3468221713E-02    0.4195272157E-02    0.4947671730E-02    0.5711805239E-02    0.6475346047E-02    0.7227767391E-02    0.7960560511E-02    0.8667260592E-02    0.9343322862E-02    0.9985860215E-02    0.1059335473E-01
        0.0218063349    0.8731776236E-03    0.1391929801E-02    0.2019993877E-02    0.2746542648E-02    0.3557718573E-02    0.4437207003E-02    0.5367197505E-02    0.6329488690E-02    0.7306631665E-02    0.8282833625E-02    0.9244614556E-02    0.1018108682E-01    0.1108398774E-01    0.1194751909E-01    0.1276800909E-01    0.1354354070E-01
        0.0238755154    0.1101882381E-02    0.1756503223E-02    0.2549053103E-02    0.3465849711E-02    0.4489375669E-02    0.5599002226E-02    0.6772205230E-02    0.7985966150E-02    0.9218221499E-02    0.1044900934E-01    0.1166130189E-01    0.1284135898E-01    0.1397876818E-01    0.1506623904E-01    0.1609917284E-01    0.1707518957E-01
        0.0261410384    0.1376071393E-02    0.2193577094E-02    0.3183308756E-02    0.4328148352E-02    0.5606171538E-02    0.6991552218E-02    0.8456085810E-02    0.9970949753E-02    0.1150852368E-01    0.1304383080E-01    0.1455558335E-01    0.1602662465E-01    0.1744397708E-01    0.1879857996E-01    0.2008474625E-01    0.2129956549E-01
        0.0286215345    0.1699930752E-02    0.2709823649E-02    0.3932438531E-02    0.5346581656E-02    0.6925096196E-02    0.8635981189E-02    0.1044428077E-01    0.1231427589E-01    0.1421174834E-01    0.1610577561E-01    0.1797003058E-01    0.1978332774E-01    0.2152967882E-01    0.2319796043E-01    0.2478123373E-01    0.2627599714E-01
        0.0313374022    0.2072399242E-02    0.3303565053E-02    0.4794027142E-02    0.6517887286E-02    0.8441939725E-02    0.1052703704E-01    0.1273040410E-01    0.1500833540E-01    0.1731897777E-01    0.1962453963E-01    0.2189288693E-01    0.2409820849E-01    0.2622107798E-01    0.2824803587E-01    0.3017074648E-01    0.3198507296E-01
        0.0343109759    0.2495239735E-02    0.3977636349E-02    0.5772226527E-02    0.7847758236E-02    0.1016412634E-01    0.1267401875E-01    0.1532571748E-01    0.1806638317E-01    0.2084543802E-01    0.2361725547E-01    0.2634309744E-01    0.2899191309E-01    0.3154040442E-01    0.3397250420E-01    0.3627834197E-01    0.3845311092E-01
        0.0375667089    0.2978685856E-02    0.4748377347E-02    0.6890787401E-02    0.9368532000E-02    0.1213358269E-01    0.1512923379E-01    0.1829346712E-01    0.2156292616E-01    0.2487699888E-01    0.2818106845E-01    0.3142884465E-01    0.3458331069E-01    0.3761678679E-01    0.4051028008E-01    0.4325222431E-01    0.4583710160E-01
        0.0411313750    0.3538665273E-02    0.5641210513E-02    0.8186648364E-02    0.1113048288E-01    0.1441547032E-01    0.1797396086E-01    0.2173192654E-01    0.2561375793E-01    0.2954717325E-01    0.3346712973E-01    0.3731861206E-01    0.4105774043E-01    0.4465182226E-01    0.4807854182E-01    0.5132442957E-01    0.5438319314E-01
        0.0450342886    0.4199208359E-02    0.6694467858E-02    0.9715465367E-02    0.1320929980E-01    0.1710781113E-01    0.2133037212E-01    0.2578871435E-01    0.3039272569E-01    0.3505634794E-01    0.3970227263E-01    0.4426526018E-01    0.4869341828E-01    0.5294822517E-01    0.5700351674E-01    0.6084363020E-01    0.6446138851E-01
        0.0493075457    0.5007063237E-02    0.7982590124E-02    0.1158509904E-01    0.1575132543E-01    0.2039965113E-01    0.2543347155E-01    0.3074702653E-01    0.3623245976E-01    0.4178693068E-01    0.4731825824E-01    0.5274886068E-01    0.5801720586E-01    0.6307777833E-01    0.6789980459E-01    0.7246499675E-01    0.7676511543E-01
        0.0539862877    0.6021705232E-02    0.9600128263E-02    0.1393226603E-01    0.1894160010E-01    0.2452936596E-01    0.3057870072E-01    0.3696178634E-01    0.4354853842E-01    0.5021522705E-01    0.5685126734E-01    0.6336387889E-01    0.6967969443E-01    0.7574463024E-01    0.8152227262E-01    0.8699112636E-01    0.9214165887E-01
        0.0591089906    0.7282363847E-02    0.1160925080E-01    0.1684649478E-01    0.2290070608E-01    0.2965144343E-01    0.3695643129E-01    0.4466039934E-01    0.5260583131E-01    0.6064339531E-01    0.6864006689E-01    0.7648459052E-01    0.8408921972E-01    0.9138945799E-01    0.9834203435E-01    0.1049215611E+00    0.1111169517E+00
        0.0647177816    0.8794003786E-02    0.1401748418E-01    0.2033800421E-01    0.2764144040E-01    0.3578097067E-01    0.4458371056E-01    0.5386162820E-01    0.6342473870E-01    0.7309354195E-01    0.8270859569E-01    0.9213684895E-01    0.1012735158E+00    0.1100417136E+00    0.1183899967E+00    0.1262883485E+00    0.1337238625E+00
        0.0708587849    0.1047325641E-01    0.1669222946E-01    0.2421498023E-01    0.3290421252E-01    0.4258394245E-01    0.5304780263E-01    0.6407213602E-01    0.7543170291E-01    0.8691403619E-01    0.9833048809E-01    0.1095235749E+00    0.1203691364E+00    0.1307760503E+00    0.1406833849E+00    0.1500556967E+00    0.1588778768E+00
        0.0775825017    0.1216595030E-01    0.1938939598E-01    0.2812644318E-01    0.3821756675E-01    0.4945908330E-01    0.6161295326E-01    0.7442147886E-01    0.8762500073E-01    0.1009777772E+00    0.1142606364E+00    0.1272897775E+00    0.1399196635E+00    0.1520431698E+00    0.1635884819E+00    0.1745136906E+00    0.1848007208E+00
        0.0849442250    0.1359055592E-01    0.2166550688E-01    0.3143885942E-01    0.4273721995E-01    0.5533933678E-01    0.6898608713E-01    0.8339487230E-01    0.9827798655E-01    0.1133596003E+00    0.1283906820E+00    0.1431602547E+00    0.1574997942E+00    0.1712842879E+00    0.1844290492E+00    0.1968836849E+00    0.2086251362E+00
        0.0930044946    0.1474231238E-01    0.2351747294E-01    0.3415646800E-01    0.4648395580E-01    0.6027461541E-01    0.7526070264E-01    0.9114340077E-01    0.1076109671E+00    0.1243576346E+00    0.1411025546E+00    0.1576048538E+00    0.1736700996E+00    0.1891524261E+00    0.2039512549E+00    0.2180046749E+00    0.2312816784E+00
        0.1018295948    0.1605010283E-01    0.2562632281E-01    0.3726350315E-01    0.5079024026E-01    0.6598223143E-01    0.8256419568E-01    0.1002164660E+00    0.1185946616E+00    0.1373535643E+00    0.1561723899E+00    0.1747742131E+00    0.1929339814E+00    0.2104811716E+00    0.2272960855E+00    0.2433025419E+00    0.2584592999E+00
        0.1114920997    0.1831104587E-01    0.2924611203E-01    0.4255105024E-01    0.5804617679E-01    0.7549121439E-01    0.9457963295E-01    0.1149427602E+00    0.1361771760E+00    0.1578779297E+00    0.1796709380E+00    0.2012351842E+00    0.2223102692E+00    0.2426984237E+00    0.2622597218E+00    0.2809037221E+00    0.2985798076E+00
        0.1220714697    0.2178346661E-01    0.3477442320E-01    0.5057274585E-01    0.6896908870E-01    0.8967832879E-01    0.1123267488E+00    0.1364610095E+00    0.1615916793E+00    0.1872374641E+00    0.2129619896E+00    0.2383954886E+00    0.2632398079E+00    0.2872690830E+00    0.3103235568E+00    0.3322999372E+00    0.3531403785E+00
        0.1336547051    0.2550373435E-01    0.4069846106E-01    0.5917762278E-01    0.8070534734E-01    0.1049460154E+00    0.1314471288E+00    0.1596625425E+00    0.1890160492E+00    0.2189523026E+00    0.2489735092E+00    0.2786591358E+00    0.3076689827E+00    0.3357438551E+00    0.3626989571E+00    0.3884135104E+00    0.4128185737E+00
        0.1463370617    0.2786095425E-01    0.4452641409E-01    0.6488491597E-01    0.8872865762E-01    0.1157144508E+00    0.1453477370E+00    0.1770249576E+00    0.2101117252E+00    0.2439934438E+00    0.2781112881E+00    0.3119836346E+00    0.3452117167E+00    0.3774839618E+00    0.4085713900E+00    0.4383179261E+00    0.4666277684E+00
        0.1602228341    0.2927154399E-01    0.4694505394E-01    0.6872644382E-01    0.9448168837E-01    0.1238924116E+00    0.1564532143E+00    0.1915310378E+00    0.2284477256E+00    0.2665269140E+00    0.3051334077E+00    0.3437021473E+00    0.3817510133E+00    0.4188918831E+00    0.4548297530E+00    0.4893545276E+00    0.5223281266E+00
        0.1754262130    0.3250631498E-01    0.5224423370E-01    0.7669958761E-01    0.1057563944E+00    0.1390652082E+00    0.1760724095E+00    0.2160883412E+00    0.2583661647E+00    0.3021446540E+00    0.3466937106E+00    0.3913520918E+00    0.4355467288E+00    0.4788095707E+00    0.5207792333E+00    0.5611932226E+00    0.5998739565E+00
        0.1920722248    0.3797718379E-01    0.6101813429E-01    0.8955457412E-01    0.1234053303E+00    0.1621300252E+00    0.2050934721E+00    0.2515252017E+00    0.3005907248E+00    0.3514316791E+00    0.4032181283E+00    0.4551933700E+00    0.5066971379E+00    0.5571864986E+00    0.6062387816E+00    0.6535435987E+00    0.6988875357E+00
        0.2102977595    0.4164968909E-01    0.6713115533E-01    0.9887893619E-01    0.1367316849E+00    0.1802564646E+00    0.2288144600E+00    0.2815935890E+00    0.3376778148E+00    0.3960944417E+00    0.4558814859E+00    0.5161462541E+00    0.5760977295E+00    0.6350756799E+00    0.6925575927E+00    0.7481518886E+00    0.8015817460E+00
        0.2302526962    0.4415160642E-01    0.7162103749E-01    0.1062214095E+00    0.1479007356E+00    0.1963201600E+00    0.2508846492E+00    0.3107473523E+00    0.3748894519E+00    0.4421848327E+00    0.5114908151E+00    0.5817272491E+00    0.6519228677E+00    0.7212559294E+00    0.7890667695E+00    0.8548524928E+00    0.9182494958E+00
        0.2521011363    0.4993891727E-01    0.8114169356E-01    0.1204956683E+00    0.1679748426E+00    0.2232768387E+00    0.2858049842E+00    0.3546515259E+00    0.4286904342E+00    0.5066516934E+00    0.5872272932E+00    0.6691645063E+00    0.7513222487E+00    0.8327224812E+00    0.9125688627E+00    0.9902440775E+00    0.1065292416E+01
        0.2760227522    0.5498802859E-01    0.8970230787E-01    0.1337189114E+00    0.1871488318E+00    0.2498045997E+00    0.3211272973E+00    0.4001576687E+00    0.4856476158E+00    0.5761484111E+00    0.6701383521E+00    0.7661370681E+00    0.8627774631E+00    0.9588724479E+00    0.1053442424E+01    0.1145716328E+01    0.1235114480E+01
        0.3022142655    0.5931066643E-01    0.9741209084E-01    0.1462006340E+00    0.2060450463E+00    0.2769408429E+00    0.3583917884E+00    0.4493776850E+00    0.5484924055E+00    0.6540539786E+00    0.7642628887E+00    0.8773449769E+00    0.9916438626E+00    0.1105706541E+01    0.1218321387E+01    0.1328523121E+01    0.1435575662E+01
        0.3308910644    0.6602025439E-01    0.1087404473E+00    0.1636732559E+00    0.2314393703E+00    0.3122265730E+00    0.4056338735E+00    0.5106228542E+00    0.6256673808E+00    0.7488724928E+00    0.8781589599E+00    0.1011436537E+01    0.1146721741E+01    0.1282249383E+01    0.1416527215E+01    0.1548349029E+01    0.1676780509E+01
        0.3622889751    0.7140032057E-01    0.1184872677E+00    0.1797204932E+00    0.2561282748E+00    0.3481803885E+00    0.4556020354E+00    0.5773141985E+00    0.7116094800E+00    0.8562947808E+00    0.1008915893E+01    0.1166971080E+01    0.1328059812E+01    0.1490024165E+01    0.1651021996E+01    0.1809548096E+01    0.1964422942E+01
        0.3966662010    0.7855559652E-01    0.1310030536E+00    0.1997619056E+00    0.2863289069E+00    0.3915418285E+00    0.5153447376E+00    0.6566898908E+00    0.8137242496E+00    0.9839490856E+00    0.1164489745E+01    0.1352360565E+01    0.1544656213E+01    0.1738734481E+01    0.1932316349E+01    0.2123519531E+01    0.2310853076E+01
        0.4343054463    0.8535490287E-01    0.1434772718E+00    0.2205895136E+00    0.3188085070E+00    0.4394490076E+00    0.5827315675E+00    0.7476439700E+00    0.9321477076E+00    0.1133363806E+01    0.1347899286E+01    0.1572174359E+01    0.1802664841E+01    0.2036134517E+01    0.2269767939E+01    0.2501218511E+01    0.2728611197E+01
        0.4755162407    0.9321215996E-01    0.1578434861E+00    0.2445717234E+00    0.3562991258E+00    0.4949864347E+00    0.6612662993E+00    0.8542360591E+00    0.1071677836E+01    0.1310275337E+01    0.1566013264E+01    0.1834586018E+01    0.2111707376E+01    0.2393406677E+01    0.2676204055E+01    0.2957176522E+01    0.3233972189E+01
        0.5206374847    0.1014929679E+00    0.1733816686E+00    0.2710984009E+00    0.3985510437E+00    0.5585383569E+00    0.7522377488E+00    0.9789109476E+00    0.1236139882E+01    0.1520083994E+01    0.1825971322E+01    0.2148609267E+01    0.2482778412E+01    0.2823607745E+01    0.3166803049E+01    0.3508734028E+01    0.3846464457E+01
        0.5700402368    0.1104050885E+00    0.1904698102E+00    0.3008226819E+00    0.4466544056E+00    0.6318491825E+00    0.8583041863E+00    0.1125521385E+01    0.1430860179E+01    0.1769848283E+01    0.2136789961E+01    0.2525406297E+01    0.2929335022E+01    0.3342603655E+01    0.3759924146E+01    0.4176803442E+01    0.4589595265E+01
        0.6241307649    0.1201019227E+00    0.2094206472E+00    0.3343584286E+00    0.5017449161E+00    0.7168662356E+00    0.9825587504E+00    0.1298653736E+01    0.1662251183E+01    0.2068105190E+01    0.2509384250E+01    0.2978476516E+01    0.3467622451E+01    0.3969508108E+01    0.4477641154E+01    0.4986485533E+01    0.5491542125E+01
        0.6833538873    0.1306024375E+00    0.2304250602E+00    0.3722730543E+00    0.5650557975E+00    0.8158460853E+00    0.1128678436E+01    0.1503807797E+01    0.1938013190E+01    0.2425087719E+01    0.2956796928E+01    0.3523893983E+01    0.4116917472E+01    0.4726930380E+01    0.5345994686E+01    0.5967327427E+01    0.6585419732E+01
        0.7481966305    0.1420068210E+00    0.2538017023E+00    0.4153398462E+00    0.6381578774E+00    0.9315859288E+00    0.1301160987E+01    0.1747654016E+01    0.2267420826E+01    0.2853042100E+01    0.3494541935E+01    0.4180669867E+01    0.4899901806E+01    0.5641352977E+01    0.6395369709E+01    0.7153698263E+01    0.7909654826E+01
        0.8191922345    0.1544284588E+00    0.2799285497E+00    0.4644915178E+00    0.7229568357E+00    0.1067479914E+01    0.1505445873E+01    0.2038214401E+01    0.2661550894E+01    0.3366484726E+01    0.4140871102E+01    0.4971010776E+01    0.5842896971E+01    0.6743331769E+01    0.7660654212E+01    0.8584903525E+01    0.9508057368E+01
        0.8969245379    0.1680035969E+00    0.3092623960E+00    0.5208598014E+00    0.8217663736E+00    0.1227636526E+01    0.1748077891E+01    0.2385063340E+01    0.3133502005E+01    0.3982416600E+01    0.4916958151E+01    0.5920449314E+01    0.6975922729E+01    0.8067468949E+01    0.9181119069E+01    0.1030496887E+02    0.1142951007E+02
        0.9820327791    0.1828948835E+00    0.3423536867E+00    0.5858152763E+00    0.9373874493E+00    0.1417004478E+01    0.2036873947E+01    0.2799515488E+01    0.3698573318E+01    0.4720458093E+01    0.5846955698E+01    0.7057794667E+01    0.8332519545E+01    0.9652092904E+01    0.1099994810E+02    0.1236201826E+02    0.1372719742E+02
        1.0752168532    0.1992932234E+00    0.3798650842E+00    0.6610171545E+00    0.1073201908E+01    0.1641511665E+01    0.2381091326E+01    0.3294790368E+01    0.4374381962E+01    0.5602873737E+01    0.6957887015E+01    0.8414860000E+01    0.9949290199E+01    0.1153860170E+02    0.1316337920E+02    0.1480721314E+02    0.1645734775E+02
        1.1772430677    0.2174328420E+00    0.4225997804E+00    0.7484726894E+00    0.1233275425E+01    0.1908205797E+01    0.2791576380E+01    0.3886120245E+01    0.5180873218E+01    0.6654431368E+01    0.8279311865E+01    0.1002590670E+02    0.1186510701E+02    0.1377042787E+02    0.1571942935E+02    0.1769324337E+02    0.1967749822E+02
        1.2889504441    0.2375910332E+00    0.4715290455E+00    0.8506072322E+00    0.1422474658E+01    0.2225399337E+01    0.3280889965E+01    0.4590790702E+01    0.6140209392E+01    0.7902084756E+01    0.9842767072E+01    0.1192682605E+02    0.1412003245E+02    0.1639170554E+02    0.1871632211E+02    0.2107252839E+02    0.2344448247E+02
        1.4112576178    0.2601018876E+00    0.5278222289E+00    0.9703279975E+00    0.1646563724E+01    0.2602762854E+01    0.3863330008E+01    0.5428012633E+01    0.7276421791E+01    0.9374360510E+01    0.1168087062E+02    0.1415396586E+02    0.1675388857E+02    0.1944560964E+02    0.2220062652E+02    0.2499517995E+02    0.2781223643E+02
        1.5451703927    0.2853662840E+00    0.5928867175E+00    0.1111107533E+01    0.1912316877E+01    0.3051410677E+01    0.4554904448E+01    0.6418697255E+01    0.8614929415E+01    0.1110059978E+02    0.1382629986E+02    0.1674288265E+02    0.1980483163E+02    0.2297280306E+02    0.2621562384E+02    0.2950732344E+02    0.3283009918E+02
        1.6917900122    0.3138742408E+00    0.6684270810E+00    0.1277091267E+01    0.2227645909E+01    0.3583971200E+01    0.5373246894E+01    0.7585140011E+01    0.1018196083E+02    0.1311013753E+02    0.1631078409E+02    0.1972722336E+02    0.2330820233E+02    0.2701032754E+02    0.3080030129E+02    0.3465023774E+02    0.3854212787E+02
        1.8523222157    0.3462077310E+00    0.7564728219E+00    0.1473146890E+01    0.2601615691E+01    0.4214465689E+01    0.6337255869E+01    0.8950366730E+01    0.1200362208E+02    0.1543116427E+02    0.1916386454E+02    0.2313749769E+02    0.2729541636E+02    0.3159070143E+02    0.3598872872E+02    0.4046005885E+02    0.4498715943E+02
        2.0280871538    0.3830714985E+00    0.8594523133E+00    0.1704973154E+01    0.3044514141E+01    0.4958227227E+01    0.7466780173E+01    0.1053758172E+02    0.1410518491E+02    0.1808998316E+02    0.2241226481E+02    0.2700069829E+02    0.3179394717E+02    0.3674235086E+02    0.4181100054E+02    0.4696927032E+02    0.5220087153E+02
        2.2205302450    0.4253116247E+00    0.9802463393E+00    0.1979157341E+01    0.3567811736E+01    0.5831645512E+01    0.8782102676E+01    0.1236945086E+02    0.1651031076E+02    0.2111034780E+02    0.2607950542E+02    0.3134032578E+02    0.3682785770E+02    0.4249071098E+02    0.4829494282E+02    0.5420903327E+02    0.6021874080E+02
        2.4312340620    0.4739638195E+00    0.1122290055E+01    0.2303286668E+01    0.4184167974E+01    0.6851975432E+01    0.1030356989E+02    0.1446768792E+02    0.1924078671E+02    0.2451353374E+02    0.3018645418E+02    0.3617751239E+02    0.4241954508E+02    0.4886060561E+02    0.5546911539E+02    0.6221279004E+02    0.6908022288E+02
        2.6619313461    0.5301631189E+00    0.1289407231E+01    0.2685590674E+01    0.4906716356E+01    0.8036181703E+01    0.1205007135E+02    0.1685135653E+02    0.2231485576E+02    0.2831685608E+02    0.3475012467E+02    0.4153013955E+02    0.4858917135E+02    0.5587595750E+02    0.6336274179E+02    0.7101636240E+02    0.7882896802E+02
        2.9145192568    0.5954224975E+00    0.1486322451E+01    0.3135665602E+01    0.5749951686E+01    0.9402054519E+01    0.1404058956E+02    0.1953909729E+02    0.2575029722E+02    0.3253767858E+02    0.3978860618E+02    0.4741862502E+02    0.5536120375E+02    0.6356695668E+02    0.7201335345E+02    0.8066594681E+02    0.8952105119E+02
        3.1910749729    0.6713998914E+00    0.1718196664E+01    0.3663566253E+01    0.6728207910E+01    0.1096610323E+02    0.1629169372E+02    0.2254640239E+02    0.2956156786E+02    0.3719041868E+02    0.4531787926E+02    0.5386246333E+02    0.6276056733E+02    0.7196569800E+02    0.8146175635E+02    0.9121230379E+02    0.1012182930E+03
        3.4938727747    0.7601619980E+00    0.1991078783E+01    0.4280386552E+01    0.7856397027E+01    0.1274467033E+02    0.1881928873E+02    0.2588813370E+02    0.3376307733E+02    0.4229049066E+02    0.5135630622E+02    0.6088510869E+02    0.7081772985E+02    0.8111126346E+02    0.9175689123E+02    0.1027152549E+03    0.1139922916E+03
        3.8254027466    0.8639882598E+00    0.2311452261E+01    0.4997337770E+01    0.9148589285E+01    0.1475218844E+02    0.2163670106E+02    0.2957643823E+02    0.3836684497E+02    0.4785161110E+02    0.5792149162E+02    0.6851024601E+02    0.7956419785E+02    0.9104426148E+02    0.1029492711E+03    0.1152359823E+03    0.1279156204E+03
        4.1883912545    0.9856650335E+00    0.2686705938E+01    0.5826378604E+01    0.1061899010E+02    0.1700277978E+02    0.2475700667E+02    0.3362372856E+02    0.4338602381E+02    0.5388978112E+02    0.6503460083E+02    0.7676622155E+02    0.8903680662E+02    0.1018107850E+03    0.1150945629E+03    0.1288403097E+03    0.1430649814E+03
        4.5858233661    0.1128275679E+01    0.3124599789E+01    0.6779212912E+01    0.1228058457E+02    0.1950868126E+02    0.2819117946E+02    0.3804042450E+02    0.4883218210E+02    0.6042007901E+02    0.7271653309E+02    0.8568134248E+02    0.9927195416E+02    0.1134555672E+03    0.1282459283E+03    0.1435905455E+03    0.1595129278E+03
        5.0209673996    0.1295423777E+01    0.3633567435E+01    0.7867740157E+01    0.1414599721E+02    0.2228162714E+02    0.3194989610E+02    0.4283709558E+02    0.5471779495E+02    0.6745943466E+02    0.8099071990E+02    0.9528638300E+02    0.1103077466E+03    0.1260240048E+03    0.1424564709E+03    0.1595487693E+03    0.1773323178E+03
        5.4974018001    0.1491118387E+01    0.4222348813E+01    0.9103460279E+01    0.1622682812E+02    0.2533206869E+02    0.3604249456E+02    0.4802315762E+02    0.6105473816E+02    0.7502476771E+02    0.8988055769E+02    0.1056111376E+03    0.1221799751E+03    0.1395581712E+03    0.1577759627E+03    0.1767745565E+03    0.1965950489E+03
        6.0190445678    0.1719778618E+01    0.4899870202E+01    0.1049735889E+02    0.1853367601E+02    0.2866922783E+02    0.4047697748E+02    0.5360692321E+02    0.6785440072E+02    0.8313283536E+02    0.9940862512E+02    0.1166831948E+03    0.1349211760E+03    0.1540969017E+03    0.1742522131E+03    0.1953274031E+03    0.2173750095E+03
        6.5901854779    0.1986305790E+01    0.5675291381E+01    0.1206011504E+02    0.2107656262E+02    0.3230160678E+02    0.4526062409E+02    0.5959646459E+02    0.7512866893E+02    0.9180085869E+02    0.1095968230E+03    0.1285283422E+03    0.1485622215E+03    0.1696788837E+03    0.1919350199E+03    0.2152707815E+03    0.2397514591E+03
        7.2155213579    0.2295964916E+01    0.6557709029E+01    0.1380175726E+02    0.2386447491E+02    0.3623629752E+02    0.5039918288E+02    0.6599881597E+02    0.8288879709E+02    0.1010446033E+03    0.1204641006E+03    0.1411691337E+03    0.1631321787E+03    0.1863431688E+03    0.2108760047E+03    0.2366705114E+03    0.2638054183E+03
        7.9001947124    0.2654388936E+01    0.7556153369E+01    0.1573178856E+02    0.2690551985E+02    0.4047913662E+02    0.5589722867E+02    0.7282054063E+02    0.9114562157E+02    0.1108781075E+03    0.1320268220E+03    0.1546268121E+03    0.1786610606E+03    0.2041313010E+03    0.2311289637E+03    0.2595928914E+03    0.2896153439E+03
        8.6498360130    0.3067490264E+01    0.8679440076E+01    0.1785903283E+02    0.3020663673E+02    0.4503434235E+02    0.6175795722E+02    0.8006748218E+02    0.9990863298E+02    0.1213126510E+03    0.1442990749E+03    0.1689226223E+03    0.1951803622E+03    0.2230857540E+03    0.2527457182E+03    0.2840978520E+03    0.3172481096E+03
        9.4706100008    0.3541457500E+01    0.9936223833E+01    0.2019175670E+02    0.3377369748E+02    0.4990475022E+02    0.6798375486E+02    0.8774519524E+02    0.1091858793E+03    0.1323575389E+03    0.1572950690E+03    0.1840798873E+03    0.2127230822E+03    0.2432472698E+03    0.2757711175E+03    0.3102332185E+03    0.3467559340E+03
       10.3692663829    0.4082457892E+01    0.1133447590E+02    0.2273682271E+02    0.3761027190E+02    0.5509041185E+02    0.7457471095E+02    0.9585666190E+02    0.1189811964E+03    0.1440185770E+03    0.1710278324E+03    0.2001204581E+03    0.2313170962E+03    0.2646455375E+03    0.3002348961E+03    0.3380326250E+03    0.3781841056E+03
       11.3531953391    0.4697140171E+01    0.1288255640E+02    0.2550135748E+02    0.4171997839E+02    0.6059192672E+02    0.8153279953E+02    0.1044065520E+03    0.1292998269E+03    0.1563058230E+03    0.1855163628E+03    0.2170696398E+03    0.2509883914E+03    0.2873048364E+03    0.3261672668E+03    0.3675416919E+03    0.4116011304E+03
       12.4304882957    0.5391864312E+01    0.1458772536E+02    0.2849032513E+02    0.4610315829E+02    0.6640648744E+02    0.8885688092E+02    0.1133947866E+03    0.1401425636E+03    0.1692269987E+03    0.2007755034E+03    0.2349424571E+03    0.2717486339E+03    0.3112410369E+03    0.3536018225E+03    0.3988153467E+03    0.4470788330E+03
       13.6100044661    0.6172952948E+01    0.1645667702E+02    0.3170735132E+02    0.5075819972E+02    0.7252996858E+02    0.9654484269E+02    0.1228191627E+03    0.1515103974E+03    0.1827908875E+03    0.2168164915E+03    0.2537453490E+03    0.2936071190E+03    0.3364809143E+03    0.3825818049E+03    0.4319039279E+03    0.4846644896E+03
       14.9014437053    0.7047232746E+01    0.1849659106E+02    0.3515633346E+02    0.5568396473E+02    0.7896030494E+02    0.1045970400E+03    0.1326803803E+03    0.1634107039E+03    0.1970111851E+03    0.2336495041E+03    0.2734881831E+03    0.3165900001E+03    0.3630664633E+03    0.4131469436E+03    0.4668358572E+03    0.5243810742E+03
       16.3154262774    0.8020426518E+01    0.2071198148E+02    0.3883657188E+02    0.6087340175E+02    0.8568948828E+02    0.1130059556E+03    0.1429715339E+03    0.1758437203E+03    0.2118879424E+03    0.2512683258E+03    0.2941765541E+03    0.3407167755E+03    0.3910102864E+03    0.4452958011E+03    0.5036129436E+03    0.5662523631E+03
       17.8635801925    0.9099280203E+01    0.2310880505E+02    0.4274920210E+02    0.6632272317E+02    0.9271513573E+02    0.1217700348E+03    0.1536957133E+03    0.1888194481E+03    0.2274261608E+03    0.2696827157E+03    0.3158375572E+03    0.3660070120E+03    0.4203177293E+03    0.4790468717E+03    0.5422811205E+03    0.6103437137E+03
       19.5586368304    0.1028925241E+02    0.2568997817E+02    0.4689040838E+02    0.7202255321E+02    0.1000288733E+03    0.1308802691E+03    0.1648502116E+03    0.2023358552E+03    0.2436183094E+03    0.2889012151E+03    0.3384761820E+03    0.3924497482E+03    0.4509887779E+03    0.5144244811E+03    0.5828581246E+03    0.6566498311E+03
       21.4145356385    0.1159666573E+02    0.2845949217E+02    0.5125787801E+02    0.7796708021E+02    0.1076272720E+03    0.1403348624E+03    0.1764413840E+03    0.2163950974E+03    0.2604728458E+03    0.3089431834E+03    0.3620910774E+03    0.4200559463E+03    0.4830574277E+03    0.5514380787E+03    0.6253445311E+03    0.7051850391E+03
       23.4465387640    0.1302789237E+02    0.3142082680E+02    0.5584853420E+02    0.8415124503E+02    0.1155076404E+03    0.1501353642E+03    0.1884770723E+03    0.2309991359E+03    0.2780096345E+03    0.3298117799E+03    0.3866917641E+03    0.4488498098E+03    0.5165271859E+03    0.5900945710E+03    0.6697644771E+03    0.7559996787E+03
       25.6713565631    0.1458790811E+02    0.3457429334E+02    0.6065483279E+02    0.9056599367E+02    0.1236617437E+03    0.1602796120E+03    0.2009547621E+03    0.2461482561E+03    0.2962332489E+03    0.3514968425E+03    0.4122861248E+03    0.4788276627E+03    0.5513808131E+03    0.6304059023E+03    0.7161219990E+03    0.8090498234E+03
       28.1072850208    0.1628130901E+02    0.3791904640E+02    0.6566814623E+02    0.9720279505E+02    0.1320818875E+03    0.1707681310E+03    0.2138679621E+03    0.2618526496E+03    0.3151325954E+03    0.3740077258E+03    0.4388701892E+03    0.5099702374E+03    0.5876465858E+03    0.6723392720E+03    0.7644098109E+03    0.8643737601E+03
       30.7743562090    0.1811208909E+02    0.4145276969E+02    0.7087864293E+02    0.1040531614E+03    0.1407617411E+03    0.1816006148E+03    0.2272142431E+03    0.2781136513E+03    0.3347062415E+03    0.3973384505E+03    0.4664369755E+03    0.5422821408E+03    0.6252770042E+03    0.7159292291E+03    0.8145784768E+03    0.9219501870E+03
       33.6945030221    0.2008354796E+02    0.4517163723E+02    0.7627561710E+02    0.1111086341E+03    0.1496967104E+03    0.1927749828E+03    0.2409975771E+03    0.2949246980E+03    0.3549538975E+03    0.4214866117E+03    0.4949608529E+03    0.5757712871E+03    0.6642635138E+03    0.7611179323E+03    0.8666975131E+03    0.9816818838E+03
       36.8917395444    0.2219820142E+02    0.4907031418E+02    0.8184789082E+02    0.1183604213E+03    0.1588845894E+03    0.2042866561E+03    0.2552232070E+03    0.3122813395E+03    0.3758703428E+03    0.4464397289E+03    0.5244637182E+03    0.6103580940E+03    0.7046607160E+03    0.8078507829E+03    0.9206734897E+03    0.1043712335E+04
       40.3923585315    0.2445769758E+02    0.5314199303E+02    0.8758416122E+02    0.1257997721E+03    0.1683257991E+03    0.2161287974E+03    0.2698963262E+03    0.3301737654E+03    0.3974654401E+03    0.4721626744E+03    0.5549308418E+03    0.6460930237E+03    0.7463054533E+03    0.8562881735E+03    0.9763943206E+03    0.1107892234E+04
       44.2251476316    0.2686273985E+02    0.5737847647E+02    0.9347352416E+02    0.1334191352E+03    0.1780179514E+03    0.2283102902E+03    0.2849923305E+03    0.3486266463E+03    0.4196820130E+03    0.4987299123E+03    0.5862454324E+03    0.6830000988E+03    0.7892748330E+03    0.9061207881E+03    0.1034176516E+04    0.1174025245E+04
       48.4216261230    0.2941301961E+02    0.6177029320E+02    0.9950567038E+02    0.1412113524E+03    0.1879606025E+03    0.2408348072E+03    0.3005176315E+03    0.3676079488E+03    0.4425589975E+03    0.5260063837E+03    0.6186046378E+03    0.7208074285E+03    0.8336788137E+03    0.9574739740E+03    0.1093503742E+04    0.1242657253E+04
       53.0163041156    0.3210716541E+02    0.6630680374E+02    0.1056706243E+03    0.1491734060E+03    0.1981509707E+03    0.2536897183E+03    0.3165058405E+03    0.3870758416E+03    0.4661203736E+03    0.5540158879E+03    0.6517864293E+03    0.7598904171E+03    0.8790173630E+03    0.1010586300E+04    0.1154580316E+04    0.1312970383E+04
       58.0469663481    0.3494271099E+02    0.7097652049E+02    0.1119597429E+03    0.1573047056E+03    0.2085767058E+03    0.2669003318E+03    0.3328692096E+03    0.4071468399E+03    0.4901635933E+03    0.5829251053E+03    0.6857293508E+03    0.7999534627E+03    0.9259064785E+03    0.1064641283E+04    0.1217791728E+04    0.1385328853E+04
       63.5549829136    0.3791606920E+02    0.7576733037E+02    0.1183640643E+03    0.1656005040E+03    0.2192620366E+03    0.2804266270E+03    0.3496844724E+03    0.4276543869E+03    0.5149721661E+03    0.6122905736E+03    0.7208614651E+03    0.8407658460E+03    0.9739532835E+03    0.1120588126E+04    0.1281939884E+04    0.1460222275E+04
       69.5856494710    0.4102253107E+02    0.8066664253E+02    0.1248749001E+03    0.1740705246E+03    0.2302012820E+03    0.2942729294E+03    0.3669555899E+03    0.4486255418E+03    0.5403305556E+03    0.6425596578E+03    0.7564132203E+03    0.8831250163E+03    0.1022732887E+04    0.1177862362E+04    0.1348419510E+04    0.1536041317E+04
       76.1885597370    0.4425625389E+02    0.8566237717E+02    0.1314883995E+03    0.1827078369E+03    0.2413673679E+03    0.3085215758E+03    0.3844930388E+03    0.4702749131E+03    0.5660694362E+03    0.6735744117E+03    0.7929861977E+03    0.9258604769E+03    0.1073480694E+04    0.1235895121E+04    0.1416328941E+04    0.1614779864E+04
       83.4180133251    0.4761021050E+02    0.9074212068E+02    0.1381939680E+03    0.1914963537E+03    0.2528332521E+03    0.3229935081E+03    0.4026121200E+03    0.4921058973E+03    0.5927826437E+03    0.7048244715E+03    0.8305689402E+03    0.9697465739E+03    0.1124520289E+04    0.1296387140E+04    0.1485097393E+04    0.1694942088E+04
       91.3334622825    0.5107626070E+02    0.9589408562E+02    0.1449903417E+03    0.2004788542E+03    0.2645048150E+03    0.3378439367E+03    0.4210226599E+03    0.5146159564E+03    0.6196132931E+03    0.7373850498E+03    0.8682306402E+03    0.1014935322E+04    0.1176928908E+04    0.1356989120E+04    0.1556916502E+04    0.1776164311E+04
      100.0000000000    0.5464494227E+02    0.1011094057E+03    0.1518867057E+03    0.2096097778E+03    0.2764150725E+03    0.3530872367E+03    0.4396931373E+03    0.5376215089E+03    0.6471224274E+03    0.7700196779E+03    0.9075554320E+03    0.1060049113E+04    0.1230934025E+04    0.1419323166E+04    0.1628518839E+04    0.1861118605E+04
