               #####        0.2000000000        0.2533333333        0.3066666667        0.3600000000        0.4133333333        0.4666666667        0.5200000000        0.5733333333        0.6266666667        0.6800000000        0.7333333333        0.7866666667        0.8400000000        0.8933333333        0.9466666667        1.0000000000
        0.0010000000    0.1369187327E-07    0.2182617344E-07    0.3167497264E-07    0.4306930018E-07    0.5579318614E-07    0.6959265555E-07    0.8419069101E-07    0.9930425095E-07    0.1146619058E-06    0.1300177085E-06    0.1451612933E-06    0.1599222045E-06    0.1741704291E-06    0.1878140076E-06    0.2007938906E-06    0.2130782934E-06
        0.0010948890    0.1955141193E-07    0.3116684671E-07    0.4523051352E-07    0.6150112939E-07    0.7967029834E-07    0.9937535460E-07    0.1202207287E-06    0.1418022490E-06    0.1637323252E-06    0.1856597549E-06    0.2072841446E-06    0.2283620906E-06    0.2487079401E-06    0.2681903786E-06    0.2867250864E-06    0.3042666766E-06
        0.0011987818    0.2790556321E-07    0.4448417495E-07    0.6455712806E-07    0.8778004142E-07    0.1137127437E-06    0.1418376048E-06    0.1715900309E-06    0.2023931506E-06    0.2336937586E-06    0.2649905863E-06    0.2958548842E-06    0.3259392439E-06    0.3549786847E-06    0.3827857828E-06    0.4092401897E-06    0.4342771253E-06
        0.0013125330    0.3980674233E-07    0.6345581056E-07    0.9208948988E-07    0.1252165273E-06    0.1622090264E-06    0.2023285969E-06    0.2447698556E-06    0.2887099050E-06    0.3333596074E-06    0.3780039117E-06    0.4220312141E-06    0.4649459430E-06    0.5063701087E-06    0.5460363547E-06    0.5837730071E-06    0.6194876591E-06
        0.0014370779    0.5675214612E-07    0.9046843130E-07    0.1312912376E-06    0.1785201895E-06    0.2312600994E-06    0.2884582482E-06    0.3489664056E-06    0.4116113708E-06    0.4752680741E-06    0.5389170709E-06    0.6016864013E-06    0.6628695322E-06    0.7219275665E-06    0.7784793372E-06    0.8322800909E-06    0.8831980854E-06
        0.0015734408    0.8085572100E-07    0.1288918742E-06    0.1870528089E-06    0.2543406880E-06    0.3294801211E-06    0.4109712787E-06    0.4971782540E-06    0.5864295636E-06    0.6771222977E-06    0.7678040328E-06    0.8572324708E-06    0.9444010008E-06    0.1028541847E-05    0.1109111956E-05    0.1185762625E-05    0.1258306162E-05
        0.0017227429    0.1151129201E-06    0.1835011845E-06    0.2663039342E-06    0.3621005645E-06    0.4690753203E-06    0.5850929141E-06    0.7078243251E-06    0.8348898825E-06    0.9640075426E-06    0.1093109508E-05    0.1220427135E-05    0.1344527326E-05    0.1464317013E-05    0.1579023060E-05    0.1688149031E-05    0.1791427714E-05
        0.0018862122    0.1637555395E-06    0.2610422600E-06    0.3788345223E-06    0.5151114235E-06    0.6672899285E-06    0.8323324428E-06    0.1006925770E-05    0.1187684661E-05    0.1371362746E-05    0.1555018438E-05    0.1736135719E-05    0.1912675913E-05    0.2083084057E-05    0.2246260322E-05    0.2401498501E-05    0.2548418476E-05
        0.0020651929    0.2327425365E-06    0.3710142632E-06    0.5384301285E-06    0.7321178591E-06    0.9484062263E-06    0.1182977937E-05    0.1431123986E-05    0.1688032955E-05    0.1949090818E-05    0.2210116731E-05    0.2467534714E-05    0.2718447226E-05    0.2960644234E-05    0.3192562577E-05    0.3413198547E-05    0.3622011911E-05
        0.0022611570    0.3304528116E-06    0.5267739862E-06    0.7644746525E-06    0.1039476688E-05    0.1346567584E-05    0.1679617519E-05    0.2031940500E-05    0.2396705125E-05    0.2767360252E-05    0.3137969791E-05    0.3503456459E-05    0.3859706256E-05    0.4203581329E-05    0.4532862285E-05    0.4846124060E-05    0.5142599647E-05
        0.0024757158    0.4686562217E-06    0.7470837419E-06    0.1084196701E-05    0.1474211392E-05    0.1909735268E-05    0.2382074802E-05    0.2881747674E-05    0.3399065330E-05    0.3924736696E-05    0.4450342990E-05    0.4968683440E-05    0.5473923447E-05    0.5961612834E-05    0.6428604030E-05    0.6872876017E-05    0.7293341061E-05
        0.0027106339    0.6638353107E-06    0.1058218336E-05    0.1535727311E-05    0.2088169788E-05    0.2705074403E-05    0.3374126960E-05    0.4081895931E-05    0.4814657648E-05    0.5559251467E-05    0.6303752349E-05    0.7037960559E-05    0.7753611551E-05    0.8444401809E-05    0.9105872960E-05    0.9735162378E-05    0.1033072942E-04
        0.0029678432    0.9390941815E-06    0.1497008004E-05    0.2172515983E-05    0.2954028626E-05    0.3826732487E-05    0.4773207083E-05    0.5774451234E-05    0.6811050464E-05    0.7864386793E-05    0.8917590238E-05    0.9956231594E-05    0.1096861936E-04    0.1194583628E-04    0.1288157541E-04    0.1377178730E-04    0.1461429264E-04
        0.0032494587    0.1326484302E-05    0.2114545978E-05    0.3068711262E-05    0.4172609717E-05    0.5405316883E-05    0.6742225679E-05    0.8156496161E-05    0.9620704555E-05    0.1110855218E-04    0.1259620951E-04    0.1406329481E-04    0.1549329353E-04    0.1687360996E-04    0.1819533562E-04    0.1945275085E-04    0.2064277771E-04
        0.0035577965    0.1870626311E-05    0.2981962027E-05    0.4327539525E-05    0.5884272789E-05    0.7622653397E-05    0.9507979389E-05    0.1150239981E-04    0.1356724029E-04    0.1566541314E-04    0.1776331290E-04    0.1983219644E-04    0.2184877453E-04    0.2379528457E-04    0.2565916404E-04    0.2743234746E-04    0.2911049492E-04
        0.0038953921    0.2633246243E-05    0.4197653658E-05    0.6091799216E-05    0.8283184769E-05    0.1073027100E-04    0.1338420730E-04    0.1619170993E-04    0.1909833593E-04    0.2205187599E-04    0.2500502294E-04    0.2791731471E-04    0.3075596710E-04    0.3349597619E-04    0.3611965852E-04    0.3861566137E-04    0.4097787664E-04
        0.0042650218    0.3699607331E-05    0.5897539093E-05    0.8558740379E-05    0.1163755183E-04    0.1507561079E-04    0.1880428170E-04    0.2274870005E-04    0.2683237246E-04    0.3098194386E-04    0.3513094711E-04    0.3922253302E-04    0.4321064041E-04    0.4706014002E-04    0.5074618840E-04    0.5425283705E-04    0.5757150640E-04
        0.0046697254    0.5186895080E-05    0.8268423954E-05    0.1199946295E-04    0.1631599570E-04    0.2113619417E-04    0.2636382619E-04    0.3189392546E-04    0.3761924157E-04    0.4343692443E-04    0.4925378190E-04    0.5499010787E-04    0.6058132288E-04    0.6597817581E-04    0.7114583782E-04    0.7606195196E-04    0.8071449327E-04
        0.0051128308    0.7255107282E-05    0.1156536111E-04    0.1678411008E-04    0.2282180944E-04    0.2956399799E-04    0.3687606442E-04    0.4461117877E-04    0.5261931548E-04    0.6075660457E-04    0.6889268683E-04    0.7691606922E-04    0.8473642007E-04    0.9228485098E-04    0.9951264921E-04    0.1063885487E-03    0.1128957366E-03
        0.0055979820    0.1012302932E-04    0.1613711705E-04    0.2341882588E-04    0.3184320945E-04    0.4125055093E-04    0.5145301357E-04    0.6224570874E-04    0.7341928772E-04    0.8477299186E-04    0.9612491743E-04    0.1073194895E-03    0.1182306653E-03    0.1287623269E-03    0.1388465124E-03    0.1484396062E-03    0.1575181617E-03
        0.0061291687    0.1408524966E-04    0.2245329640E-04    0.3258511960E-04    0.4430685910E-04    0.5739626665E-04    0.7159195991E-04    0.8660882453E-04    0.1021555383E-03    0.1179527333E-03    0.1337472829E-03    0.1493227032E-03    0.1645036114E-03    0.1791562723E-03    0.1931861356E-03    0.2065325323E-03    0.2191628607E-03
        0.0067107592    0.1953981590E-04    0.3114842871E-04    0.4520384582E-04    0.6146486247E-04    0.7962313300E-04    0.9931600875E-04    0.1201479085E-03    0.1417146354E-03    0.1636285806E-03    0.1855385489E-03    0.2071441943E-03    0.2282022065E-03    0.2485270678E-03    0.2679876349E-03    0.2864997775E-03    0.3040183085E-03
        0.0073475362    0.2701811811E-04    0.4306960588E-04    0.6250433708E-04    0.8498876258E-04    0.1100964706E-03    0.1373259388E-03    0.1661300902E-03    0.1959499285E-03    0.2262494014E-03    0.2565428260E-03    0.2864148585E-03    0.3155290510E-03    0.3436288979E-03    0.3705331047E-03    0.3961254011E-03    0.4203433776E-03
        0.0080447363    0.3722695908E-04    0.5934354660E-04    0.8612172928E-04    0.1171018710E-03    0.1516963398E-03    0.1892139695E-03    0.2289007945E-03    0.2699864157E-03    0.3117320603E-03    0.3534683924E-03    0.3946230437E-03    0.4347324096E-03    0.4734430882E-03    0.5105053551E-03    0.5457591114E-03    0.5791184943E-03
        0.0088080930    0.5109370235E-04    0.8144856752E-04    0.1182014063E-03    0.1607212725E-03    0.2082014690E-03    0.2596931223E-03    0.3141611125E-03    0.3705477464E-03    0.4278387617E-03    0.4851152602E-03    0.5415915207E-03    0.5966312001E-03    0.6497493030E-03    0.7006032142E-03    0.7489733861E-03    0.7947421996E-03
        0.0096438838    0.6982704155E-04    0.1113114560E-03    0.1615395802E-03    0.2196489564E-03    0.2845368003E-03    0.3549058910E-03    0.4293410439E-03    0.5063961928E-03    0.5846846702E-03    0.6629502481E-03    0.7401188627E-03    0.8153207744E-03    0.8878932505E-03    0.9573682880E-03    0.1023446174E-02    0.1085966566E-02
        0.0105589819    0.9497917124E-04    0.1514065795E-03    0.2197271182E-03    0.2987673526E-03    0.3870267179E-03    0.4827399456E-03    0.5839811472E-03    0.6887823758E-03    0.7952565562E-03    0.9016942328E-03    0.1006634008E-02    0.1108892717E-02    0.1207569062E-02    0.1302026869E-02    0.1391859051E-02    0.1476848213E-02
        0.0115609128    0.1285352001E-03    0.2048984303E-03    0.2973564116E-03    0.4043205902E-03    0.5237592983E-03    0.6532822480E-03    0.7902814988E-03    0.9320921011E-03    0.1076158685E-02    0.1220166589E-02    0.1362137336E-02    0.1500469512E-02    0.1633943665E-02    0.1761699579E-02    0.1883187357E-02    0.1998114024E-02
        0.0126579159    0.1729457368E-03    0.2756935537E-03    0.4000966797E-03    0.5440167481E-03    0.7047184734E-03    0.8789833615E-03    0.1063299575E-02    0.1254078418E-02    0.1447878872E-02    0.1641584386E-02    0.1832531580E-02    0.2018565348E-02    0.2198045393E-02    0.2369815534E-02    0.2533137642E-02    0.2687619631E-02
        0.0138590124    0.2312651769E-03    0.3686609961E-03    0.5350138605E-03    0.7274626812E-03    0.9423469652E-03    0.1175358909E-02    0.1421797620E-02    0.1676859179E-02    0.1935937561E-02    0.2194861644E-02    0.2450067726E-02    0.2698673366E-02    0.2938486028E-02    0.3167961830E-02    0.3386116790E-02    0.3592430249E-02
        0.0151740797    0.3069540772E-03    0.4893173432E-03    0.7101135911E-03    0.9655425836E-03    0.1250741026E-02    0.1559984505E-02    0.1887025472E-02    0.2225479220E-02    0.2569224432E-02    0.2912718760E-02    0.3251228524E-02    0.3580926954E-02    0.3898905518E-02    0.4203118790E-02    0.4492265951E-02    0.4765662125E-02
        0.0166139325    0.4048643039E-03    0.6453965175E-03    0.9366181374E-03    0.1273511820E-02    0.1649654703E-02    0.2057484905E-02    0.2488748304E-02    0.2935009294E-02    0.3388181031E-02    0.3840943355E-02    0.4287046906E-02    0.4721443090E-02    0.5140298692E-02    0.5540922522E-02    0.5921607895E-02    0.6281462114E-02
        0.0181904113    0.5301420903E-03    0.8451012994E-03    0.1226429074E-02    0.1667546820E-02    0.2160029946E-02    0.2693957146E-02    0.3258497132E-02    0.3842580282E-02    0.4435596158E-02    0.5027943541E-02    0.5611430493E-02    0.6179445076E-02    0.6726973880E-02    0.7250504812E-02    0.7747818762E-02    0.8217764951E-02
        0.0199164806    0.6862137705E-03    0.1093893954E-02    0.1587472383E-02    0.2158419694E-02    0.2795807983E-02    0.3486763449E-02    0.4217228690E-02    0.4972836762E-02    0.5739819325E-02    0.6505723138E-02    0.7259930867E-02    0.7993882865E-02    0.8701100069E-02    0.9377056214E-02    0.1001890474E-01    0.1062518573E-01
        0.0218063349    0.8792306045E-03    0.1401578027E-02    0.2033968893E-02    0.2765451422E-02    0.3581986071E-02    0.4467026523E-02    0.5402501135E-02    0.6369940562E-02    0.7351649898E-02    0.8331633931E-02    0.9296269031E-02    0.1023458833E-01    0.1113830905E-01    0.1200166540E-01    0.1282105302E-01    0.1359464982E-01
        0.0238755154    0.1111675657E-02    0.1772113478E-02    0.2571664931E-02    0.3496447488E-02    0.4528651593E-02    0.5647276870E-02    0.6829380660E-02    0.8051516070E-02    0.9291227578E-02    0.1052823220E-01    0.1174527602E-01    0.1292849600E-01    0.1406745104E-01    0.1515490522E-01    0.1618636903E-01    0.1715961441E-01
        0.0261410384    0.1391788887E-02    0.2218631116E-02    0.3219603012E-02    0.4377268272E-02    0.5669238692E-02    0.7069098906E-02    0.8547981952E-02    0.1007638931E-01    0.1162608455E-01    0.1317158930E-01    0.1469126569E-01    0.1616777023E-01    0.1758808629E-01    0.1894324363E-01    0.2022772934E-01    0.2143887200E-01
        0.0286215345    0.1725064568E-02    0.2749890083E-02    0.3990488634E-02    0.5425165219E-02    0.7026033703E-02    0.8760168279E-02    0.1059157619E-01    0.1248348425E-01    0.1440071834E-01    0.1631158289E-01    0.1818921645E-01    0.2001215389E-01    0.2176435520E-01    0.2343484322E-01    0.2501695055E-01    0.2650754357E-01
        0.0313374022    0.2112382666E-02    0.3367312855E-02    0.4886411850E-02    0.6643002435E-02    0.8602747179E-02    0.1072506649E-01    0.1296558459E-01    0.1527897567E-01    0.1762192560E-01    0.1995546942E-01    0.2224666961E-01    0.2446930127E-01    0.2660386848E-01    0.2863713820E-01    0.3056118377E-01    0.3237241730E-01
        0.0343109759    0.2558781378E-02    0.4078965398E-02    0.5919127313E-02    0.8046816237E-02    0.1042018870E-01    0.1298973847E-01    0.1570130464E-01    0.1849958714E-01    0.2133180260E-01    0.2415056457E-01    0.2691593836E-01    0.2959626160E-01    0.3216813342E-01    0.3461581732E-01    0.3693003305E-01    0.3910676317E-01
        0.0375667089    0.3079037734E-02    0.4908443942E-02    0.7122932422E-02    0.9683292149E-02    0.1253885164E-01    0.1562958025E-01    0.1888977552E-01    0.2225239081E-01    0.2565352788E-01    0.2903596351E-01    0.3235164318E-01    0.3556264613E-01    0.3864112394E-01    0.4156853641E-01    0.4433413013E-01    0.4693347915E-01
        0.0411313750    0.3697024760E-02    0.5893849982E-02    0.8553176930E-02    0.1162772988E-01    0.1505625948E-01    0.1876610115E-01    0.2267770382E-01    0.2670996247E-01    0.3078573290E-01    0.3483613261E-01    0.3880354516E-01    0.4264273263E-01    0.4632068831E-01    0.4981565988E-01    0.5311523534E-01    0.5621457207E-01
        0.0450342886    0.4446638063E-02    0.7089256294E-02    0.1028836747E-01    0.1398686333E-01    0.1811055308E-01    0.2257130626E-01    0.2727265097E-01    0.3211637111E-01    0.3700928118E-01    0.4186845485E-01    0.4662481949E-01    0.5122441062E-01    0.5562809102E-01    0.5981030821E-01    0.6375668909E-01    0.6746190719E-01
        0.0493075457    0.5389809171E-02    0.8593283262E-02    0.1247137979E-01    0.1695446619E-01    0.2195186553E-01    0.2735579586E-01    0.3304838467E-01    0.3890990171E-01    0.4482711449E-01    0.5069963724E-01    0.5644421220E-01    0.6199609442E-01    0.6730857776E-01    0.7235142347E-01    0.7710783252E-01    0.8157188441E-01
        0.0539862877    0.6602743903E-02    0.1052707907E-01    0.1527735292E-01    0.2076745973E-01    0.2688513008E-01    0.3349700734E-01    0.4045757906E-01    0.4761954108E-01    0.5484413414E-01    0.6200884179E-01    0.6901247908E-01    0.7577670240E-01    0.8224527935E-01    0.8838211619E-01    0.9416742790E-01    0.9959465190E-01
        0.0591089906    0.8145958934E-02    0.1298659866E-01    0.1884453473E-01    0.2561209520E-01    0.3314895896E-01    0.4128884798E-01    0.4985099202E-01    0.5865317459E-01    0.6752447179E-01    0.7631454993E-01    0.8489973596E-01    0.9318469043E-01    0.1011013743E+00    0.1086065901E+00    0.1156771007E+00    0.1223058732E+00
        0.0647177816    0.1003708992E-01    0.1599946239E-01    0.2321210438E-01    0.3154022703E-01    0.4080857945E-01    0.5081029169E-01    0.6132143628E-01    0.7211720133E-01    0.8298741319E-01    0.9374776341E-01    0.1042471804E+00    0.1143697981E+00    0.1240335774E+00    0.1331872212E+00    0.1418038868E+00    0.1498765585E+00
        0.0708587849    0.1218256257E-01    0.1941716119E-01    0.2816592625E-01    0.3826337744E-01    0.4949499654E-01    0.6160843555E-01    0.7433122994E-01    0.8739017689E-01    0.1005300126E+00    0.1135271611E+00    0.1261989896E+00    0.1384062909E+00    0.1500514514E+00    0.1610745066E+00    0.1714450232E+00    0.1811564189E+00
        0.0775825017    0.1440801966E-01    0.2296455212E-01    0.3331232963E-01    0.4525637099E-01    0.5854409985E-01    0.7287814295E-01    0.8793629890E-01    0.1033939673E+00    0.1189468175E+00    0.1343282236E+00    0.1493211803E+00    0.1637613689E+00    0.1775345597E+00    0.1905715039E+00    0.2028376436E+00    0.2143263592E+00
        0.0849442250    0.1643087390E-01    0.2619866961E-01    0.3802313827E-01    0.5169032338E-01    0.6692062034E-01    0.8338038623E-01    0.1007022346E+00    0.1185109339E+00    0.1364520069E+00    0.1542144506E+00    0.1715457732E+00    0.1882553202E+00    0.2042105506E+00    0.2193307432E+00    0.2335745989E+00    0.2469327497E+00
        0.0930044946    0.1825534306E-01    0.2913329120E-01    0.4233232723E-01    0.5763491487E-01    0.7474811759E-01    0.9330972287E-01    0.1129081917E+00    0.1331151647E+00    0.1535232512E+00    0.1737749582E+00    0.1935801616E+00    0.2127188867E+00    0.2310363104E+00    0.2484357071E+00    0.2648643478E+00    0.2803057728E+00
        0.1018295948    0.2033717055E-01    0.3249378973E-01    0.4729148262E-01    0.6451734275E-01    0.8386596209E-01    0.1049374393E+00    0.1272617517E+00    0.1503447203E+00    0.1737175110E+00    0.1969701701E+00    0.2197694614E+00    0.2418602300E+00    0.2630593598E+00    0.2832486196E+00    0.3023591485E+00    0.3203638170E+00
        0.1114920997    0.2361640644E-01    0.3775802892E-01    0.5500867134E-01    0.7514208205E-01    0.9780766782E-01    0.1225259484E+00    0.1487308795E+00    0.1758367797E+00    0.2032975513E+00    0.2306399870E+00    0.2574793604E+00    0.2835187346E+00    0.3085420391E+00    0.3324070571E+00    0.3550280661E+00    0.3763681344E+00
        0.1220714697    0.2845512874E-01    0.4548543096E-01    0.6626500161E-01    0.9051783956E-01    0.1177941140E+00    0.1474807961E+00    0.1788786200E+00    0.2112896056E+00    0.2440776963E+00    0.2766965796E+00    0.3087021940E+00    0.3397504071E+00    0.3695894693E+00    0.3980530811E+00    0.4250403272E+00    0.4505075692E+00
        0.1336547051    0.3378380769E-01    0.5400627519E-01    0.7870054587E-01    0.1075281381E+00    0.1399144326E+00    0.1750985693E+00    0.2122495745E+00    0.2505613937E+00    0.2893062106E+00    0.3278568579E+00    0.3656996178E+00    0.4024328628E+00    0.4377601894E+00    0.4714841324E+00    0.5034830856E+00    0.5337028077E+00
        0.1463370617    0.3766467594E-01    0.6034546995E-01    0.8819275263E-01    0.1208561286E+00    0.1576822908E+00    0.1978180564E+00    0.2403480504E+00    0.2843808108E+00    0.3290953999E+00    0.3737666833E+00    0.4177861833E+00    0.4606668771E+00    0.5020401943E+00    0.5416523265E+00    0.5793389051E+00    0.6150166013E+00
        0.1602228341    0.4051227606E-01    0.6520513914E-01    0.9581332699E-01    0.1320172573E+00    0.1731345390E+00    0.2182718437E+00    0.2664568746E+00    0.3167097695E+00    0.3680927300E+00    0.4197485478E+00    0.4709366425E+00    0.5210482649E+00    0.5696098363E+00    0.6162832788E+00    0.6608385694E+00    0.7031454764E+00
        0.1754262130    0.4569534587E-01    0.7377584232E-01    0.1087604887E+00    0.1502801845E+00    0.1975746209E+00    0.2496748047E+00    0.3055102757E+00    0.3639708591E+00    0.4239673805E+00    0.4844860263E+00    0.5446389138E+00    0.6036875114E+00    0.6610502243E+00    0.7163053779E+00    0.7691598222E+00    0.8194404141E+00
        0.1920722248    0.5389197956E-01    0.8703658185E-01    0.1282714410E+00    0.1770795197E+00    0.2325692825E+00    0.2936510700E+00    0.3591140329E+00    0.4276879819E+00    0.4981178991E+00    0.5692304965E+00    0.6399946165E+00    0.7095486891E+00    0.7772100187E+00    0.8424795704E+00    0.9050056260E+00    0.9645757060E+00
        0.2102977595    0.6008071046E-01    0.9741030451E-01    0.1440743945E+00    0.1995550895E+00    0.2629596302E+00    0.3331448468E+00    0.4087749098E+00    0.4884001727E+00    0.5705566123E+00    0.6538535967E+00    0.7370525419E+00    0.8191051286E+00    0.8991690711E+00    0.9766176981E+00    0.1050999257E+01    0.1122029508E+01
        0.2302526962    0.6490024598E-01    0.1059783106E+00    0.1578391449E+00    0.2201189197E+00    0.2920191635E+00    0.3723682528E+00    0.4596828183E+00    0.5522799508E+00    0.6484141565E+00    0.7463975200E+00    0.8447060064E+00    0.9420343806E+00    0.1037321578E+01    0.1129766265E+01    0.1218780543E+01    0.1303982353E+01
        0.2521011363    0.7409481948E-01    0.1212230363E+00    0.1807956325E+00    0.2525130587E+00    0.3355822113E+00    0.4287404292E+00    0.5303319339E+00    0.6384443344E+00    0.7510687495E+00    0.8662399939E+00    0.9821634237E+00    0.1097283313E+01    0.1210318087E+01    0.1320284380E+01    0.1426446689E+01    0.1528312728E+01
        0.2760227522    0.8261249602E-01    0.1357234465E+00    0.2032439108E+00    0.2850805685E+00    0.3805176205E+00    0.4882268920E+00    0.6063672564E+00    0.7327505111E+00    0.8650337715E+00    0.1000890541E+01    0.1138168661E+01    0.1274979529E+01    0.1409747998E+01    0.1541247652E+01    0.1668546037E+01    0.1791003025E+01
        0.3022142655    0.9032340465E-01    0.1494535406E+00    0.2254307714E+00    0.3185119371E+00    0.4281207398E+00    0.5528653808E+00    0.6906713164E+00    0.8389910305E+00    0.9950454758E+00    0.1156040007E+01    0.1319363735E+01    0.1482704790E+01    0.1644117387E+01    0.1802069254E+01    0.1955380768E+01    0.2103225963E+01
        0.3308910644    0.1013702943E+00    0.1682886440E+00    0.2547738576E+00    0.3614226737E+00    0.4878206088E+00    0.6325638112E+00    0.7933983767E+00    0.9674507279E+00    0.1151506137E+01    0.1342268710E+01    0.1536610233E+01    0.1731721632E+01    0.1925207590E+01    0.2115154601E+01    0.2300068031E+01    0.2478879525E+01
        0.3622889751    0.1109231161E+00    0.1856549759E+00    0.2834349266E+00    0.4053919063E+00    0.5513608092E+00    0.7199149151E+00    0.9085335431E+00    0.1113883569E+01    0.1332162432E+01    0.1559420583E+01    0.1791871360E+01    0.2026083126E+01    0.2259103534E+01    0.2488548813E+01    0.2712536896E+01    0.2929701128E+01
        0.3966662010    0.1230512950E+00    0.2071711176E+00    0.3182975282E+00    0.4582023699E+00    0.6270999101E+00    0.8236521264E+00    0.1045131792E+01    0.1287740766E+01    0.1547021808E+01    0.1818259106E+01    0.2096870346E+01    0.2378656803E+01    0.2659971127E+01    0.2937836635E+01    0.3209879625E+01    0.3474351971E+01
        0.4343054463    0.1350371463E+00    0.2294137529E+00    0.3557101204E+00    0.5165551173E+00    0.7126597802E+00    0.9427944447E+00    0.1203964383E+01    0.1491787738E+01    0.1800997762E+01    0.2125938592E+01    0.2461055164E+01    0.2801211112E+01    0.3141908656E+01    0.3479442986E+01    0.3810835317E+01    0.4133866313E+01
        0.4755162407    0.1487824419E+00    0.2549718527E+00    0.3988660552E+00    0.5842199433E+00    0.8124636988E+00    0.1082606395E+01    0.1391404983E+01    0.1733809935E+01    0.2103584019E+01    0.2493923977E+01    0.2898078701E+01    0.3309754907E+01    0.3723404350E+01    0.4134420772E+01    0.4539076447E+01    0.4934568262E+01
        0.5206374847    0.1635337614E+00    0.2831266824E+00    0.4474375153E+00    0.6616838830E+00    0.9282463827E+00    0.1246473218E+01    0.1612844022E+01    0.2021504766E+01    0.2465035562E+01    0.2935230754E+01    0.3423877064E+01    0.3923266805E+01    0.4426568639E+01    0.4928074076E+01    0.5423141035E+01    0.5908254420E+01
        0.5700402368    0.1796508693E+00    0.3145810566E+00    0.5027059093E+00    0.7511331211E+00    0.1063494567E+01    0.1439613181E+01    0.1875659161E+01    0.2364802179E+01    0.2898173144E+01    0.3465847157E+01    0.4057823312E+01    0.4664669340E+01    0.5277995147E+01    0.5890754708E+01    0.6497200910E+01    0.7092961612E+01
        0.6241307649    0.1974221941E+00    0.3499853173E+00    0.5660001711E+00    0.8550104976E+00    0.1222277353E+01    0.1668256474E+01    0.2188749196E+01    0.2775716261E+01    0.3418497251E+01    0.4105054886E+01    0.4823208049E+01    0.5561433971E+01    0.6309465624E+01    0.7058651785E+01    0.7801928035E+01    0.8533907972E+01
        0.6833538873    0.2169872281E+00    0.3899084366E+00    0.6387443379E+00    0.9761417478E+00    0.1409435330E+01    0.1939876127E+01    0.2562788254E+01    0.3268608515E+01    0.4044449642E+01    0.4875680346E+01    0.5747474094E+01    0.6645795465E+01    0.7558143530E+01    0.8473967073E+01    0.9384657519E+01    0.1028365285E+02
        0.7481966305    0.2386300846E+00    0.4351663748E+00    0.7227865389E+00    0.1118059712E+01    0.1630915504E+01    0.2263552359E+01    0.3010628458E+01    0.3860624762E+01    0.4797871041E+01    0.5804555961E+01    0.6862665388E+01    0.7955176309E+01    0.9066967231E+01    0.1018527555E+02    0.1129971926E+02    0.1240240807E+02
        0.8191922345    0.2626817853E+00    0.4867400285E+00    0.8203723436E+00    0.1285062081E+01    0.1893922090E+01    0.2650203727E+01    0.3547582864E+01    0.4571993252E+01    0.5704277079E+01    0.6922740979E+01    0.8205567495E+01    0.9532230447E+01    0.1088458928E+02    0.1224735984E+02    0.1360817360E+02    0.1495768654E+02
        0.8969245379    0.2895239015E+00    0.5457984672E+00    0.9342041522E+00    0.1482318845E+01    0.2207069093E+01    0.3112762499E+01    0.4191585016E+01    0.5426121530E+01    0.6792846365E+01    0.8265362043E+01    0.9817373308E+01    0.1142431849E+02    0.1306465640E+02    0.1472029851E+02    0.1637671829E+02    0.1802304371E+02
        0.9820327791    0.3196318787E+00    0.6137796537E+00    0.1067584777E+01    0.1716094109E+01    0.2580670741E+01    0.3666496294E+01    0.4963484711E+01    0.6449802801E+01    0.8096479802E+01    0.9871481078E+01    0.1174333155E+02    0.1368292366E+02    0.1566499195E+02    0.1766842226E+02    0.1967643139E+02    0.2167662430E+02
        1.0752168532    0.3535681771E+00    0.6924165624E+00    0.1224495207E+01    0.1993873654E+01    0.3026884475E+01    0.4329101489E+01    0.5887010460E+01    0.7672968252E+01    0.9651280273E+01    0.1178326244E+02    0.1403158429E+02    0.1636216013E+02    0.1874578775E+02    0.2115820779E+02    0.2358038835E+02    0.2599852452E+02
        1.1772430677    0.3920204039E+00    0.7838127820E+00    0.1409730579E+01    0.2324552276E+01    0.3559895473E+01    0.5120795429E+01    0.6988669551E+01    0.9128309948E+01    0.1149584321E+02    0.1404490784E+02    0.1673175018E+02    0.1951702562E+02    0.2236755554E+02    0.2525595839E+02    0.2816109900E+02    0.3106800768E+02
        1.2889504441    0.4358141839E+00    0.8905120996E+00    0.1629034180E+01    0.2718597224E+01    0.4196023101E+01    0.6064249043E+01    0.8297395995E+01    0.1085056843E+02    0.1367015463E+02    0.1670117624E+02    0.1989310608E+02    0.2320129701E+02    0.2658878972E+02    0.3002527865E+02    0.3348782771E+02    0.3696069042E+02
        1.4112576178    0.4859459648E+00    0.1015570710E+01    0.1889212201E+01    0.3188145901E+01    0.4953682024E+01    0.7184274736E+01    0.9843861218E+01    0.1287542350E+02    0.1621408235E+02    0.1979554054E+02    0.2356249808E+02    0.2746528580E+02    0.3146364446E+02    0.3552473076E+02    0.3962426439E+02    0.4374624273E+02
        1.5451703927    0.5436182842E+00    0.1162651380E+01    0.2198269513E+01    0.3747088425E+01    0.5853262602E+01    0.8507366969E+01    0.1165960598E+02    0.1523823696E+02    0.1916582255E+02    0.2336847042E+02    0.2778260138E+02    0.3235419804E+02    0.3704048548E+02    0.4180663652E+02    0.4662760400E+02    0.5148774349E+02
        1.6917900122    0.6102894482E+00    0.1336134279E+01    0.2565541513E+01    0.4411089501E+01    0.6916876181E+01    0.1006105936E+02    0.1377600893E+02    0.1797274243E+02    0.2256049178E+02    0.2745612715E+02    0.3259090003E+02    0.3790753677E+02    0.4336180026E+02    0.4891753672E+02    0.5454955968E+02    0.6024322254E+02
        1.8523222157    0.6877007752E+00    0.1541179805E+01    0.3001712109E+01    0.5197388876E+01    0.8167771295E+01    0.1187290473E+02    0.1622293121E+02    0.2110957243E+02    0.2642880355E+02    0.3208943887E+02    0.3801935251E+02    0.4415947463E+02    0.5046532374E+02    0.5690006960E+02    0.6343896297E+02    0.7006893120E+02
        2.0280871538    0.7779466594E+00    0.1783849990E+01    0.3518876222E+01    0.6124615389E+01    0.9629776638E+01    0.1396960061E+02    0.1902775203E+02    0.2467552382E+02    0.3079688091E+02    0.3729470248E+02    0.4409591950E+02    0.5114134284E+02    0.5838744683E+02    0.6579722677E+02    0.7334678540E+02    0.8102505213E+02
        2.2205302450    0.8835246934E+00    0.2071174307E+01    0.4130462546E+01    0.7212371060E+01    0.1132650125E+02    0.1637599070E+02    0.2221451902E+02    0.2869323724E+02    0.3568676415E+02    0.4309507718E+02    0.5084705241E+02    0.5888501468E+02    0.6716733966E+02    0.7565706832E+02    0.8433132930E+02    0.9318129248E+02
        2.4312340620    0.1007452892E+01    0.2411305794E+01    0.4851249918E+01    0.8480958406E+01    0.1328085817E+02    0.1911471478E+02    0.2580415086E+02    0.3318230778E+02    0.4111860865E+02    0.4951384604E+02    0.5830182757E+02    0.6742764242E+02    0.7685202682E+02    0.8653794224E+02    0.9646348121E+02    0.1066221450E+03
        2.6619313461    0.1153040923E+01    0.2813002506E+01    0.5696269829E+01    0.9949566137E+01    0.1551272813E+02    0.2220377189E+02    0.2981231609E+02    0.3815771419E+02    0.4710964534E+02    0.5657366649E+02    0.6649111153E+02    0.7681036939E+02    0.8749438793E+02    0.9850565370E+02    0.1098230536E+03    0.1214425072E+03
        2.9145192568    0.1324520031E+01    0.3286643519E+01    0.6682145959E+01    0.1163808185E+02    0.1804168560E+02    0.2566065347E+02    0.3425526571E+02    0.4363732776E+02    0.5368303228E+02    0.6430623719E+02    0.7545747909E+02    0.8708808362E+02    0.9916256467E+02    0.1116425194E+03    0.1245075984E+03    0.1377564327E+03
        3.1910749729    0.1526483162E+01    0.3843013030E+01    0.7824900235E+01    0.1356399438E+02    0.2088339254E+02    0.2949857539E+02    0.3914596856E+02    0.4963769632E+02    0.6086277651E+02    0.7274578331E+02    0.8524683770E+02    0.9831907949E+02    0.1119278666E+03    0.1260338440E+03    0.1406177970E+03    0.1556817302E+03
        3.4938727747    0.1764416947E+01    0.4494063414E+01    0.9140990306E+01    0.1574413177E+02    0.2405254401E+02    0.3373082574E+02    0.4449966414E+02    0.5618029023E+02    0.6867998139E+02    0.8193472896E+02    0.9591332649E+02    0.1105694210E+03    0.1258690654E+03    0.1417725488E+03    0.1582626733E+03    0.1753458373E+03
        3.8254027466    0.2044273387E+01    0.5251876808E+01    0.1064559517E+02    0.1819263417E+02    0.2756081569E+02    0.3836859840E+02    0.5033119871E+02    0.6328775834E+02    0.7716742044E+02    0.9191636730E+02    0.1075104555E+03    0.1239032792E+03    0.1410625614E+03    0.1589494812E+03    0.1775500653E+03    0.1968762635E+03
        4.1883912545    0.2372873532E+01    0.6129188024E+01    0.1235353890E+02    0.2092278442E+02    0.3141973324E+02    0.4342462963E+02    0.5665896123E+02    0.7098755125E+02    0.8636241351E+02    0.1027372195E+03    0.1200937925E+03    0.1383867235E+03    0.1575874818E+03    0.1776595910E+03    0.1985934476E+03    0.2204075940E+03
        4.5858233661    0.2757562132E+01    0.7138548820E+01    0.1427820297E+02    0.2394595674E+02    0.3563949615E+02    0.4891154770E+02    0.6350233169E+02    0.7930795536E+02    0.9630144940E+02    0.1144411137E+03    0.1337155743E+03    0.1540831791E+03    0.1755214902E+03    0.1979974460E+03    0.2215066177E+03    0.2460749849E+03
        5.0209673996    0.3206338959E+01    0.8292461348E+01    0.1643208532E+02    0.2727275921E+02    0.4023042634E+02    0.5484335829E+02    0.7088279019E+02    0.8827843363E+02    0.1070203358E+03    0.1270703782E+03    0.1484274564E+03    0.1710570358E+03    0.1949442222E+03    0.2200597962E+03    0.2464049923E+03    0.2740139544E+03
        5.4974018001    0.3727563045E+01    0.9602811826E+01    0.1882628946E+02    0.3091246515E+02    0.4520205293E+02    0.6123403165E+02    0.7882155259E+02    0.9792626207E+02    0.1185511006E+03    0.1406639962E+03    0.1642792477E+03    0.1893715966E+03    0.2159336053E+03    0.2439398503E+03    0.2733976341E+03    0.3043502227E+03
        6.0190445678    0.4330087891E+01    0.1108121740E+02    0.2147138697E+02    0.3487416376E+02    0.5056442593E+02    0.6809885179E+02    0.8734042638E+02    0.1082774677E+03    0.1309245419E+03    0.1552615575E+03    0.1813225079E+03    0.2090911458E+03    0.2385659518E+03    0.2697253329E+03    0.3025839069E+03    0.3371965234E+03
        6.5901854779    0.5022770673E+01    0.1273829151E+02    0.2437647156E+02    0.3916529409E+02    0.5632618084E+02    0.7545174630E+02    0.9645802545E+02    0.1193533480E+03    0.1441679098E+03    0.1709004107E+03    0.1996054791E+03    0.2302731092E+03    0.2629057759E+03    0.2974878259E+03    0.3340453402E+03    0.3726497128E+03
        7.2155213579    0.5814655112E+01    0.1458421193E+02    0.2755008394E+02    0.4379277582E+02    0.6249605713E+02    0.8330665714E+02    0.1061911443E+03    0.1311736841E+03    0.1583090415E+03    0.1876183962E+03    0.2191734962E+03    0.2529666565E+03    0.2890062266E+03    0.3272893430E+03    0.3678601171E+03    0.4108109544E+03
        7.9001947124    0.6714821877E+01    0.1662865610E+02    0.3100002235E+02    0.4876269784E+02    0.6908259506E+02    0.9167651226E+02    0.1165541161E+03    0.1437576256E+03    0.1733761476E+03    0.2054508953E+03    0.2400637395E+03    0.2772098706E+03    0.3169141007E+03    0.3591942951E+03    0.4041155476E+03    0.4517914928E+03
        8.6498360130    0.7732055908E+01    0.1888035323E+02    0.3473252373E+02    0.5407932001E+02    0.7609287219E+02    0.1005710810E+03    0.1275577876E+03    0.1571229278E+03    0.1893943818E+03    0.2244244223E+03    0.2623008448E+03    0.3030346862E+03    0.3466789808E+03    0.3932721526E+03    0.4428976009E+03    0.4956894545E+03
        9.4706100008    0.8875010901E+01    0.2134746695E+02    0.3875272291E+02    0.5974595611E+02    0.8353338414E+02    0.1099978609E+03    0.1392123626E+03    0.1712877207E+03    0.2063847517E+03    0.2445561846E+03    0.2859065082E+03    0.3304803720E+03    0.3783554099E+03    0.4295845797E+03    0.4842697156E+03    0.5425716831E+03
       10.3692663829    0.1015186699E+02    0.2403697767E+02    0.4306368116E+02    0.6576401154E+02    0.9140831636E+02    0.1199606818E+03    0.1515267244E+03    0.1862667994E+03    0.2243584251E+03    0.2658566288E+03    0.3109069819E+03    0.3595858211E+03    0.4119812911E+03    0.4681646617E+03    0.5282686678E+03    0.5924926759E+03
       11.3531953391    0.1157123231E+02    0.2695622279E+02    0.4766872466E+02    0.7213643041E+02    0.9972316941E+02    0.1304656115E+03    0.1645143876E+03    0.2020750224E+03    0.2433252879E+03    0.2883478151E+03    0.3373372969E+03    0.3903799184E+03    0.4475794078E+03    0.5090451833E+03    0.5749511300E+03    0.6455335400E+03
       12.4304882957    0.1314020346E+02    0.3010936712E+02    0.5256641496E+02    0.7886120866E+02    0.1084761537E+03    0.1415124328E+03    0.1781808456E+03    0.2187117819E+03    0.2632878475E+03    0.3120466618E+03    0.3652062289E+03    0.4228610685E+03    0.4851622786E+03    0.5522605380E+03    0.6243607935E+03    0.7017356558E+03
       13.6100044661    0.1486615997E+02    0.3350051726E+02    0.5775545839E+02    0.8593790117E+02    0.1176664239E+03    0.1531052719E+03    0.1925322587E+03    0.2361769136E+03    0.2842604440E+03    0.3369648663E+03    0.3945112216E+03    0.4570442428E+03    0.5247594774E+03    0.5978342040E+03    0.6765120440E+03    0.7611200809E+03
       14.9014437053    0.1675626356E+02    0.3713276958E+02    0.6323367078E+02    0.9336587844E+02    0.1272928811E+03    0.1652499876E+03    0.2075701672E+03    0.2544761163E+03    0.3062563096E+03    0.3630978130E+03    0.4252616542E+03    0.4929506736E+03    0.5663783836E+03    0.6457690763E+03    0.7314282387E+03    0.8237322362E+03
       16.3154262774    0.1881593622E+02    0.4100561725E+02    0.6899470136E+02    0.1011394564E+03    0.1373497824E+03    0.1779458507E+03    0.2232855953E+03    0.2736136587E+03    0.3292655607E+03    0.3904366685E+03    0.4574635720E+03    0.5305629206E+03    0.6100054068E+03    0.6960739621E+03    0.7891151333E+03    0.8895677539E+03
       17.8635801925    0.2105153145E+02    0.4511962523E+02    0.7503523052E+02    0.1092567154E+03    0.1478389825E+03    0.1911962706E+03    0.2396816510E+03    0.2935983449E+03    0.3532833435E+03    0.4189977471E+03    0.4911078250E+03    0.5698842711E+03    0.6556540314E+03    0.7487463101E+03    0.8495730182E+03    0.9586406337E+03
       19.5586368304    0.2346672121E+02    0.4947042452E+02    0.8134674032E+02    0.1177084918E+03    0.1587563856E+03    0.2049911285E+03    0.2567578139E+03    0.3144134744E+03    0.3783048886E+03    0.4487603650E+03    0.5261773223E+03    0.6109007379E+03    0.7032979653E+03    0.8037663066E+03    0.9127886402E+03    0.1030936420E+04
       21.4145356385    0.2606635278E+02    0.5405547076E+02    0.8792536584E+02    0.1264916084E+03    0.1701064342E+03    0.2193285777E+03    0.2745228448E+03    0.3360546442E+03    0.4043348870E+03    0.4797138360E+03    0.5626769560E+03    0.6535987757E+03    0.7529299069E+03    0.8611316616E+03    0.9787471267E+03    0.1106446465E+04
       23.4465387640    0.2885495914E+02    0.5887174502E+02    0.9476849495E+02    0.1356054761E+03    0.1818940879E+03    0.2342158324E+03    0.2929759384E+03    0.3585355676E+03    0.4313625893E+03    0.5118726354E+03    0.6005878563E+03    0.6979827048E+03    0.8045464317E+03    0.9208226328E+03    0.1047455809E+04    0.1185160911E+04
       25.6713565631    0.3183369162E+02    0.6391106795E+02    0.1018678939E+03    0.1450442993E+03    0.1941121144E+03    0.2496556458E+03    0.3121022642E+03    0.3818439795E+03    0.4593803691E+03    0.5451997757E+03    0.6399073399E+03    0.7440073469E+03    0.8581199810E+03    0.9828226705E+03    0.1118846458E+04    0.1267068312E+04
       28.1072850208    0.3500280160E+02    0.6916469886E+02    0.1092157044E+03    0.1548053671E+03    0.2067531994E+03    0.2656449308E+03    0.3319039100E+03    0.4059577920E+03    0.4883738031E+03    0.5796885648E+03    0.6805862568E+03    0.7916803623E+03    0.9135872002E+03    0.1047099171E+04    0.1192925394E+04    0.1352053369E+04
       30.7743562090    0.3836112603E+02    0.7462295531E+02    0.1168034920E+03    0.1648874522E+03    0.2198132378E+03    0.2821724961E+03    0.3523708508E+03    0.4308813769E+03    0.5183099861E+03    0.6153227926E+03    0.7226094123E+03    0.8409303601E+03    0.9709926819E+03    0.1113538067E+04    0.1269656837E+04    0.1440169958E+04
       33.6945030221    0.4190602751E+02    0.8027560566E+02    0.1246227621E+03    0.1752882531E+03    0.2332954962E+03    0.2992300858E+03    0.3734883390E+03    0.4565815854E+03    0.5492006364E+03    0.6520352357E+03    0.7659974805E+03    0.8917094921E+03    0.1030220147E+04    0.1182265620E+04    0.1348826291E+04    0.1531384051E+04
       36.8917395444    0.4563336573E+02    0.8611222640E+02    0.1326654797E+03    0.1860028060E+03    0.2472027024E+03    0.3168159827E+03    0.3952567740E+03    0.4830439999E+03    0.5810037596E+03    0.6898652229E+03    0.8105878828E+03    0.9441353461E+03    0.1091163835E+04    0.1253101570E+04    0.1430712177E+04    0.1625315172E+04
       40.3923585315    0.4953751034E+02    0.9212252620E+02    0.1409254090E+03    0.1970253592E+03    0.2615217788E+03    0.3349318570E+03    0.4176334668E+03    0.5102962603E+03    0.6136462455E+03    0.7287900783E+03    0.8564726099E+03    0.9978988910E+03    0.1154115293E+04    0.1325832874E+04    0.1515035859E+04    0.1722488424E+04
       44.2251476316    0.5361139219E+02    0.9829669862E+02    0.1493989849E+03    0.2083500369E+03    0.2762500080E+03    0.3535454150E+03    0.4406490097E+03    0.5382255828E+03    0.6472684542E+03    0.7685933146E+03    0.9037137688E+03    0.1053126439E+04    0.1218547554E+04    0.1401025433E+04    0.1601438366E+04    0.1822450820E+04
       48.4216261230    0.5784658063E+02    0.1046252512E+03    0.1580834912E+03    0.2199822979E+03    0.2913874419E+03    0.3726541983E+03    0.4642807178E+03    0.5668757764E+03    0.6816562699E+03    0.8096046819E+03    0.9518288644E+03    0.1110062234E+04    0.1284620382E+04    0.1477838469E+04    0.1690869270E+04    0.1924695195E+04
       53.0163041156    0.6223342756E+02    0.1110990432E+03    0.1669792087E+03    0.2319273589E+03    0.3069105959E+03    0.3922986588E+03    0.4884091726E+03    0.5963377500E+03    0.7167800533E+03    0.8515371432E+03    0.1001409985E+04    0.1167841622E+04    0.1352836295E+04    0.1556509368E+04    0.1782018503E+04    0.2030689757E+04
       58.0469663481    0.6676122612E+02    0.1177096529E+03    0.1760839407E+03    0.2441665147E+03    0.3228555310E+03    0.4123574254E+03    0.5132384373E+03    0.6262453357E+03    0.7530100830E+03    0.8941383954E+03    0.1052143005E+04    0.1227392421E+04    0.1421825937E+04    0.1637853984E+04    0.1875310824E+04    0.2138413354E+04
       63.5549829136    0.7141839836E+02    0.1244480288E+03    0.1853894031E+03    0.2567176089E+03    0.3391757329E+03    0.4328972705E+03    0.5385693036E+03    0.6569886992E+03    0.7896351951E+03    0.9382234315E+03    0.1103425703E+04    0.1288365982E+04    0.1492984687E+04    0.1719822386E+04    0.1971919616E+04    0.2248709040E+04
       69.5856494710    0.7619299066E+02    0.1313075929E+03    0.1949034481E+03    0.2695700218E+03    0.3558266465E+03    0.4540051999E+03    0.5642860088E+03    0.6884550065E+03    0.8271589482E+03    0.9826875698E+03    0.1156665113E+04    0.1349721582E+04    0.1565864154E+04    0.1804520022E+04    0.2068884179E+04    0.2362999557E+04
       76.1885597370    0.8107270993E+02    0.1382837519E+03    0.2046166921E+03    0.2826820718E+03    0.3729658907E+03    0.4753292150E+03    0.5908731821E+03    0.7200921442E+03    0.8657435498E+03    0.1028057711E+04    0.1210249432E+04    0.1413661292E+04    0.1638913938E+04    0.1891166943E+04    0.2169404885E+04    0.2477303334E+04
       83.4180133251    0.8604521040E+02    0.1453687358E+03    0.2145259606E+03    0.2961546245E+03    0.3903543009E+03    0.4972759791E+03    0.6176192790E+03    0.7529373814E+03    0.9042593621E+03    0.1074936030E+04    0.1264721623E+04    0.1477812502E+04    0.1715359532E+04    0.1977828985E+04    0.2271906020E+04    0.2596320839E+04
       91.3334622825    0.9109919265E+02    0.1525699935E+03    0.2246811568E+03    0.3098746553E+03    0.4080822369E+03    0.5196808158E+03    0.6449134134E+03    0.7859916061E+03    0.9443255259E+03    0.1121456431E+04    0.1321299964E+04    0.1542928739E+04    0.1791703577E+04    0.2068865885E+04    0.2374436119E+04    0.2717017231E+04
      100.0000000000    0.9622235535E+02    0.1598850042E+03    0.2350077688E+03    0.3238212788E+03    0.4263673419E+03    0.5421214982E+03    0.6730738264E+03    0.8193771328E+03    0.9846864181E+03    0.1169916384E+04    0.1377128830E+04    0.1610798072E+04    0.1869316004E+04    0.2159245034E+04    0.2482455311E+04    0.2838091215E+04
