               #####        0.2000000000        0.2533333333        0.3066666667        0.3600000000        0.4133333333        0.4666666667        0.5200000000        0.5733333333        0.6266666667        0.6800000000        0.7333333333        0.7866666667        0.8400000000        0.8933333333        0.9466666667        1.0000000000
        0.0010000000    0.1369120877E-07    0.2182511351E-07    0.3167344543E-07    0.4306727523E-07    0.5579070086E-07    0.6958983231E-07    0.8418774033E-07    0.9930146149E-07    0.1146596246E-06    0.1300163164E-06    0.1451611794E-06    0.1599237440E-06    0.1741739661E-06    0.1878198430E-06    0.2008022765E-06    0.2130894309E-06
        0.0010948890    0.1955058015E-07    0.3116551959E-07    0.4522860542E-07    0.6149861936E-07    0.7966727269E-07    0.9937203434E-07    0.1202174743E-06    0.1417995439E-06    0.1637307435E-06    0.1856599216E-06    0.2072866945E-06    0.2283676326E-06    0.2487170292E-06    0.2682034977E-06    0.2867426369E-06    0.3042889757E-06
        0.0011987818    0.2790383176E-07    0.4448141274E-07    0.6455314843E-07    0.8777476829E-07    0.1137062828E-06    0.1418302896E-06    0.1715824312E-06    0.2023860457E-06    0.2336880841E-06    0.2649873679E-06    0.2958551694E-06    0.3259440423E-06    0.3549889213E-06    0.3828022665E-06    0.4092635973E-06    0.4343079964E-06
        0.0013125330    0.3980471756E-07    0.6345257913E-07    0.9208484733E-07    0.1252104403E-06    0.1622017471E-06    0.2023207358E-06    0.2447623947E-06    0.2887041530E-06    0.3333571138E-06    0.3780063590E-06    0.4220403087E-06    0.4649633187E-06    0.5063972530E-06    0.5460745598E-06    0.5838233442E-06    0.6195509725E-06
        0.0014370779    0.5674923406E-07    0.9046378256E-07    0.1312845674E-06    0.1785114885E-06    0.2312498196E-06    0.2884474222E-06    0.3489566669E-06    0.4116048807E-06    0.4752673811E-06    0.5389249347E-06    0.6017056147E-06    0.6629027646E-06    0.7219772434E-06    0.7785475608E-06    0.8323685999E-06    0.8833082452E-06
        0.0015734408    0.8085062591E-07    0.1288837405E-06    0.1870411283E-06    0.2543254077E-06    0.3294619493E-06    0.4109518815E-06    0.4971602895E-06    0.5864165625E-06    0.6771184325E-06    0.7678138290E-06    0.8572605134E-06    0.9444516772E-06    0.1028619148E-05    0.1109219345E-05    0.1185902971E-05    0.1258481722E-05
        0.0017227429    0.1151062245E-06    0.1834904907E-06    0.2662886146E-06    0.3620807169E-06    0.4690522635E-06    0.5850695059E-06    0.7078050165E-06    0.8348805215E-06    0.9640149973E-06    0.1093141196E-05    0.1220490549E-05    0.1344629614E-05    0.1464464657E-05    0.1579221669E-05    0.1688403229E-05    0.1791741121E-05
        0.0018862122    0.1637448362E-06    0.2610251621E-06    0.3788100321E-06    0.5150797270E-06    0.6672532076E-06    0.8322953959E-06    0.1006895702E-05    0.1187671161E-05    0.1371377071E-05    0.1555072744E-05    0.1736242281E-05    0.1912846440E-05    0.2083329169E-05    0.2246589203E-05    0.2401918723E-05    0.2548935965E-05
        0.0020651929    0.2327280948E-06    0.3709911795E-06    0.5383971505E-06    0.7320756329E-06    0.9483586169E-06    0.1182932874E-05    0.1431093606E-05    0.1688033075E-05    0.1949139931E-05    0.2210234749E-05    0.2467741699E-05    0.2718762281E-05    0.2961084645E-05    0.3193143263E-05    0.3413931777E-05    0.3622907245E-05
        0.0022611570    0.3304339517E-06    0.5267438139E-06    0.7644317078E-06    0.1039422557E-05    0.1346509043E-05    0.1679567912E-05    0.2031919962E-05    0.2396739724E-05    0.2767480344E-05    0.3138207979E-05    0.3503845527E-05    0.3860277357E-05    0.4204362607E-05    0.4533877973E-05    0.4847394036E-05    0.5144139342E-05
        0.0024757158    0.4686244009E-06    0.7470328303E-06    0.1084124175E-05    0.1474119719E-05    0.1909635418E-05    0.2381988509E-05    0.2881707807E-05    0.3399114495E-05    0.3924924545E-05    0.4450722882E-05    0.4969309050E-05    0.5474845808E-05    0.5962878069E-05    0.6430251877E-05    0.6874939088E-05    0.7295844696E-05
        0.0027106339    0.6638343681E-06    0.1058216513E-05    0.1535726856E-05    0.2088180467E-05    0.2705119083E-05    0.3374245155E-05    0.4082144342E-05    0.4815107856E-05    0.5559985584E-05    0.6304857647E-05    0.7039524067E-05    0.7755715356E-05    0.8447119495E-05    0.9109267328E-05    0.9739284362E-05    0.1033561794E-04
        0.0029678432    0.9390029310E-06    0.1496861991E-05    0.2172307611E-05    0.2953763674E-05    0.3826439547E-05    0.4772943619E-05    0.5774304627E-05    0.6811134292E-05    0.7864833654E-05    0.8918542814E-05    0.9957833580E-05    0.1097100752E-04    0.1194913435E-04    0.1288589013E-04    0.1377720639E-04    0.1462088440E-04
        0.0032494587    0.1326371287E-05    0.2114364879E-05    0.3068454117E-05    0.4172289942E-05    0.5404984562E-05    0.6741977383E-05    0.8156476618E-05    0.9621100577E-05    0.1110958099E-04    0.1259810421E-04    0.1406628967E-04    0.1549761110E-04    0.1687945121E-04    0.1820287352E-04    0.1946212718E-04    0.2065410242E-04
        0.0035577965    0.1870381770E-05    0.2981570595E-05    0.4326980581E-05    0.5883561292E-05    0.7621865061E-05    0.9507266916E-05    0.1150199574E-04    0.1356744717E-04    0.1566658445E-04    0.1776582921E-04    0.1983644126E-04    0.2185511306E-04    0.2380404746E-04    0.2567063664E-04    0.2744676451E-04    0.2912803933E-04
        0.0038953921    0.2633030022E-05    0.4197306242E-05    0.6091309666E-05    0.8282597835E-05    0.1072972758E-04    0.1338397044E-04    0.1619216927E-04    0.1909999162E-04    0.2205530776E-04    0.2501085165E-04    0.2792616339E-04    0.3076842680E-04    0.3351257996E-04    0.3614086439E-04    0.3864184406E-04    0.4100932591E-04
        0.0042650218    0.3699250004E-05    0.5896964829E-05    0.8557930448E-05    0.1163657816E-04    0.1507470194E-04    0.1880386536E-04    0.2274941036E-04    0.2683502392E-04    0.3098748109E-04    0.3514038215E-04    0.3923688181E-04    0.4323086714E-04    0.4708711462E-04    0.5078065868E-04    0.5429541513E-04    0.5762266593E-04
        0.0046697254    0.5186222289E-05    0.8267343592E-05    0.1199793266E-04    0.1631412159E-04    0.2113433859E-04    0.2636267729E-04    0.3189450948E-04    0.3762288062E-04    0.4344515473E-04    0.4926825165E-04    0.5501247356E-04    0.6061315837E-04    0.6602090268E-04    0.7120067970E-04    0.7612991199E-04    0.8079634936E-04
        0.0051128308    0.7254245858E-05    0.1156397465E-04    0.1678215807E-04    0.2281948956E-04    0.2956192065E-04    0.3687536543E-04    0.4461353934E-04    0.5262689379E-04    0.6077190322E-04    0.6891838734E-04    0.7695486402E-04    0.8479086505E-04    0.9235725280E-04    0.9960499136E-04    0.1065024552E-03    0.1130324645E-03
        0.0055979820    0.1012110346E-04    0.1613402471E-04    0.2341443412E-04    0.3183777804E-04    0.4124501781E-04    0.5144917984E-04    0.6224627247E-04    0.7342773376E-04    0.8479337641E-04    0.9616159853E-04    0.1073768526E-03    0.1183128821E-03    0.1288731701E-03    0.1389892339E-03    0.1486168766E-03    0.1577320563E-03
        0.0061291687    0.1408218154E-04    0.2244836806E-04    0.3257812047E-04    0.4429821386E-04    0.5738749843E-04    0.7158599086E-04    0.8661003168E-04    0.1021695757E-03    0.1179861834E-03    0.1338072197E-03    0.1494162472E-03    0.1646375379E-03    0.1793367107E-03    0.1934183706E-03    0.2068209055E-03    0.2195107478E-03
        0.0067107592    0.1953551456E-04    0.3114150933E-04    0.4519404786E-04    0.6145294450E-04    0.7961162109E-04    0.9930968276E-04    0.1201538931E-03    0.1417421136E-03    0.1636882304E-03    0.1856418378E-03    0.2073026596E-03    0.2284268218E-03    0.2488277569E-03    0.2683729504E-03    0.2869767411E-03    0.3045923750E-03
        0.0073475362    0.2701159650E-04    0.4305910536E-04    0.6248948576E-04    0.8497082856E-04    0.1100795717E-03    0.1373178300E-03    0.1661423129E-03    0.1959973499E-03    0.2263493059E-03    0.2567137757E-03    0.2866755297E-03    0.3158972099E-03    0.3441206129E-03    0.3711622256E-03    0.3969033001E-03    0.4212788900E-03
        0.0080447363    0.3721551256E-04    0.5932512617E-04    0.8609561155E-04    0.1170699872E-03    0.1516652335E-03    0.1891960737E-03    0.2289146795E-03    0.2700560500E-03    0.3118853470E-03    0.3537353286E-03    0.3950338385E-03    0.4353158251E-03    0.4742251614E-03    0.5115085503E-03    0.5470018970E-03    0.5806152410E-03
        0.0088080930    0.5107556627E-04    0.8141936923E-04    0.1181600058E-03    0.1606707966E-03    0.2081524670E-03    0.2596656292E-03    0.3141850563E-03    0.3706617645E-03    0.4280878484E-03    0.4855478033E-03    0.5422562677E-03    0.5975745801E-03    0.6510133634E-03    0.7022242473E-03    0.7509812427E-03    0.7971601211E-03
        0.0096438838    0.6979715676E-04    0.1112633415E-03    0.1614712916E-03    0.2195654073E-03    0.2844548435E-03    0.3548576478E-03    0.4293745738E-03    0.5065736039E-03    0.5850783447E-03    0.6636380780E-03    0.7411793668E-03    0.8168287816E-03    0.8899165688E-03    0.9599654826E-03    0.1026665453E-02    0.1089845500E-02
        0.0105589819    0.9493623964E-04    0.1513373586E-03    0.2196290807E-03    0.2986488920E-03    0.3869152880E-03    0.4826874056E-03    0.5840648487E-03    0.6891021513E-03    0.7959286824E-03    0.9028438007E-03    0.1008387097E-02    0.1111369470E-02    0.1210878340E-02    0.1306262681E-02    0.1397098764E-02    0.1483152098E-02
        0.0115609128    0.1284634770E-03    0.2047828059E-03    0.2971924021E-03    0.4041211896E-03    0.5235680233E-03    0.6531817252E-03    0.7903952460E-03    0.9325797444E-03    0.1077206319E-02    0.1221974573E-02    0.1364907747E-02    0.1504395041E-02    0.1639199021E-02    0.1768435739E-02    0.1891528674E-02    0.2008157470E-02
        0.0126579159    0.1728310711E-03    0.2755086462E-03    0.3998342469E-03    0.5436973358E-03    0.7044112861E-03    0.8788200049E-03    0.1063476956E-02    0.1254851168E-02    0.1449544003E-02    0.1644461827E-02    0.1836944146E-02    0.2024820986E-02    0.2206423425E-02    0.2380557434E-02    0.2546442389E-02    0.2703642475E-02
        0.0138590124    0.2310840080E-03    0.3683687256E-03    0.5345988838E-03    0.7269575375E-03    0.9418614824E-03    0.1175102120E-02    0.1422082461E-02    0.1678090522E-02    0.1938587867E-02    0.2199440021E-02    0.2457088051E-02    0.2708625992E-02    0.2951815859E-02    0.3185053574E-02    0.3407287534E-02    0.3617927455E-02
        0.0151740797    0.3066748112E-03    0.4888664901E-03    0.7094734301E-03    0.9647650469E-03    0.1250000211E-02    0.1559611467E-02    0.1887515787E-02    0.2227474143E-02    0.2573472409E-02    0.2920026444E-02    0.3262410250E-02    0.3596759869E-02    0.3920094773E-02    0.4230274119E-02    0.4525889873E-02    0.4806146734E-02
        0.0166139325    0.4044378897E-03    0.6447075679E-03    0.9356400400E-03    0.1272327468E-02    0.1648539393E-02    0.2056961362E-02    0.2489598768E-02    0.2938245924E-02    0.3394985233E-02    0.3852588466E-02    0.4304818393E-02    0.4746567624E-02    0.5173889142E-02    0.5583940892E-02    0.5974846711E-02    0.6345539349E-02
        0.0181904113    0.5294822792E-03    0.8440347130E-03    0.1224914557E-02    0.1665714835E-02    0.2158312945E-02    0.2693176224E-02    0.3259881224E-02    0.3847719764E-02    0.4446347501E-02    0.5046307692E-02    0.5639427268E-02    0.6219001515E-02    0.6779837667E-02    0.7318185940E-02    0.7831560347E-02    0.8318535318E-02
        0.0199164806    0.6852229355E-03    0.1092290653E-02    0.1585195950E-02    0.2155676210E-02    0.2793273872E-02    0.3485720940E-02    0.4219595933E-02    0.4981095423E-02    0.5756865601E-02    0.6534677659E-02    0.7303942353E-02    0.8055953671E-02    0.8783951041E-02    0.9483035726E-02    0.1014994351E-01    0.1078278483E-01
        0.0218063349    0.8777287950E-03    0.1399145821E-02    0.2030514351E-02    0.2761294899E-02    0.3578176329E-02    0.4465551114E-02    0.5406333130E-02    0.6382925871E-02    0.7378275500E-02    0.8376732258E-02    0.9364712772E-02    0.1033101955E-01    0.1126692975E-01    0.1216609687E-01    0.1302426673E-01    0.1383894969E-01
        0.0238755154    0.1109338533E-02    0.1768326447E-02    0.2566278612E-02    0.3489945114E-02    0.4522636158E-02    0.5644795244E-02    0.6834995099E-02    0.8071129634E-02    0.9331725786E-02    0.1059702647E-01    0.1184983285E-01    0.1307591988E-01    0.1426416290E-01    0.1540642734E-01    0.1649722097E-01    0.1753328774E-01
        0.0261410384    0.1388370869E-02    0.2213083699E-02    0.3211708956E-02    0.4367771919E-02    0.5660591202E-02    0.7065953272E-02    0.8557300277E-02    0.1010717251E-01    0.1168882063E-01    0.1327755227E-01    0.1485179424E-01    0.1639363085E-01    0.1788898469E-01    0.1932750020E-01    0.2070212567E-01    0.2200861753E-01
        0.0286215345    0.1720232489E-02    0.2742028045E-02    0.3979296167E-02    0.5411790865E-02    0.7014206862E-02    0.8756948687E-02    0.1060751133E-01    0.1253219096E-01    0.1449803687E-01    0.1647450629E-01    0.1843479338E-01    0.2035652458E-01    0.2222201726E-01    0.2401816899E-01    0.2573596650E-01    0.2736989078E-01
        0.0313374022    0.2105433600E-02    0.3355976459E-02    0.4870246053E-02    0.6623730052E-02    0.8585961283E-02    0.1072135437E-01    0.1299075306E-01    0.1535340445E-01    0.1776927668E-01    0.2020106347E-01    0.2261583093E-01    0.2498591359E-01    0.2728928577E-01    0.2950947900E-01    0.3163502354E-01    0.3365875080E-01
        0.0343109759    0.2549279870E-02    0.4063393656E-02    0.5896875451E-02    0.8020472637E-02    0.1039808763E-01    0.1298762763E-01    0.1574265659E-01    0.1861459995E-01    0.2155544011E-01    0.2452011143E-01    0.2746852659E-01    0.3036673260E-01    0.3318744710E-01    0.3591004219E-01    0.3851993543E-01    0.4100779340E-01
        0.0375667089    0.3066366011E-02    0.4887543891E-02    0.7092974316E-02    0.9648135205E-02    0.1251082592E-01    0.1563193833E-01    0.1895710405E-01    0.2242906113E-01    0.2599072637E-01    0.2958802741E-01    0.3317239165E-01    0.3670224862E-01    0.4014381136E-01    0.4347118856E-01    0.4666575693E-01    0.4971527817E-01
        0.0411313750    0.3680827206E-02    0.5866880654E-02    0.8514356283E-02    0.1158281526E-01    0.1502343447E-01    0.1877955098E-01    0.2278812344E-01    0.2698213972E-01    0.3129404677E-01    0.3565907853E-01    0.4001832678E-01    0.4432072163E-01    0.4852418365E-01    0.5259596373E-01    0.5651205183E-01    0.6025623038E-01
        0.0450342886    0.4424932893E-02    0.7052790216E-02    0.1023556465E-01    0.1392611515E-01    0.1806846173E-01    0.2259786462E-01    0.2744180112E-01    0.3252220383E-01    0.3775919519E-01    0.4307498744E-01    0.4839771454E-01    0.5366409875E-01    0.5882117597E-01    0.6382702429E-01    0.6865030039E-01    0.7326926767E-01
        0.0493075457    0.5357440282E-02    0.8538709549E-02    0.1239189530E-01    0.1686197703E-01    0.2188505817E-01    0.2738760197E-01    0.3328644394E-01    0.3949051731E-01    0.4590480049E-01    0.5243491337E-01    0.5899200669E-01    0.6549646172E-01    0.7188052068E-01    0.7808965956E-01    0.8408238808E-01    0.8982929728E-01
        0.0539862877    0.6560751315E-02    0.1045542328E-01    0.1517228634E-01    0.2064665516E-01    0.2680564007E-01    0.3356592766E-01    0.4083204100E-01    0.4849698370E-01    0.5644625040E-01    0.6456334591E-01    0.7273624932E-01    0.8086274275E-01    0.8885449190E-01    0.9663945367E-01    0.1041621186E+00    0.1113826005E+00
        0.0591089906    0.8092378182E-02    0.1289376804E-01    0.1870729548E-01    0.2545672454E-01    0.3305962644E-01    0.4142265942E-01    0.5043671422E-01    0.5997548069E-01    0.6989925056E-01    0.8006177329E-01    0.9031920259E-01    0.1005380687E+00    0.1106016742E+00    0.1204140893E+00    0.1299010285E+00    0.1390089268E+00
        0.0647177816    0.9959848378E-02    0.1586476437E-01    0.2301152511E-01    0.3131137439E-01    0.4067381441E-01    0.5099755739E-01    0.6216019321E-01    0.7401298679E-01    0.8638409004E-01    0.9908758378E-01    0.1119365206E+00    0.1247551965E+00    0.1373891030E+00    0.1497111507E+00    0.1616232584E+00    0.1730551627E+00
        0.0708587849    0.1209054681E-01    0.1925205473E-01    0.2791557822E-01    0.3798158683E-01    0.4935733716E-01    0.6194029183E-01    0.7559833225E-01    0.9015817354E-01    0.1054077676E+00    0.1211093688E+00    0.1370194317E+00    0.1529075934E+00    0.1685716224E+00    0.1838463082E+00    0.1986054937E+00    0.2127600482E+00
        0.0775825017    0.1427404994E-01    0.2272159231E-01    0.3293794133E-01    0.4482061835E-01    0.5828860027E-01    0.7325268091E-01    0.8957994409E-01    0.1070723965E+00    0.1254693293E+00    0.1444680443E+00    0.1637547175E+00    0.1830328674E+00    0.2020443409E+00    0.2205806718E+00    0.2384848001E+00    0.2556474162E+00
        0.0849442250    0.1623200461E-01    0.2583419470E-01    0.3745045773E-01    0.5099232199E-01    0.6641531517E-01    0.8366724053E-01    0.1026280981E+00    0.1230759335E+00    0.1446924772E+00    0.1670975525E+00    0.1898956801E+00    0.2127160205E+00    0.2352392509E+00    0.2572103997E+00    0.2784392882E+00    0.2987946326E+00
        0.0930044946    0.1797415953E-01    0.2860836265E-01    0.4148690379E-01    0.5655842088E-01    0.7384634473E-01    0.9336134859E-01    0.1150063054E+00    0.1385294386E+00    0.1635409721E+00    0.1895691627E+00    0.2161264141E+00    0.2427606692E+00    0.2690866776E+00    0.2947989875E+00    0.3196704479E+00    0.3435439470E+00
        0.1018295948    0.1993900612E-01    0.3173717234E-01    0.4604540616E-01    0.6287229250E-01    0.8233943631E-01    0.1045380916E+00    0.1293892469E+00    0.1565906194E+00    0.1856570456E+00    0.2160059864E+00    0.2470442405E+00    0.2782287030E+00    0.3091000321E+00    0.3392949020E+00    0.3685424371E+00    0.3966537801E+00
        0.1114920997    0.2304215589E-01    0.3665329332E-01    0.5316311381E-01    0.7265424427E-01    0.9536692209E-01    0.1214711318E+00    0.1508756592E+00    0.1831848979E+00    0.2177793996E+00    0.2539363813E+00    0.2909353999E+00    0.3281255896E+00    0.3649601502E+00    0.4010074007E+00    0.4359449921E+00    0.4695471525E+00
        0.1220714697    0.2763717489E-01    0.4389102145E-01    0.6357280724E-01    0.8685538459E-01    0.1141165478E+00    0.1455905902E+00    0.1811304765E+00    0.2201992325E+00    0.2620047121E+00    0.3056552603E+00    0.3502807625E+00    0.3951042348E+00    0.4394767244E+00    0.4828872694E+00    0.5249547383E+00    0.5654123500E+00
        0.1336547051    0.3257191132E-01    0.5163204139E-01    0.7467767121E-01    0.1020212031E+00    0.1342177099E+00    0.1715659783E+00    0.2138447859E+00    0.2603617764E+00    0.3101439105E+00    0.3621218255E+00    0.4152632521E+00    0.4686498234E+00    0.5215145247E+00    0.5732523433E+00    0.6234106953E+00    0.6716715569E+00
        0.1463370617    0.3576067124E-01    0.5664584604E-01    0.8195828193E-01    0.1122521384E+00    0.1483322733E+00    0.1906018710E+00    0.2388038293E+00    0.2921311780E+00    0.3494592330E+00    0.4095507199E+00    0.4712030832E+00    0.5333361654E+00    0.5950379475E+00    0.6555803148E+00    0.7144109866E+00    0.7711349487E+00
        0.1602228341    0.3774932725E-01    0.5981111105E-01    0.8671015014E-01    0.1193367271E+00    0.1588030118E+00    0.2056550262E+00    0.2596409730E+00    0.3198717788E+00    0.3850819586E+00    0.4538550995E+00    0.5247915928E+00    0.5966145159E+00    0.6682294551E+00    0.7387492849E+00    0.8074898181E+00    0.8739515670E+00
        0.1754262130    0.4159516772E-01    0.6580810848E-01    0.9542399520E-01    0.1317000449E+00    0.1760591935E+00    0.2291761080E+00    0.2907830075E+00    0.3598765149E+00    0.4350098517E+00    0.5145458316E+00    0.5968507272E+00    0.6804208956E+00    0.7639570640E+00    0.8463974077E+00    0.9269156882E+00    0.1004902121E+01
        0.1920722248    0.4750606762E-01    0.7486232703E-01    0.1082844643E+00    0.1494195992E+00    0.2000011984E+00    0.2608196704E+00    0.3315705746E+00    0.4111085561E+00    0.4977771593E+00    0.5896946684E+00    0.6849758798E+00    0.7818786856E+00    0.8788912584E+00    0.9747720183E+00    0.1068549208E+01    0.1159500269E+01
        0.2102977595    0.5037869745E-01    0.7924011396E-01    0.1147034068E+00    0.1589178335E+00    0.2140203929E+00    0.2810279938E+00    0.3597053694E+00    0.4488403127E+00    0.5466026561E+00    0.6508661355E+00    0.7594664929E+00    0.8703778492E+00    0.9818217247E+00    0.1092320894E+01    0.1200705122E+01    0.1306091782E+01
        0.2302526962    0.5056003572E-01    0.7954690740E-01    0.1156124898E+00    0.1614939877E+00    0.2198238238E+00    0.2919597637E+00    0.3778373377E+00    0.4762414952E+00    0.5851891359E+00    0.7022932183E+00    0.8250683565E+00    0.9511485405E+00    0.1078427523E+01    0.1205133289E+01    0.1329843909E+01    0.1451471228E+01
        0.2521011363    0.5264600395E-01    0.8252777068E-01    0.1199245867E+00    0.1681450170E+00    0.2303233402E+00    0.3081742266E+00    0.4018234073E+00    0.5100770625E+00    0.6308266604E+00    0.7614508562E+00    0.8991639647E+00    0.1041272259E+01    0.1185345273E+01    0.1329312170E+01    0.1471489805E+01    0.1610571677E+01
        0.2760227522    0.5139071699E-01    0.8047292869E-01    0.1173792250E+00    0.1660473945E+00    0.2302194262E+00    0.3121166804E+00    0.4122004669E+00    0.5294028276E+00    0.6615402439E+00    0.8057575832E+00    0.9589325252E+00    0.1117985347E+01    0.1280093860E+01    0.1442820827E+01    0.1604159751E+01    0.1762531812E+01
        0.3022142655    0.4643955917E-01    0.7301893342E-01    0.1076619591E+00    0.1549721534E+00    0.2194089659E+00    0.3038628586E+00    0.4092804366E+00    0.5348138934E+00    0.6782345636E+00    0.8364315521E+00    0.1005891745E+01    0.1183080726E+01    0.1364713720E+01    0.1547921290E+01    0.1730316189E+01    0.1909999181E+01
        0.3308910644    0.4094566926E-01    0.6470197536E-01    0.9662279686E-01    0.1419464759E+00    0.2059005033E+00    0.2921535756E+00    0.4022621533E+00    0.5357053742E+00    0.6902832931E+00    0.8626686237E+00    0.1048967446E+01    0.1245178522E+01    0.1447527453E+01    0.1652676957E+01    0.1857819733E+01    0.2060696741E+01
        0.3622889751    0.3221879578E-01    0.5195462363E-01    0.7998715887E-01    0.1221632559E+00    0.1845695922E+00    0.2718174809E+00    0.3862190968E+00    0.5276622217E+00    0.6939953506E+00    0.8816534270E+00    0.1086318718E+01    0.1303470801E+01    0.1528790511E+01    0.1758418370E+01    0.1989075579E+01    0.2218096129E+01
        0.3966662010    0.2436997842E-01    0.4050135675E-01    0.6493084601E-01    0.1040397909E+00    0.1648173274E+00    0.2529475177E+00    0.3716627003E+00    0.5214182042E+00    0.7002397929E+00    0.9044096577E+00    0.1129223279E+01    0.1369634543E+01    0.1620739807E+01    0.1878096965E+01    0.2137885847E+01    0.2396962720E+01
        0.4343054463    0.1765517610E-01    0.3070578834E-01    0.5193926879E-01    0.8822298895E-01    0.1475330809E+00    0.2368152973E+00    0.3604540774E+00    0.5196881198E+00    0.7128778090E+00    0.9362315465E+00    0.1184660572E+01    0.1452535929E+01    0.1734275029E+01    0.2024742238E+01    0.2319464175E+01    0.2614716234E+01
        0.4755162407    0.1371235029E-01    0.2457862895E-01    0.4328850390E-01    0.7722687121E-01    0.1355093077E+00    0.2266355022E+00    0.3565060496E+00    0.5274653913E+00    0.7384076160E+00    0.9855222086E+00    0.1263272274E+01    0.1565307029E+01    0.1885192266E+01    0.2216922702E+01    0.2555209886E+01    0.2895609000E+01
        0.5206374847    0.1184596818E-01    0.2109637001E-01    0.3774236444E-01    0.6981935354E-01    0.1278543078E+00    0.2223296751E+00    0.3611161737E+00    0.5479870748E+00    0.7824936350E+00    0.1060750741E+01    0.1376600422E+01    0.1722741632E+01    0.2091649370E+01    0.2476225468E+01    0.2870171706E+01    0.3268160930E+01
        0.5700402368    0.1082879908E-01    0.1872410770E-01    0.3366473314E-01    0.6453770589E-01    0.1236711280E+00    0.2240719922E+00    0.3760713504E+00    0.5851496166E+00    0.8515549490E+00    0.1171187770E+01    0.1537027076E+01    0.1940538786E+01    0.2372823526E+01    0.2825429382E+01    0.3290821726E+01    0.3762602651E+01
        0.6241307649    0.9262454219E-02    0.1598687508E-01    0.2970675872E-01    0.6035793126E-01    0.1225549031E+00    0.2324527366E+00    0.4033580912E+00    0.6427304759E+00    0.9515399794E+00    0.1325311704E+01    0.1755887919E+01    0.2233176382E+01    0.2746572073E+01    0.3285962016E+01    0.3842308047E+01    0.4407920800E+01
        0.6833538873    0.7506899573E-02    0.1336899618E-01    0.2640517812E-01    0.5784934470E-01    0.1252031189E+00    0.2485379133E+00    0.4447871219E+00    0.7237503078E+00    0.1087170429E+01    0.1530008807E+01    0.2042638595E+01    0.2613015855E+01    0.3228434742E+01    0.3876761469E+01    0.4547148102E+01    0.5230366307E+01
        0.7481966305    0.6489059248E-02    0.1167036822E-01    0.2431093527E-01    0.5730116139E-01    0.1317738012E+00    0.2726753584E+00    0.5013642119E+00    0.8303959972E+00    0.1262316258E+01    0.1791272872E+01    0.2405765780E+01    0.3091340458E+01    0.3832743278E+01    0.4615423278E+01    0.5426393780E+01    0.6254628605E+01
        0.8191922345    0.5534813135E-02    0.1018882052E-01    0.2271890684E-01    0.5804574496E-01    0.1418032455E+00    0.3049197512E+00    0.5740811247E+00    0.9650520331E+00    0.1481188479E+01    0.2115520388E+01    0.2854208458E+01    0.3679875964E+01    0.4574237644E+01    0.5519908501E+01    0.6501427805E+01    0.7505717183E+01
        0.8969245379    0.4738281348E-02    0.8956461817E-02    0.2158023535E-01    0.6000672071E-01    0.1553995766E+00    0.3459537451E+00    0.6646880645E+00    0.1131031614E+01    0.1749093862E+01    0.2510396508E+01    0.3398220030E+01    0.4391702821E+01    0.5469018115E+01    0.6609525195E+01    0.7794965234E+01    0.9009975729E+01
        0.9820327791    0.4065462275E-02    0.7918018827E-02    0.2082694237E-01    0.6319304538E-01    0.1729137320E+00    0.3969063138E+00    0.7755971551E+00    0.1332492891E+01    0.2072298440E+01    0.2984533241E+01    0.4048981279E+01    0.5240694441E+01    0.6533787681E+01    0.7903960067E+01    0.9329864320E+01    0.1079366581E+02
        1.0752168532    0.3476416347E-02    0.7039279630E-02    0.2044307149E-01    0.6772206782E-01    0.1949010258E+00    0.4592275650E+00    0.9096272679E+00    0.1573997683E+01    0.2457342174E+01    0.3546568936E+01    0.4817284208E+01    0.6239835799E+01    0.7783784972E+01    0.9420811973E+01    0.1112625125E+02    0.1287967616E+02
        1.1772430677    0.2979343330E-02    0.6317947078E-02    0.2044240022E-01    0.7376386525E-01    0.2220108375E+00    0.5344732697E+00    0.1069610361E+01    0.1859861385E+01    0.2910063208E+01    0.4203793443E+01    0.5711760927E+01    0.7399012054E+01    0.9230117368E+01    0.1117245896E+02    0.1319791193E+02    0.1528342928E+02
        1.2889504441    0.2560689849E-02    0.5740560118E-02    0.2083789818E-01    0.8150338137E-01    0.2549030657E+00    0.6241122608E+00    0.1258013215E+01    0.2193517126E+01    0.3434649729E+01    0.4960853512E+01    0.6737225367E+01    0.8722979651E+01    0.1087735841E+02    0.1316327764E+02    0.1554912450E+02    0.1800931166E+02
        1.4112576178    0.2213469205E-02    0.5295212269E-02    0.2164425782E-01    0.9112468257E-01    0.2941797954E+00    0.7293458892E+00    0.1476579178E+01    0.2576930150E+01    0.4032803492E+01    0.5818665550E+01    0.7893349354E+01    0.1020982353E+02    0.1272179969E+02    0.1538769405E+02    0.1817250151E+02    0.2104828714E+02
        1.5451703927    0.1929536395E-02    0.4969285450E-02    0.2287725662E-01    0.1027973336E+00    0.3403213569E+00    0.8509414082E+00    0.1726017405E+01    0.3010133217E+01    0.4703145758E+01    0.6773738400E+01    0.9173954542E+01    0.1185026363E+02    0.1475080280E+02    0.1782959400E+02    0.2104845303E+02    0.2437738903E+02
        1.6917900122    0.1700728266E-02    0.4751023816E-02    0.2455329241E-01    0.1166588875E+00    0.3936174088E+00    0.9890772852E+00    0.2005760493E+01    0.3490941784E+01    0.5440971523E+01    0.7818061488E+01    0.1056712191E+02    0.1362805322E+02    0.1694352919E+02    0.2046340244E+02    0.2414661116E+02    0.2796146607E+02
        1.8523222157    0.1519318809E-02    0.4629887593E-02    0.2668601603E-01    0.1327916477E+00    0.4540976638E+00    0.1143224574E+01    0.2313849006E+01    0.4014949891E+01    0.6238492844E+01    0.8939727388E+01    0.1205630004E+02    0.1552164640E+02    0.1927320870E+02    0.2325696883E+02    0.2742932784E+02    0.3175727287E+02
        2.0280871538    0.1378143820E-02    0.4596837670E-02    0.2928302783E-01    0.1512033490E+00    0.5214907550E+00    0.1312128131E+01    0.2647051693E+01    0.4575955163E+01    0.7085738795E+01    0.1012444649E+02    0.1362253024E+02    0.1750718816E+02    0.2171091846E+02    0.2617613906E+02    0.3085703396E+02    0.3571960616E+02
        2.2205302450    0.1270836568E-02    0.4644076353E-02    0.3234184780E-01    0.1718131933E+00    0.5952221518E+00    0.1493911800E+01    0.3001245927E+01    0.5166804286E+01    0.7972023505E+01    0.1135773745E+02    0.1524740489E+02    0.1956224916E+02    0.2423008473E+02    0.2919001249E+02    0.3439424609E+02    0.3980806751E+02
        2.4312340620    0.1072324280E-02    0.4462109450E-02    0.3484561474E-01    0.1917420927E+00    0.6687618649E+00    0.1676313160E+01    0.3356569466E+01    0.5758688002E+01    0.8858767060E+01    0.1259079028E+02    0.1687161649E+02    0.2161682881E+02    0.2674982276E+02    0.3220659976E+02    0.3793760283E+02    0.4390759814E+02
        2.6619313461    0.1038665809E-02    0.4693097785E-02    0.3888436768E-01    0.2164650609E+00    0.7532119748E+00    0.1878255249E+01    0.3741887823E+01    0.6392412675E+01    0.9800434768E+01    0.1389302194E+02    0.1858034725E+02    0.2377223993E+02    0.2938756919E+02    0.3535916915E+02    0.4163570367E+02    0.4818148050E+02
        2.9145192568    0.1020527792E-02    0.4977169803E-02    0.4328453923E-01    0.2426627809E+00    0.8412473722E+00    0.2086623715E+01    0.4137036200E+01    0.7040030141E+01    0.1076086526E+02    0.1521973084E+02    0.2032003753E+02    0.2596573883E+02    0.3207107272E+02    0.3856565086E+02    0.4539636244E+02    0.5252711839E+02
        3.1910749729    0.1015222091E-02    0.5307749559E-02    0.4799220381E-01    0.2700449179E+00    0.9321014338E+00    0.2300195491E+01    0.4540680291E+01    0.7700531453E+01    0.1173966528E+02    0.1657120098E+02    0.2209151924E+02    0.2819846098E+02    0.3480147785E+02    0.4182689319E+02    0.4921983292E+02    0.5694388222E+02
        3.4938727747    0.1020575626E-02    0.5678328805E-02    0.5295389377E-01    0.2983796611E+00    0.1025316984E+01    0.2518528257E+01    0.4952778124E+01    0.8374518975E+01    0.1273805777E+02    0.1794903880E+02    0.2389644858E+02    0.3047177651E+02    0.3757958119E+02    0.4514289600E+02    0.5310515488E+02    0.6142973436E+02
        3.8254027466    0.1034621382E-02    0.6082169687E-02    0.5812245008E-01    0.3275191794E+00    0.1120735999E+01    0.2741708192E+01    0.5373797661E+01    0.9062664765E+01    0.1375647789E+02    0.1935290741E+02    0.2573322991E+02    0.3278246455E+02    0.4040030624E+02    0.4850661876E+02    0.5704331239E+02    0.6597374248E+02
        4.1883912545    0.1055802734E-02    0.6513546342E-02    0.6346580124E-01    0.3574069969E+00    0.1218392917E+01    0.2969907171E+01    0.5803746259E+01    0.9764153416E+01    0.1479248193E+02    0.2077799105E+02    0.2759410607E+02    0.3511945945E+02    0.4324909661E+02    0.5189998355E+02    0.6101279201E+02    0.7055113003E+02
        4.5858233661    0.1082794334E-02    0.6967787103E-02    0.6896672886E-01    0.3880376826E+00    0.1318299201E+01    0.3202847424E+01    0.6241298005E+01    0.1047558433E+02    0.1583957278E+02    0.2221385032E+02    0.2946408088E+02    0.3746281535E+02    0.4610085229E+02    0.5529268377E+02    0.6497814863E+02    0.7512147638E+02
        5.0209673996    0.1114421306E-02    0.7441296396E-02    0.7461743678E-01    0.4193954559E+00    0.1420236979E+01    0.3439452852E+01    0.6683451661E+01    0.1119084168E+02    0.1688744376E+02    0.2364512066E+02    0.3132208026E+02    0.3978528483E+02    0.4892184410E+02    0.5864432731E+02    0.6889225117E+02    0.7963092422E+02
        5.4974018001    0.1149737328E-02    0.7931703400E-02    0.8041171057E-01    0.4514010984E+00    0.1523656956E+01    0.3677825420E+01    0.7125797962E+01    0.1190184131E+02    0.1792332278E+02    0.2505351004E+02    0.3314361952E+02    0.4205564637E+02    0.5167367179E+02    0.6190897619E+02    0.7270133383E+02    0.8401765004E+02
        6.0190445678    0.1188034575E-02    0.8437480634E-02    0.8633607671E-01    0.4838844396E+00    0.1627697181E+01    0.3915467644E+01    0.7563103418E+01    0.1259957705E+02    0.1893353924E+02    0.2641993092E+02    0.3490354767E+02    0.4424211218E+02    0.5431738574E+02    0.6504002442E+02    0.7635065854E+02    0.8821832011E+02
        6.5901854779    0.1228689110E-02    0.8956879594E-02    0.9236257152E-01    0.5165852319E+00    0.1731273051E+01    0.4149563118E+01    0.7989835776E+01    0.1327490402E+02    0.1990457396E+02    0.2772584621E+02    0.3657774626E+02    0.4631446148E+02    0.5681615374E+02    0.6799350809E+02    0.7978858118E+02    0.9217302217E+02
        7.2155213579    0.1271228796E-02    0.9487724753E-02    0.9844948912E-01    0.5491827171E+00    0.1833194064E+01    0.4377213513E+01    0.8400511251E+01    0.1391897071E+02    0.2082356046E+02    0.2895384443E+02    0.3814380628E+02    0.4824487159E+02    0.5913632389E+02    0.7072950188E+02    0.8296840695E+02    0.9582772484E+02
        7.9001947124    0.1315460241E-02    0.1002773012E-01    0.1045466801E+00    0.5813296429E+00    0.1932252043E+01    0.4595581700E+01    0.8789877812E+01    0.1452342561E+02    0.2167849806E+02    0.3008784251E+02    0.3958120814E+02    0.5000807112E+02    0.6124756204E+02    0.7321227102E+02    0.8584861189E+02    0.9913465366E+02
        8.6498360130    0.1360950555E-02    0.1057286152E-01    0.1105931466E+00    0.6126543833E+00    0.2027226749E+01    0.4801896383E+01    0.9152922935E+01    0.1508043652E+02    0.2245828319E+02    0.3111311339E+02    0.4087131347E+02    0.5158125423E+02    0.6312264495E+02    0.7540990901E+02    0.8839229669E+02    0.1020515570E+03
        9.4706100008    0.1407545360E-02    0.1111937649E-01    0.1165275148E+00    0.6427930116E+00    0.2116952965E+01    0.4993571023E+01    0.9485070610E+01    0.1558300177E+02    0.2315317216E+02    0.3201692743E+02    0.4199818788E+02    0.5294506820E+02    0.6473856083E+02    0.7729549583E+02    0.9056833690E+02    0.1045427621E+03
       10.3692663829    0.1454866226E-02    0.1166233687E-01    0.1222839634E+00    0.6713818849E+00    0.2200311982E+01    0.5168195460E+01    0.9782167260E+01    0.1602492577E+02    0.2375475915E+02    0.3278857404E+02    0.4294872064E+02    0.5408387643E+02    0.6607696816E+02    0.7884770038E+02    0.9235215829E+02    0.1065800274E+03
       11.3531953391    0.1503110400E-02    0.1219863754E-01    0.1278052347E+00    0.6980977008E+00    0.2276325729E+01    0.5323713491E+01    0.1004075748E+02    0.1640117543E+02    0.2425638080E+02    0.3341976265E+02    0.4371306184E+02    0.5498622711E+02    0.6712483685E+02    0.8005173477E+02    0.9372691382E+02    0.1081443096E+03
       12.4304882957    0.1551711210E-02    0.1272241976E-01    0.1330260371E+00    0.7226161551E+00    0.2344080099E+01    0.5458310388E+01    0.1025794822E+02    0.1670773373E+02    0.2465294094E+02    0.3390437082E+02    0.4428411595E+02    0.5564418712E+02    0.6787320298E+02    0.8089795793E+02    0.9468187333E+02    0.1092236407E+03
       13.6100044661    0.1600542329E-02    0.1322947769E-01    0.1378912672E+00    0.7446644274E+00    0.2402833143E+01    0.5570589264E+01    0.1043165693E+02    0.1694197878E+02    0.2494141818E+02    0.3423929861E+02    0.4465861399E+02    0.5605458856E+02    0.6831896100E+02    0.8138276121E+02    0.9521394832E+02    0.1098141031E+03
       14.9014437053    0.1649800620E-02    0.1371699552E-01    0.1423561199E+00    0.7640247705E+00    0.2452027504E+01    0.5659583151E+01    0.1056061197E+02    0.1710255197E+02    0.2512074471E+02    0.3442388448E+02    0.4483709989E+02    0.5621843353E+02    0.6846485957E+02    0.8150984576E+02    0.9532694636E+02    0.1099219621E+03
       16.3154262774    0.1698808181E-02    0.1417931422E-01    0.1463707551E+00    0.7804960075E+00    0.2491212770E+01    0.5724632119E+01    0.1064419498E+02    0.1718910734E+02    0.2519141551E+02    0.3445957148E+02    0.4482221776E+02    0.5614080402E+02    0.6831621966E+02    0.8128844805E+02    0.9503132753E+02    0.1095582482E+03
       17.8635801925    0.1748109811E-02    0.1461556653E-01    0.1499101755E+00    0.7939750120E+00    0.2520208886E+01    0.5765674760E+01    0.1068269436E+02    0.1720306706E+02    0.2515573218E+02    0.3435131415E+02    0.4462008054E+02    0.5583052871E+02    0.6788568367E+02    0.8073047692E+02    0.9434603606E+02    0.1087427276E+03
       19.5586368304    0.1797014594E-02    0.1502085951E-01    0.1529403084E+00    0.8043632945E+00    0.2538930394E+01    0.5782862802E+01    0.1067704255E+02    0.1714636712E+02    0.2501792637E+02    0.3410413854E+02    0.4424078205E+02    0.5529776809E+02    0.6718819433E+02    0.7985643404E+02    0.9328822766E+02    0.1075039026E+03
       21.4145356385    0.1845963389E-02    0.1539493992E-01    0.1554517828E+00    0.8116592466E+00    0.2547527328E+01    0.5776834205E+01    0.1062908556E+02    0.1702222593E+02    0.2478366522E+02    0.3372721685E+02    0.4369374580E+02    0.5456092178E+02    0.6623928781E+02    0.7868868822E+02    0.9189040803E+02    0.1058643707E+03
       23.4465387640    0.1895490507E-02    0.1573846800E-01    0.1574464484E+00    0.8159138343E+00    0.2546286908E+01    0.5748751139E+01    0.1054073405E+02    0.1683565947E+02    0.2445868145E+02    0.3323090417E+02    0.4299407324E+02    0.5363195694E+02    0.6506910832E+02    0.7724681740E+02    0.9018057197E+02    0.1038738458E+03
       25.6713565631    0.1945469061E-02    0.1605021525E-01    0.1589248008E+00    0.8172007420E+00    0.2535711148E+01    0.5699630217E+01    0.1041533605E+02    0.1658993670E+02    0.2405336897E+02    0.3262210230E+02    0.4215860157E+02    0.5253355238E+02    0.6368585782E+02    0.7558055545E+02    0.8817589700E+02    0.1015618878E+03
       28.1072850208    0.1995900388E-02    0.1632997308E-01    0.1598989143E+00    0.8156688706E+00    0.2516262912E+01    0.5631263740E+01    0.1025538084E+02    0.1629264508E+02    0.2357083050E+02    0.3192295867E+02    0.4118816298E+02    0.5129669886E+02    0.6212064976E+02    0.7368371481E+02    0.8596522589E+02    0.9893073445E+02
       30.7743562090    0.2046797052E-02    0.1657803794E-01    0.1603873715E+00    0.8114449808E+00    0.2488677756E+01    0.5545422557E+01    0.1006407590E+02    0.1594959721E+02    0.2302346584E+02    0.3113281804E+02    0.4012915506E+02    0.4989676506E+02    0.6043836157E+02    0.7159032955E+02    0.8350909474E+02    0.9614142384E+02
       33.6945030221    0.2098183641E-02    0.1679517849E-01    0.1604119610E+00    0.8047681144E+00    0.2453828238E+01    0.5442817114E+01    0.9848877142E+01    0.1555867114E+02    0.2243204949E+02    0.3025786300E+02    0.3898032325E+02    0.4841932984E+02    0.5855423017E+02    0.6943577931E+02    0.8083329212E+02    0.9309193638E+02
       36.8917395444    0.2150092855E-02    0.1698300008E-01    0.1600141109E+00    0.7958619209E+00    0.2411831220E+01    0.5328418803E+01    0.9605182817E+01    0.1514552771E+02    0.2176830133E+02    0.2936594146E+02    0.3770587615E+02    0.4688261612E+02    0.5660735122E+02    0.6702566385E+02    0.7819525649E+02    0.8978758334E+02
       40.3923585315    0.2202575164E-02    0.1714270129E-01    0.1592123517E+00    0.7848055094E+00    0.2364787667E+01    0.5201324479E+01    0.9342876415E+01    0.1470032257E+02    0.2108489651E+02    0.2837585001E+02    0.3647110726E+02    0.4514889781E+02    0.5467090650E+02    0.6457046854E+02    0.7522381984E+02    0.8666793895E+02
       44.2251476316    0.2255689947E-02    0.1727717771E-01    0.1580590259E+00    0.7722276385E+00    0.2313030029E+01    0.5060626509E+01    0.9077002979E+01    0.1421006698E+02    0.2039831441E+02    0.2734969132E+02    0.3512522246E+02    0.4353895211E+02    0.5243138889E+02    0.6223160837E+02    0.7224043240E+02    0.8309973364E+02
       48.4216261230    0.2309517434E-02    0.1738889187E-01    0.1566216530E+00    0.7580987398E+00    0.2254864166E+01    0.4922089955E+01    0.8773748727E+01    0.1375434344E+02    0.1960722245E+02    0.2639815158E+02    0.3369435423E+02    0.4182211569E+02    0.5043139654E+02    0.5944981654E+02    0.6949752953E+02    0.7959376592E+02
       53.0163041156    0.2364150020E-02    0.1747956159E-01    0.1548608989E+00    0.7421959016E+00    0.2197799295E+01    0.4766765949E+01    0.8485635609E+01    0.1323532028E+02    0.1891107325E+02    0.2525440883E+02    0.3246332206E+02    0.3994400290E+02    0.4832685302E+02    0.5707029966E+02    0.6614548968E+02    0.7643570074E+02
       58.0469663481    0.2419652294E-02    0.1755539610E-01    0.1529322339E+00    0.7266324252E+00    0.2134772423E+01    0.4609759572E+01    0.8192092437E+01    0.1272327702E+02    0.1814607405E+02    0.2427652125E+02    0.3093462793E+02    0.3842900316E+02    0.4598460816E+02    0.5454589998E+02    0.6342278595E+02    0.7249910458E+02
       63.5549829136    0.2476105220E-02    0.1761784377E-01    0.1508905655E+00    0.7087740853E+00    0.2069459005E+01    0.4464835480E+01    0.7859029221E+01    0.1226353551E+02    0.1734380110E+02    0.2324221718E+02    0.2965230945E+02    0.3649015822E+02    0.4419087357E+02    0.5175524419E+02    0.6042430403E+02    0.6948549019E+02
       69.5856494710    0.2533663770E-02    0.1766240955E-01    0.1484763446E+00    0.6914168079E+00    0.2011024231E+01    0.4287901566E+01    0.7598050474E+01    0.1169167881E+02    0.1669900614E+02    0.2211220317E+02    0.2832115778E+02    0.3490582559E+02    0.4181591887E+02    0.4968515162E+02    0.5723911655E+02    0.6594069437E+02
       76.1885597370    0.2592292975E-02    0.1771558769E-01    0.1464193991E+00    0.6744410845E+00    0.1938128393E+01    0.4153741404E+01    0.7254212748E+01    0.1127718077E+02    0.1584713799E+02    0.2127069658E+02    0.2686407450E+02    0.3324445387E+02    0.3995963162E+02    0.4685719027E+02    0.5487133897E+02    0.6245149642E+02
       83.4180133251    0.2652394523E-02    0.1773836823E-01    0.1437247155E+00    0.6546493747E+00    0.1883887864E+01    0.3978869960E+01    0.6990574051E+01    0.1072228763E+02    0.1524338143E+02    0.2010404745E+02    0.2580813414E+02    0.3149437632E+02    0.3792404514E+02    0.4477426536E+02    0.5160833358E+02    0.5972292686E+02
       91.3334622825    0.2713689565E-02    0.1779268057E-01    0.1416233274E+00    0.6398518230E+00    0.1811543482E+01    0.3839015122E+01    0.6684692984E+01    0.1028933708E+02    0.1444867181E+02    0.1929608221E+02    0.2430347049E+02    0.3019344714E+02    0.3594384817E+02    0.4230951312E+02    0.4933039854E+02    0.5610470771E+02
      100.0000000000    0.2776552302E-02    0.1781613205E-01    0.1390897325E+00    0.6188839188E+00    0.1756975762E+01    0.3690503807E+01    0.6409827437E+01    0.9832125394E+01    0.1383940387E+02    0.1824390370E+02    0.2329727237E+02    0.2835777877E+02    0.3435216470E+02    0.4018437879E+02    0.4638963390E+02    0.5361677515E+02
