               #####        0.2000000000        0.2533333333        0.3066666667        0.3600000000        0.4133333333        0.4666666667        0.5200000000        0.5733333333        0.6266666667        0.6800000000        0.7333333333        0.7866666667        0.8400000000        0.8933333333        0.9466666667        1.0000000000
        0.0010000000    0.1513211758E-07    0.2412390096E-07    0.3501345060E-07    0.4761592903E-07    0.6169482032E-07    0.7697157666E-07    0.9314182504E-07    0.1098938946E-06    0.1269281592E-06    0.1439723562E-06    0.1607928524E-06    0.1771996359E-06    0.1930471140E-06    0.2082316716E-06    0.2226861484E-06    0.2363736974E-06
        0.0010948890    0.2156384612E-07    0.3437748238E-07    0.4989550861E-07    0.6785452384E-07    0.8791748367E-07    0.1096874469E-06    0.1327306704E-06    0.1566030105E-06    0.1808774880E-06    0.2051661180E-06    0.2291359636E-06    0.2525162508E-06    0.2750995041E-06    0.2967380682E-06    0.3173362372E-06    0.3368415032E-06
        0.0011987818    0.3071516680E-07    0.4896668897E-07    0.7107029794E-07    0.9665080912E-07    0.1252281420E-06    0.1562369006E-06    0.1890592684E-06    0.2230626143E-06    0.2576387551E-06    0.2922350513E-06    0.3263772729E-06    0.3596797338E-06    0.3918469094E-06    0.4226684824E-06    0.4520081311E-06    0.4797910645E-06
        0.0013125330    0.4372585417E-07    0.6970857139E-07    0.1011750885E-06    0.1375912944E-06    0.1782737500E-06    0.2224175624E-06    0.2691432126E-06    0.3175500907E-06    0.3667723902E-06    0.4160233770E-06    0.4646279402E-06    0.5120370197E-06    0.5578299092E-06    0.6017072029E-06    0.6434748350E-06    0.6830263345E-06
        0.0014370779    0.6221289527E-07    0.9918096196E-07    0.1439513501E-06    0.1957641272E-06    0.2536468984E-06    0.3164544674E-06    0.3829354583E-06    0.4518084853E-06    0.5218416809E-06    0.5919156816E-06    0.6610699420E-06    0.7285232616E-06    0.7936770618E-06    0.8561053501E-06    0.9155320119E-06    0.9718055623E-06
        0.0015734408    0.8845521026E-07    0.1410169603E-06    0.2046721698E-06    0.2783403512E-06    0.3606389372E-06    0.4499396709E-06    0.5444633251E-06    0.6423880018E-06    0.7419622073E-06    0.8415944099E-06    0.9399188893E-06    0.1035824921E-05    0.1128461438E-05    0.1217222757E-05    0.1301716298E-05    0.1381726679E-05
        0.0017227429    0.1256763314E-06    0.2003555862E-06    0.2907963305E-06    0.3954634106E-06    0.5123924836E-06    0.6392701371E-06    0.7735684576E-06    0.9126989001E-06    0.1054172948E-05    0.1195729360E-05    0.1335427729E-05    0.1471689945E-05    0.1603306819E-05    0.1729417805E-05    0.1849465132E-05    0.1963142792E-05
        0.0018862122    0.1784181150E-06    0.2844375596E-06    0.4128330281E-06    0.5614251066E-06    0.7274250812E-06    0.9075486825E-06    0.1098207116E-05    0.1295725501E-05    0.1496570962E-05    0.1697533285E-05    0.1895857732E-05    0.2089303915E-05    0.2276155191E-05    0.2455189879E-05    0.2625616137E-05    0.2786999546E-05
        0.0020651929    0.2530679562E-06    0.4034457984E-06    0.5855617735E-06    0.7963245831E-06    0.1031778706E-05    0.1287265735E-05    0.1557695315E-05    0.1837854971E-05    0.2122733643E-05    0.2407777944E-05    0.2689080544E-05    0.2963463668E-05    0.3228492434E-05    0.3482434019E-05    0.3724165286E-05    0.3953070074E-05
        0.0022611570    0.3585820137E-06    0.5716584010E-06    0.8297058355E-06    0.1128344098E-05    0.1461968426E-05    0.1823978129E-05    0.2207160450E-05    0.2604129572E-05    0.3007785065E-05    0.3411675009E-05    0.3810262925E-05    0.4199046081E-05    0.4574574395E-05    0.4934392577E-05    0.5276909231E-05    0.5601251324E-05
        0.0024757158    0.5075372092E-06    0.8091257692E-06    0.1174366426E-05    0.1597059350E-05    0.2069271511E-05    0.2581660260E-05    0.3124016601E-05    0.3685886547E-05    0.4257220033E-05    0.4828884930E-05    0.5393044848E-05    0.5943326589E-05    0.6474846904E-05    0.6984130601E-05    0.7468925260E-05    0.7927995243E-05
        0.0027106339    0.7174177040E-06    0.1143721544E-05    0.1659999437E-05    0.2257487648E-05    0.2924972530E-05    0.3649247942E-05    0.4415883086E-05    0.5210100788E-05    0.6017694807E-05    0.6825756492E-05    0.7623208795E-05    0.8401042975E-05    0.9152356432E-05    0.9872236932E-05    0.1055750070E-04    0.1120640122E-04
        0.0029678432    0.1012843777E-05    0.1614695942E-05    0.2343572778E-05    0.3187101536E-05    0.4129450721E-05    0.5151975925E-05    0.6234303676E-05    0.7355571378E-05    0.8495722437E-05    0.9636532285E-05    0.1076236227E-04    0.1186049386E-04    0.1292118202E-04    0.1393749180E-04    0.1490492851E-04    0.1582102664E-04
        0.0032494587    0.1427755084E-05    0.2276156371E-05    0.3303618165E-05    0.4492698888E-05    0.5821081375E-05    0.7262483323E-05    0.8788184908E-05    0.1036877659E-04    0.1197598498E-04    0.1358411936E-04    0.1517113440E-04    0.1671910126E-04    0.1821428288E-04    0.1964690358E-04    0.2101062768E-04    0.2230198002E-04
        0.0035577965    0.2009305169E-05    0.3203276185E-05    0.4649242552E-05    0.6322657846E-05    0.8192114169E-05    0.1022062355E-04    0.1236776739E-04    0.1459215608E-04    0.1685399886E-04    0.1911713990E-04    0.2135055389E-04    0.2352900895E-04    0.2563317276E-04    0.2764928811E-04    0.2956843919E-04    0.3138573596E-04
        0.0038953921    0.2822809103E-05    0.4500182366E-05    0.6531576382E-05    0.8882505649E-05    0.1150884519E-04    0.1435863097E-04    0.1737507891E-04    0.2050004021E-04    0.2367761209E-04    0.2685699893E-04    0.2999461325E-04    0.3305500715E-04    0.3601102134E-04    0.3884332933E-04    0.4153940648E-04    0.4409238408E-04
        0.0042650218    0.3958023254E-05    0.6309966967E-05    0.9158304296E-05    0.1245467936E-04    0.1613722014E-04    0.2013306332E-04    0.2436258634E-04    0.2874425206E-04    0.3319967243E-04    0.3765762138E-04    0.4205698066E-04    0.4634804590E-04    0.5049273570E-04    0.5446395235E-04    0.5824413595E-04    0.6182365761E-04
        0.0046697254    0.5537992925E-05    0.8828792358E-05    0.1281413763E-04    0.1742636700E-04    0.2257890689E-04    0.2816980540E-04    0.3408765178E-04    0.4021835481E-04    0.4645222903E-04    0.5268961160E-04    0.5884498391E-04    0.6484879912E-04    0.7064777484E-04    0.7620399838E-04    0.8149290330E-04    0.8650102081E-04
        0.0051128308    0.7730325125E-05    0.1232386277E-04    0.1788689854E-04    0.2432497992E-04    0.3151725525E-04    0.3932140727E-04    0.4758191306E-04    0.5613950523E-04    0.6484106578E-04    0.7354746990E-04    0.8213933917E-04    0.9051959265E-04    0.9861385587E-04    0.1063692111E-03    0.1137513723E-03    0.1207415456E-03
        0.0055979820    0.1076443096E-04    0.1716091287E-04    0.2490741721E-04    0.3387240988E-04    0.4388759468E-04    0.5475478537E-04    0.6625740285E-04    0.7817364910E-04    0.9029028832E-04    0.1024135753E-03    0.1143772666E-03    0.1260461733E-03    0.1373167311E-03    0.1481152588E-03    0.1583940233E-03    0.1681268668E-03
        0.0061291687    0.1494723785E-04    0.2382925717E-04    0.3458588897E-04    0.4703447136E-04    0.6094129234E-04    0.7603113602E-04    0.9200323963E-04    0.1085495855E-03    0.1253740441E-03    0.1422075591E-03    0.1588192717E-03    0.1750214544E-03    0.1906703031E-03    0.2056635181E-03    0.2199348359E-03    0.2334479571E-03
        0.0067107592    0.2069472271E-04    0.3299206182E-04    0.4788483929E-04    0.6512012714E-04    0.8437431134E-04    0.1052663153E-03    0.1273796805E-03    0.1502878900E-03    0.1735808851E-03    0.1968861058E-03    0.2198838938E-03    0.2423143243E-03    0.2639783042E-03    0.2847342187E-03    0.3044903577E-03    0.3231965041E-03
        0.0073475362    0.2855817101E-04    0.4552820889E-04    0.6607988625E-04    0.8986411793E-04    0.1164342617E-03    0.1452643776E-03    0.1757796793E-03    0.2073914773E-03    0.2395337915E-03    0.2716924174E-03    0.3034261820E-03    0.3343763743E-03    0.3642682624E-03    0.3929064604E-03    0.4201644693E-03    0.4459730628E-03
        0.0080447363    0.3927072108E-04    0.6260650062E-04    0.9086744113E-04    0.1235734216E-03    0.1601101454E-03    0.1997542693E-03    0.2417152451E-03    0.2851833687E-03    0.3293801608E-03    0.3735983882E-03    0.4172312955E-03    0.4597855776E-03    0.5008834683E-03    0.5402563598E-03    0.5777304058E-03    0.6132105411E-03
        0.0088080930    0.5379062601E-04    0.8575463181E-04    0.1244648154E-03    0.1692633809E-03    0.2193087026E-03    0.2736097796E-03    0.3310834982E-03    0.3906204419E-03    0.4511539612E-03    0.5117150797E-03    0.5714725406E-03    0.6297505816E-03    0.6860318020E-03    0.7399484044E-03    0.7912624501E-03    0.8398439530E-03
        0.0096438838    0.7336876877E-04    0.1169668290E-03    0.1697664480E-03    0.2308701421E-03    0.2991296076E-03    0.3731927754E-03    0.4515818346E-03    0.5327829924E-03    0.6153407859E-03    0.6979331229E-03    0.7794259168E-03    0.8588973425E-03    0.9356417552E-03    0.1009157713E-02    0.1079121005E-02    0.1145354735E-02
        0.0105589819    0.9960413400E-04    0.1587922925E-03    0.2304722675E-03    0.3134251852E-03    0.4060915120E-03    0.5066350393E-03    0.6130486802E-03    0.7232763229E-03    0.8353410428E-03    0.9474472336E-03    0.1058054802E-02    0.1165912117E-02    0.1270061345E-02    0.1369822133E-02    0.1464754915E-02    0.1554620250E-02
        0.0115609128    0.1345289670E-03    0.2144709799E-03    0.3112847837E-03    0.4233233259E-03    0.5484791765E-03    0.6842711225E-03    0.8279868622E-03    0.9768475852E-03    0.1128181440E-02    0.1279561912E-02    0.1428908074E-02    0.1574529134E-02    0.1715131653E-02    0.1849797413E-02    0.1977933731E-02    0.2099218434E-02
        0.0126579159    0.1806599676E-03    0.2880152297E-03    0.4180275310E-03    0.5684836768E-03    0.7365517455E-03    0.9188976775E-03    0.1111876586E-02    0.1311753784E-02    0.1514938239E-02    0.1718169138E-02    0.1918650603E-02    0.2114111569E-02    0.2302815508E-02    0.2483530551E-02    0.2655462528E-02    0.2818180914E-02
        0.0138590124    0.2410954233E-03    0.3843646290E-03    0.5578698140E-03    0.7586551115E-03    0.9829381003E-03    0.1226265907E-02    0.1483770027E-02    0.1750461313E-02    0.2021542389E-02    0.2292657853E-02    0.2560074215E-02    0.2820759900E-02    0.3072398278E-02    0.3313347492E-02    0.3542550728E-02    0.3759437082E-02
        0.0151740797    0.3195018893E-03    0.5093648078E-03    0.7392958891E-03    0.1005374104E-02    0.1302581598E-02    0.1625011431E-02    0.1966204505E-02    0.2319540551E-02    0.2678653570E-02    0.3037765466E-02    0.3391924771E-02    0.3737112813E-02    0.4070261051E-02    0.4389197346E-02    0.4692526385E-02    0.4979497816E-02
        0.0166139325    0.4201311796E-03    0.6697945018E-03    0.9721440657E-03    0.1322017339E-02    0.1712807010E-02    0.2136735637E-02    0.2585297512E-02    0.3049772934E-02    0.3521776849E-02    0.3993701007E-02    0.4459028297E-02    0.4912472600E-02    0.5350001646E-02    0.5768765523E-02    0.6166938312E-02    0.6543543852E-02
        0.0181904113    0.5477482216E-03    0.8732504630E-03    0.1267439341E-02    0.1723573184E-02    0.2233022484E-02    0.2785630495E-02    0.3370287508E-02    0.3975601591E-02    0.4590617760E-02    0.5205400112E-02    0.5811442308E-02    0.6401850249E-02    0.6971371930E-02    0.7516302762E-02    0.8034277236E-02    0.8524040322E-02
        0.0199164806    0.7073950593E-03    0.1127771188E-02    0.1636846943E-02    0.2225897443E-02    0.2883752822E-02    0.3597268217E-02    0.4352062672E-02    0.5133385792E-02    0.5927052858E-02    0.6720205847E-02    0.7501844573E-02    0.8263063022E-02    0.8997087857E-02    0.9699153666E-02    0.1036623074E-01    0.1099672750E-01
        0.0218063349    0.9041826006E-03    0.1441504973E-02    0.2092190297E-02    0.2845056645E-02    0.3685785768E-02    0.4597531068E-02    0.5561857871E-02    0.6559851842E-02    0.7573324381E-02    0.8585800251E-02    0.9583197877E-02    0.1055413181E-01    0.1148996165E-01    0.1238462839E-01    0.1323430126E-01    0.1403699354E-01
        0.0238755154    0.1143024829E-02    0.1822286837E-02    0.2644837643E-02    0.3596493932E-02    0.4659089902E-02    0.5811257962E-02    0.7029610993E-02    0.8290144463E-02    0.9569776268E-02    0.1084761899E-01    0.1210584164E-01    0.1333005209E-01    0.1450935813E-01    0.1563615349E-01    0.1670566294E-01    0.1771545070E-01
        0.0261410384    0.1428129964E-02    0.2276829711E-02    0.3304531862E-02    0.4493442357E-02    0.5820763907E-02    0.7259691425E-02    0.8780879298E-02    0.1035419412E-01    0.1195066350E-01    0.1354410299E-01    0.1511219452E-01    0.1663696339E-01    0.1810485269E-01    0.1950644450E-01    0.2083587799E-01    0.2209022625E-01
        0.0286215345    0.1763593863E-02    0.2811673741E-02    0.4080773342E-02    0.5548811750E-02    0.7187488224E-02    0.8963543978E-02    0.1084055866E-01    0.1278111486E-01    0.1474924249E-01    0.1671248556E-01    0.1864323472E-01    0.2051931335E-01    0.2232406566E-01    0.2404599412E-01    0.2567802016E-01    0.2721670131E-01
        0.0313374022    0.2153530515E-02    0.3433401179E-02    0.4983143188E-02    0.6775644115E-02    0.8776135768E-02    0.1094378713E-01    0.1323387357E-01    0.1560041724E-01    0.1799922787E-01    0.2039051400E-01    0.2274050759E-01    0.2502217229E-01    0.2721530400E-01    0.2930605990E-01    0.3128602472E-01    0.3315123652E-01
        0.0343109759    0.2604454651E-02    0.4152440653E-02    0.6026833615E-02    0.8194645148E-02    0.1061354170E-01    0.1323385397E-01    0.1600116153E-01    0.1885947668E-01    0.2175500242E-01    0.2463942003E-01    0.2747184279E-01    0.3021965628E-01    0.3285862791E-01    0.3537229499E-01    0.3775079123E-01    0.3998964534E-01
        0.0375667089    0.3128206550E-02    0.4987734568E-02    0.7239427892E-02    0.9843407802E-02    0.1274845266E-01    0.1589454252E-01    0.1921590281E-01    0.2264480493E-01    0.2611619148E-01    0.2957181161E-01    0.3296253812E-01    0.3624934384E-01    0.3940341323E-01    0.4240534684E-01    0.4524369183E-01    0.4791347291E-01
        0.0411313750    0.3748208496E-02    0.5976701427E-02    0.8675333178E-02    0.1179598634E-01    0.1527679669E-01    0.1904540995E-01    0.2302253622E-01    0.2712645344E-01    0.3127869751E-01    0.3540927722E-01    0.3945938355E-01    0.4338249771E-01    0.4714449422E-01    0.5072260504E-01    0.5410358312E-01    0.5728191888E-01
        0.0450342886    0.4500184025E-02    0.7176370376E-02    0.1041739871E-01    0.1416503692E-01    0.1834435413E-01    0.2286796151E-01    0.2764014116E-01    0.3256215295E-01    0.3753925172E-01    0.4248729694E-01    0.4733587040E-01    0.5202949881E-01    0.5652773646E-01    0.6080381776E-01    0.6484236541E-01    0.6863723878E-01
        0.0493075457    0.5444995098E-02    0.8683737267E-02    0.1260624977E-01    0.1714134113E-01    0.2219739216E-01    0.2766801803E-01    0.3343686198E-01    0.3938382831E-01    0.4539378685E-01    0.5136501840E-01    0.5721273756E-01    0.6287040033E-01    0.6828975901E-01    0.7343911242E-01    0.7830044310E-01    0.8286682729E-01
        0.0539862877    0.6662788402E-02    0.1062631650E-01    0.1542635333E-01    0.2097447614E-01    0.2715704625E-01    0.3384299277E-01    0.4088937978E-01    0.4814868590E-01    0.5547967404E-01    0.6275828599E-01    0.6988153699E-01    0.7676887351E-01    0.8336221094E-01    0.8962366539E-01    0.9553195980E-01    0.1010792907E+00
        0.0591089906    0.8208408111E-02    0.1309120193E-01    0.1900333424E-01    0.2583366089E-01    0.3343984144E-01    0.4165927001E-01    0.5031542111E-01    0.5922614819E-01    0.6821726027E-01    0.7713667774E-01    0.8585863110E-01    0.9428506376E-01    0.1023457122E+00    0.1099951774E+00    0.1172083844E+00    0.1239767555E+00
        0.0647177816    0.1009389916E-01    0.1609735328E-01    0.2336412443E-01    0.3175425431E-01    0.4108955463E-01    0.5116903484E-01    0.6177566547E-01    0.7268528582E-01    0.8368346250E-01    0.9458402394E-01    0.1052335265E+00    0.1155127825E+00    0.1253370924E+00    0.1346524470E+00    0.1434297340E+00    0.1516600096E+00
        0.0708587849    0.1223461782E-01    0.1951062920E-01    0.2831548283E-01    0.3847575496E-01    0.4977234711E-01    0.6196181785E-01    0.7478230772E-01    0.8796196389E-01    0.1012397792E+00    0.1143901503E+00    0.1272277127E+00    0.1396091584E+00    0.1514337006E+00    0.1626380749E+00    0.1731891136E+00    0.1830779073E+00
        0.0775825017    0.1440616472E-01    0.2297706536E-01    0.3335086760E-01    0.4532143921E-01    0.5863026106E-01    0.7299437359E-01    0.8810860274E-01    0.1036516934E+00    0.1193123885E+00    0.1348224440E+00    0.1499620489E+00    0.1645620147E+00    0.1785044099E+00    0.1917159817E+00    0.2041588264E+00    0.2158234174E+00
        0.0849442250    0.1635138095E-01    0.2609435357E-01    0.3790100305E-01    0.5154163105E-01    0.6672884189E-01    0.8315121256E-01    0.1004672575E+00    0.1183077317E+00    0.1363096477E+00    0.1541608741E+00    0.1716060125E+00    0.1884486429E+00    0.2045519685E+00    0.2198304981E+00    0.2342389123E+00    0.2477642638E+00
        0.0930044946    0.1810125102E-01    0.2891899234E-01    0.4206142473E-01    0.5728796570E-01    0.7429472192E-01    0.9275187507E-01    0.1122849049E+00    0.1324739345E+00    0.1529003120E+00    0.1732056022E+00    0.1930965064E+00    0.2123462734E+00    0.2307953257E+00    0.2483414343E+00    0.2649272019E+00    0.2805319104E+00
        0.1018295948    0.2017254523E-01    0.3227300696E-01    0.4702178167E-01    0.6416985004E-01    0.8339437978E-01    0.1043400660E+00    0.1265864160E+00    0.1496484510E+00    0.1730408397E+00    0.1963521638E+00    0.2192455657E+00    0.2414581348E+00    0.2628018221E+00    0.2831524774E+00    0.3024362536E+00    0.3206213761E+00
        0.1114920997    0.2342212263E-01    0.3750536202E-01    0.5470788195E-01    0.7474821534E-01    0.9725079241E-01    0.1217996847E+00    0.1478954167E+00    0.1749615310E+00    0.2024282339E+00    0.2298204940E+00    0.2567497856E+00    0.2829104573E+00    0.3080814446E+00    0.3321141338E+00    0.3549173977E+00    0.3764491189E+00
        0.1220714697    0.2822206136E-01    0.4519347220E-01    0.6592774523E-01    0.9006531165E-01    0.1171226340E+00    0.1465780410E+00    0.1778208175E+00    0.2101608877E+00    0.2429289326E+00    0.2755768617E+00    0.3076570535E+00    0.3388157498E+00    0.3687963314E+00    0.3974256147E+00    0.4245968323E+00    0.4502605286E+00
        0.1336547051    0.3338605314E-01    0.5348663686E-01    0.7806594593E-01    0.1066676611E+00    0.1386792313E+00    0.1734715418E+00    0.2103309042E+00    0.2484585906E+00    0.2870834090E+00    0.3255774068E+00    0.3634237668E+00    0.4002097874E+00    0.4356336627E+00    0.4694896403E+00    0.5016488874E+00    0.5320497785E+00
        0.1463370617    0.3707976713E-01    0.5956872991E-01    0.8721988086E-01    0.1195247032E+00    0.1557916251E+00    0.1953467293E+00    0.2374231482E+00    0.2811362539E+00    0.3256115207E+00    0.3701246507E+00    0.4140647240E+00    0.4569319619E+00    0.4983515765E+00    0.5380596449E+00    0.5758827714E+00    0.6117282269E+00
        0.1602228341    0.3976191110E-01    0.6420988933E-01    0.9455412102E-01    0.1302697902E+00    0.1706391096E+00    0.2150013566E+00    0.2625662676E+00    0.3123603079E+00    0.3633811822E+00    0.4147746083E+00    0.4657984998E+00    0.5158296207E+00    0.5643874188E+00    0.6111217943E+00    0.6557918163E+00    0.6982556862E+00
        0.1754262130    0.4493953578E-01    0.7282034454E-01    0.1075728636E+00    0.1485532648E+00    0.1949661279E+00    0.2461395583E+00    0.3012244703E+00    0.3591143954E+00    0.4186412544E+00    0.4787978154E+00    0.5386976652E+00    0.5975877657E+00    0.6548808922E+00    0.7101430995E+00    0.7630698598E+00    0.8134753017E+00
        0.1920722248    0.5292948443E-01    0.8583254475E-01    0.1267614341E+00    0.1748444883E+00    0.2291679864E+00    0.2890286412E+00    0.3534896169E+00    0.4212814215E+00    0.4910509875E+00    0.5616347125E+00    0.6320047017E+00    0.7012828028E+00    0.7687804273E+00    0.8339842136E+00    0.8965290037E+00    0.9561868835E+00
        0.2102977595    0.5877602960E-01    0.9575614297E-01    0.1419581462E+00    0.1964360279E+00    0.2582978033E+00    0.3268841223E+00    0.4011911557E+00    0.4797680529E+00    0.5610317776E+00    0.6436036347E+00    0.7262487368E+00    0.8078982126E+00    0.8877020448E+00    0.9650156049E+00    0.1039370342E+01    0.1110462651E+01
        0.2302526962    0.6342418038E-01    0.1041291191E+00    0.1554441985E+00    0.2164951781E+00    0.2865031889E+00    0.3648820006E+00    0.4505445183E+00    0.5418071320E+00    0.6367847569E+00    0.7338075158E+00    0.8313591267E+00    0.9281124105E+00    0.1022999121E+01    0.1115197864E+01    0.1204101637E+01    0.1289305468E+01
        0.2521011363    0.7244299166E-01    0.1191934568E+00    0.1781332624E+00    0.2483461722E+00    0.3290837818E+00    0.4198021499E+00    0.5193244003E+00    0.6257367500E+00    0.7368643199E+00    0.8507684981E+00    0.9656683492E+00    0.1079985242E+01    0.1192431684E+01    0.1302002015E+01    0.1407938994E+01    0.1509722984E+01
        0.2760227522    0.8052903198E-01    0.1331405192E+00    0.1998145850E+00    0.2797393343E+00    0.3722740753E+00    0.4769587780E+00    0.5925248194E+00    0.7167800379E+00    0.8471814014E+00    0.9814345053E+00    0.1117404010E+01    0.1253174375E+01    0.1387163990E+01    0.1518120316E+01    0.1645085514E+01    0.1767386493E+01
        0.3022142655    0.8800437975E-01    0.1465932250E+00    0.2215657180E+00    0.3123354443E+00    0.4184229205E+00    0.5394724577E+00    0.6740958711E+00    0.8197473033E+00    0.9734157050E+00    0.1132351714E+01    0.1293970160E+01    0.1455931217E+01    0.1616284360E+01    0.1773468038E+01    0.1926273648E+01    0.2073835488E+01
        0.3308910644    0.9867876710E-01    0.1649719230E+00    0.2502310687E+00    0.3540582980E+00    0.4761658607E+00    0.6163938381E+00    0.7733109489E+00    0.9440479720E+00    0.1125116722E+01    0.1313280648E+01    0.1505446668E+01    0.1698775849E+01    0.1890869865E+01    0.2079782153E+01    0.2263985071E+01    0.2442362245E+01
        0.3622889751    0.1078375405E+00    0.1818388543E+00    0.2781323451E+00    0.3966767024E+00    0.5374554846E+00    0.7005196543E+00    0.8843329300E+00    0.1085575550E+01    0.1300126922E+01    0.1524115487E+01    0.1753802258E+01    0.1985724588E+01    0.2216929830E+01    0.2444997240E+01    0.2668007550E+01    0.2884535897E+01
        0.3966662010    0.1195256232E+00    0.2028001221E+00    0.3121348457E+00    0.4479158060E+00    0.6105343465E+00    0.8004132877E+00    0.1016003924E+01    0.1253532600E+01    0.1508172148E+01    0.1775308171E+01    0.2050421705E+01    0.2329282312E+01    0.2608245960E+01    0.2884294790E+01    0.3155013604E+01    0.3418583334E+01
        0.4343054463    0.1310232715E+00    0.2244113940E+00    0.3485498019E+00    0.5044245123E+00    0.6929481451E+00    0.9149813825E+00    0.1168940156E+01    0.1450485032E+01    0.1753921566E+01    0.2073724989E+01    0.2404423319E+01    0.2740848655E+01    0.3078511413E+01    0.3413661342E+01    0.3743274144E+01    0.4065043517E+01
        0.4755162407    0.1441966060E+00    0.2492245749E+00    0.3905190718E+00    0.5698833432E+00    0.7889767327E+00    0.1049288774E+01    0.1349262789E+01    0.1683914920E+01    0.2046514524E+01    0.2430426599E+01    0.2829007672E+01    0.3235934314E+01    0.3645672965E+01    0.4053567864E+01    0.4455842634E+01    0.4849586849E+01
        0.5206374847    0.1583091938E+00    0.2765317897E+00    0.4377075566E+00    0.6447335999E+00    0.9002481226E+00    0.1206540345E+01    0.1562105820E+01    0.1961188456E+01    0.2395801414E+01    0.2857953577E+01    0.3339569244E+01    0.3832913125E+01    0.4331176648E+01    0.4828598010E+01    0.5320484921E+01    0.5803188629E+01
        0.5700402368    0.1737039198E+00    0.3070083249E+00    0.4913434551E+00    0.7310569414E+00    0.1030069482E+01    0.1391689875E+01    0.1814497363E+01    0.2291802499E+01    0.2814086756E+01    0.3371696754E+01    0.3954804942E+01    0.4553955099E+01    0.5160789587E+01    0.5768205806E+01    0.6370407700E+01    0.6962854880E+01
        0.6241307649    0.1906459433E+00    0.3412682393E+00    0.5526889042E+00    0.8311682673E+00    0.1182291728E+01    0.1610646220E+01    0.2114910855E+01    0.2687243396E+01    0.3316241462E+01    0.3990208612E+01    0.4697178723E+01    0.5425609400E+01    0.6165277123E+01    0.6907471651E+01    0.7645085597E+01    0.8372518146E+01
        0.6833538873    0.2092812087E+00    0.3798707118E+00    0.6231168145E+00    0.9477639415E+00    0.1361515394E+01    0.1870519426E+01    0.2473536169E+01    0.3161270848E+01    0.3919989378E+01    0.4735483910E+01    0.5593189359E+01    0.6479054511E+01    0.7380633587E+01    0.8287315072E+01    0.9190460882E+01    0.1008323202E+02
        0.7481966305    0.2298600730E+00    0.4235738270E+00    0.7043668678E+00    0.1084174162E+01    0.1573351211E+01    0.2179904206E+01    0.2902591706E+01    0.3730252533E+01    0.4646249907E+01    0.5633292551E+01    0.6673676956E+01    0.7750365739E+01    0.8848303522E+01    0.9954667743E+01    0.1105907200E+02    0.1215326303E+02
        0.8191922345    0.2526927463E+00    0.4733077574E+00    0.7985689478E+00    0.1244464044E+01    0.1824610538E+01    0.2549152137E+01    0.3416654441E+01    0.4413518345E+01    0.5519480327E+01    0.6713477068E+01    0.7974049375E+01    0.9280652468E+01    0.1061522011E+02    0.1196241078E+02    0.1330989448E+02    0.1464784464E+02
        0.8969245379    0.2781345309E+00    0.5301782543E+00    0.9082834147E+00    0.1433522881E+01    0.2123440905E+01    0.2990531865E+01    0.4032806849E+01    0.5233447444E+01    0.6567656576E+01    0.8009787702E+01    0.9533942795E+01    0.1111552679E+02    0.1273307529E+02    0.1436844827E+02    0.1600722743E+02    0.1763789059E+02
        0.9820327791    0.3066175326E+00    0.5955304480E+00    0.1036618153E+01    0.1657247147E+01    0.2479565850E+01    0.3518490618E+01    0.4770865067E+01    0.6215600547E+01    0.7822252038E+01    0.9559662774E+01    0.1139677431E+02    0.1330441361E+02    0.1525738501E+02    0.1723453371E+02    0.1921929416E+02    0.2119838537E+02
        1.0752168532    0.3386621160E+00    0.6709916505E+00    0.1187323622E+01    0.1922690470E+01    0.2904461148E+01    0.4149796923E+01    0.5653410046E+01    0.7388561479E+01    0.9317826277E+01    0.1140352303E+02    0.1360872195E+02    0.1589921364E+02    0.1824584521E+02    0.2062433538E+02    0.2301603755E+02    0.2540592916E+02
        1.1772430677    0.3748951041E+00    0.7585239428E+00    0.1364899180E+01    0.2238213579E+01    0.3411497032E+01    0.4903589407E+01    0.6705645242E+01    0.8783518687E+01    0.1109127354E+02    0.1358366181E+02    0.1621725762E+02    0.1895249796E+02    0.2175621634E+02    0.2460104076E+02    0.2746647289E+02    0.3033586109E+02
        1.2889504441    0.4160680569E+00    0.8604951777E+00    0.1574725941E+01    0.2613649247E+01    0.4016056351E+01    0.5801337375E+01    0.7955091020E+01    0.1043361657E+02    0.1318079838E+02    0.1614285281E+02    0.1926942288E+02    0.2251550118E+02    0.2584408621E+02    0.2922493416E+02    0.3263611557E+02    0.3605955866E+02
        1.4112576178    0.4630839079E+00    0.9797405105E+00    0.1823166850E+01    0.3060386937E+01    0.4735492437E+01    0.6866540298E+01    0.9430921593E+01    0.1237288302E+02    0.1562444822E+02    0.1912254795E+02    0.2280977660E+02    0.2663590700E+02    0.3056057245E+02    0.3455107595E+02    0.3858467648E+02    0.4264216729E+02
        1.5451703927    0.5170288416E+00    0.1119648709E+01    0.2117693447E+01    0.3591453797E+01    0.5589024786E+01    0.8124304118E+01    0.1116314967E+02    0.1463503413E+02    0.1845862216E+02    0.2256121654E+02    0.2687870099E+02    0.3135624427E+02    0.3595090507E+02    0.4062813568E+02    0.4536517702E+02    0.5014200317E+02
        1.6917900122    0.5792143958E+00    0.1284260465E+01    0.2467004530E+01    0.4221533119E+01    0.6597499367E+01    0.9600731355E+01    0.1318163727E+02    0.1725220288E+02    0.2171668667E+02    0.2649304206E+02    0.3151135955E+02    0.3671324750E+02    0.4205428500E+02    0.4749879834E+02    0.5302491252E+02    0.5861205933E+02
        1.8523222157    0.6511993044E+00    0.1478321392E+01    0.2881038257E+01    0.4966776171E+01    0.7782840315E+01    0.1132195420E+02    0.1551479519E+02    0.2025350495E+02    0.2542766089E+02    0.3094697118E+02    0.3673730355E+02    0.4273814789E+02    0.4890492099E+02    0.5520155856E+02    0.6160797376E+02    0.6810321451E+02
        2.0280871538    0.7348511415E+00    0.1707391869E+01    0.3371030809E+01    0.5844632653E+01    0.9167530192E+01    0.1331330322E+02    0.1818864492E+02    0.2366429255E+02    0.2961596725E+02    0.3594720385E+02    0.4258184962E+02    0.4945899241E+02    0.5653526926E+02    0.6377481911E+02    0.7116011756E+02    0.7866980574E+02
        2.2205302450    0.8323778541E+00    0.1977884115E+01    0.3949411798E+01    0.6873417832E+01    0.1077379511E+02    0.1559827011E+02    0.2122587762E+02    0.2750566796E+02    0.3430169406E+02    0.4151437467E+02    0.4906821416E+02    0.5690366006E+02    0.6497979588E+02    0.7326125660E+02    0.8173360287E+02    0.9037485749E+02
        2.4312340620    0.9469486990E+00    0.2298173243E+01    0.4631375103E+01    0.8074283189E+01    0.1262608846E+02    0.1820182985E+02    0.2465042182E+02    0.3180062828E+02    0.3950848144E+02    0.4767515258E+02    0.5622863961E+02    0.6511223876E+02    0.7428830658E+02    0.8372186004E+02    0.9340176241E+02    0.1033051026E+03
        2.6619313461    0.1080677058E+01    0.2674741908E+01    0.5428450781E+01    0.9461776929E+01    0.1473863777E+02    0.2113524873E+02    0.2846985518E+02    0.3655434365E+02    0.4524177071E+02    0.5443838188E+02    0.6407822629E+02    0.7410833183E+02    0.8449457074E+02    0.9520184093E+02    0.1062222865E+03    0.1175318158E+03
        2.9145192568    0.1237617146E+01    0.3117645416E+01    0.6357004566E+01    0.1105590757E+02    0.1713169859E+02    0.2441713561E+02    0.3270160511E+02    0.4178548151E+02    0.5152487266E+02    0.6183527882E+02    0.7265856134E+02    0.8394550305E+02    0.9566513827E+02    0.1077815776E+03    0.1202902191E+03    0.1331658391E+03
        3.1910749729    0.1421752421E+01    0.3636594130E+01    0.7431723534E+01    0.1287284275E+02    0.1981968570E+02    0.2805923008E+02    0.3735641972E+02    0.4750718292E+02    0.5837710462E+02    0.6989429629E+02    0.8200897370E+02    0.9467483606E+02    0.1078633940E+03    0.1215375391E+03    0.1356962232E+03    0.1503135749E+03
        3.4938727747    0.1637728589E+01    0.4242125911E+01    0.8667323816E+01    0.1492756928E+02    0.2281527221E+02    0.3207214777E+02    0.4244562339E+02    0.5373542254E+02    0.6582265734E+02    0.7864990306E+02    0.9217490201E+02    0.1063529502E+03    0.1211575765E+03    0.1365507085E+03    0.1525357437E+03    0.1690870185E+03
        3.8254027466    0.1890543028E+01    0.4944797581E+01    0.1007719398E+02    0.1723234422E+02    0.2612793611E+02    0.3646395030E+02    0.4797939421E+02    0.6048653034E+02    0.7388681047E+02    0.8813714968E+02    0.1032009663E+03    0.1190341490E+03    0.1356126921E+03    0.1528987028E+03    0.1709014755E+03    0.1895964930E+03
        4.1883912545    0.2185714308E+01    0.5755298652E+01    0.1167365830E+02    0.1979754547E+02    0.2976550908E+02    0.4124215217E+02    0.5396887764E+02    0.6777893932E+02    0.8259683310E+02    0.9839172385E+02    0.1151308168E+03    0.1327708777E+03    0.1512920930E+03    0.1706584592E+03    0.1908867706E+03    0.2119543788E+03
        4.5858233661    0.2529249290E+01    0.6684220550E+01    0.1346782528E+02    0.2263191419E+02    0.3373468250E+02    0.4641419167E+02    0.6042632734E+02    0.7563254496E+02    0.9198030506E+02    0.1094477893E+03    0.1280055184E+03    0.1476132709E+03    0.1682580449E+03    0.1899072326E+03    0.2125863612E+03    0.2362751404E+03
        5.0209673996    0.2925525753E+01    0.7737886817E+01    0.1546335807E+02    0.2573429609E+02    0.3803045381E+02    0.5197438866E+02    0.6734934325E+02    0.8404982684E+02    0.1020433657E+03    0.1213145685E+03    0.1418394435E+03    0.1635842582E+03    0.1865452048E+03    0.2106937168E+03    0.2360646539E+03    0.2626406122E+03
        5.4974018001    0.3380523204E+01    0.8924589825E+01    0.1766674327E+02    0.2910811878E+02    0.4265456811E+02    0.5792630421E+02    0.7474680773E+02    0.9304491561E+02    0.1128035766E+03    0.1340141114E+03    0.1566627161E+03    0.1807253257E+03    0.2062083530E+03    0.2330869940E+03    0.2614054353E+03    0.2911501895E+03
        6.0190445678    0.3903772151E+01    0.1025839828E+02    0.2009338129E+02    0.3276945955E+02    0.4762531468E+02    0.6429425799E+02    0.8265162559E+02    0.1026575559E+03    0.1243065165E+03    0.1476010139E+03    0.1725426423E+03    0.1991181359E+03    0.2273433994E+03    0.2571965893E+03    0.2887311783E+03    0.3219401929E+03
        6.5901854779    0.4505144446E+01    0.1175307482E+02    0.2275806816E+02    0.3673356501E+02    0.5296013115E+02    0.7110199520E+02    0.9109489076E+02    0.1129236491E+03    0.1365943374E+03    0.1621281501E+03    0.1895448491E+03    0.2188403290E+03    0.2500378133E+03    0.2831185486E+03    0.3181475145E+03    0.3551294949E+03
        7.2155213579    0.5193238098E+01    0.1341916373E+02    0.2567055591E+02    0.4100869150E+02    0.5866802542E+02    0.7836344635E+02    0.1000945814E+03    0.1238635432E+03    0.1496940380E+03    0.1776326493E+03    0.2077156175E+03    0.2399441152E+03    0.2743472946E+03    0.3109142554E+03    0.3497280444E+03    0.3908105884E+03
        7.9001947124    0.5976020422E+01    0.1526544061E+02    0.2883781409E+02    0.4559920807E+02    0.6475382622E+02    0.8608753069E+02    0.1096611564E+03    0.1354902587E+03    0.1636266007E+03    0.1941435874E+03    0.2270876968E+03    0.2624625118E+03    0.3003084045E+03    0.3406324362E+03    0.3835417647E+03    0.4290761419E+03
        8.6498360130    0.6861327099E+01    0.1730002773E+02    0.3226563279E+02    0.5050783889E+02    0.7122124657E+02    0.9428122196E+02    0.1198019083E+03    0.1478158544E+03    0.1784122328E+03    0.2116848900E+03    0.2476831823E+03    0.2864192213E+03    0.3279580054E+03    0.3723298790E+03    0.4196643505E+03    0.4700174222E+03
        9.4706100008    0.7856782250E+01    0.1953033237E+02    0.3595838836E+02    0.5573554165E+02    0.7807282450E+02    0.1029488639E+03    0.1305217807E+03    0.1608521879E+03    0.1940682230E+03    0.2302714015E+03    0.2695159028E+03    0.3118400384E+03    0.3573403663E+03    0.4060637307E+03    0.4581571563E+03    0.5136979374E+03
       10.3692663829    0.8969733507E+01    0.2196294202E+02    0.3991879316E+02    0.6128149452E+02    0.8530975540E+02    0.1120918152E+03    0.1418246918E+03    0.1746103421E+03    0.2106052936E+03    0.2499092325E+03    0.2926014983E+03    0.3387573167E+03    0.3884936414E+03    0.4418681064E+03    0.4990517430E+03    0.5601567658E+03
       11.3531953391    0.1020719437E+02    0.2460347754E+02    0.4414766396E+02    0.6714318770E+02    0.9293156383E+02    0.1217087760E+03    0.1537145409E+03    0.1890984718E+03    0.2280253033E+03    0.2706041620E+03    0.3169615485E+03    0.3671951988E+03    0.4214314308E+03    0.4797540960E+03    0.5423755973E+03    0.6094460453E+03
       12.4304882957    0.1157578463E+02    0.2745641482E+02    0.4864374051E+02    0.7331658772E+02    0.1009356680E+03    0.1317968462E+03    0.1661950954E+03    0.2043185096E+03    0.2463258393E+03    0.2923684949E+03    0.3426108437E+03    0.3971549303E+03    0.4561561086E+03    0.5197450696E+03    0.5881704564E+03    0.6616146114E+03
       13.6100044661    0.1308166076E+02    0.3052489028E+02    0.5340358172E+02    0.7979632065E+02    0.1093170565E+03    0.1423528346E+03    0.1792683777E+03    0.2202648515E+03    0.2655094086E+03    0.3152126614E+03    0.3695441673E+03    0.4286318124E+03    0.4926851362E+03    0.5618660453E+03    0.6364507129E+03    0.7166694126E+03
       14.9014437053    0.1473043180E+02    0.3381050547E+02    0.5842155882E+02    0.8657580647E+02    0.1180684204E+03    0.1533740374E+03    0.1929318312E+03    0.2369298476E+03    0.2855828033E+03    0.3391301223E+03    0.3977510081E+03    0.4616354182E+03    0.5310236703E+03    0.6061038786E+03    0.6872096044E+03    0.7746257425E+03
       16.3154262774    0.1652705969E+02    0.3731314451E+02    0.6368994991E+02    0.9364726663E+02    0.1271809555E+03    0.1648579038E+03    0.2071765448E+03    0.2543117262E+03    0.3065433454E+03    0.3641032942E+03    0.4272336999E+03    0.4961595802E+03    0.5711490970E+03    0.6524544902E+03    0.7404557977E+03    0.8354912194E+03
       17.8635801925    0.1847574717E+02    0.4103081760E+02    0.6919912984E+02    0.1010015629E+03    0.1366455746E+03    0.1768004134E+03    0.2219905503E+03    0.2724118005E+03    0.3283716757E+03    0.3901275239E+03    0.4579801084E+03    0.5321782206E+03    0.6130552904E+03    0.7009103069E+03    0.7961686609E+03    0.8992395648E+03
       19.5586368304    0.2057981833E+02    0.4495954501E+02    0.7493785376E+02    0.1086279682E+03    0.1464538927E+03    0.1891933810E+03    0.2373661434E+03    0.2912207867E+03    0.3510520582E+03    0.4171942975E+03    0.4899627354E+03    0.5696788494E+03    0.6567191552E+03    0.7514325755E+03    0.8543250262E+03    0.9658640089E+03
       21.4145356385    0.2284159873E+02    0.4909329177E+02    0.8089362427E+02    0.1165141732E+03    0.1565985024E+03    0.2020229064E+03    0.2533010952E+03    0.3107149193E+03    0.3745806340E+03    0.4452715297E+03    0.5231669992E+03    0.6086324248E+03    0.7021045549E+03    0.8040084979E+03    0.9148881603E+03    0.1035314520E+04
       23.4465387640    0.2526230380E+02    0.5342395445E+02    0.8705307927E+02    0.1246468354E+03    0.1670719975E+03    0.2152745422E+03    0.2697865721E+03    0.3308800156E+03    0.3989310330E+03    0.4743429890E+03    0.5575570925E+03    0.6490073154E+03    0.7491830485E+03    0.8585739618E+03    0.9778306240E+03    0.1107553975E+04
       25.6713565631    0.2784194788E+02    0.5794140619E+02    0.9340229424E+02    0.1330124690E+03    0.1778650802E+03    0.2289407274E+03    0.2868005907E+03    0.3517085524E+03    0.4240760628E+03    0.5043777972E+03    0.5931097388E+03    0.6907557287E+03    0.7979141295E+03    0.9151071075E+03    0.1043064636E+04    0.1182551266E+04
       28.1072850208    0.3057928740E+02    0.6263362898E+02    0.9992691255E+02    0.1415984297E+03    0.1889651287E+03    0.2430162930E+03    0.3043257585E+03    0.3731688480E+03    0.4500021533E+03    0.5353410579E+03    0.6297747908E+03    0.7338641811E+03    0.8482152029E+03    0.9735580658E+03    0.1110576990E+04    0.1260165726E+04
       30.7743562090    0.3347180435E+02    0.6748697048E+02    0.1066122638E+03    0.1503939304E+03    0.2003559723E+03    0.2574897730E+03    0.3223490958E+03    0.3952436721E+03    0.4766566974E+03    0.5672188667E+03    0.6675085914E+03    0.7782503189E+03    0.9001109511E+03    0.1033783782E+04    0.1180321066E+04    0.1340418301E+04
       33.6945030221    0.3651572205E+02    0.7248651510E+02    0.1134435779E+03    0.1593893324E+03    0.2120252819E+03    0.2723370387E+03    0.3408516157E+03    0.4179039160E+03    0.5040409641E+03    0.5999177239E+03    0.7063244986E+03    0.8238410384E+03    0.9534798010E+03    0.1095884658E+04    0.1252044463E+04    0.1423274563E+04
       36.8917395444    0.3970604237E+02    0.7761647545E+02    0.1204058742E+03    0.1685754721E+03    0.2239682699E+03    0.2875383461E+03    0.3598119858E+03    0.4411072743E+03    0.5321010149E+03    0.6334612861E+03    0.7460488484E+03    0.8707364851E+03    0.1008170202E+04    0.1159686299E+04    0.1325984149E+04    0.1508304632E+04
       40.3923585315    0.4303661297E+02    0.8286064253E+02    0.1274846711E+03    0.1779429757E+03    0.2361738340E+03    0.3030983047E+03    0.3791859089E+03    0.4648793793E+03    0.5607466021E+03    0.6678219523E+03    0.7867266408E+03    0.9186236333E+03    0.1064455113E+04    0.1224909481E+04    0.1401885047E+04    0.1595974523E+04
       44.2251476316    0.4650023302E+02    0.8820304640E+02    0.1346670427E+03    0.1874772501E+03    0.2486320439E+03    0.3189762908E+03    0.3989841461E+03    0.4890925292E+03    0.5900929826E+03    0.7027548175E+03    0.8284282022E+03    0.9675596400E+03    0.1121819634E+04    0.1292094380E+04    0.1479295376E+04    0.1685878159E+04
       48.4216261230    0.5008873357E+02    0.9362836686E+02    0.1419414080E+03    0.1971691627E+03    0.2613244605E+03    0.3351469321E+03    0.4191805054E+03    0.5137674230E+03    0.6199352872E+03    0.7385516187E+03    0.8706498403E+03    0.1017805370E+04    0.1180318388E+04    0.1360434728E+04    0.1559130026E+04    0.1777383950E+04
       53.0163041156    0.5379285773E+02    0.9912243036E+02    0.1493013916E+03    0.2070158719E+03    0.2742254841E+03    0.3516557120E+03    0.4396432482E+03    0.5389887811E+03    0.6501950937E+03    0.7749552169E+03    0.9139106686E+03    0.1068483115E+04    0.1240481321E+04    0.1430020587E+04    0.1640142465E+04    0.1871909318E+04
       58.0469663481    0.5760168773E+02    0.1046721587E+03    0.1567420803E+03    0.2170047126E+03    0.2873723787E+03    0.3683707948E+03    0.4605516321E+03    0.5643890484E+03    0.6812336263E+03    0.8116483024E+03    0.9579514670E+03    0.1120402757E+04    0.1300943594E+04    0.1501697478E+04    0.1722565749E+04    0.1967533724E+04
       63.5549829136    0.6150206743E+02    0.1102628559E+03    0.1642550592E+03    0.2271540423E+03    0.3007076798E+03    0.3853480947E+03    0.4817231741E+03    0.5903057787E+03    0.7123649355E+03    0.8494201702E+03    0.1002097503E+04    0.1173302538E+04    0.1362926584E+04    0.1573455137E+04    0.1807600785E+04    0.2064845282E+04
       69.5856494710    0.6547932370E+02    0.1158795693E+03    0.1718419164E+03    0.2374378476E+03    0.3141847100E+03    0.4026614983E+03    0.5030156479E+03    0.6166582310E+03    0.7440007213E+03    0.8872219303E+03    0.1047693704E+04    0.1226080365E+04    0.1426099406E+04    0.1647145798E+04    0.1892362152E+04    0.2165326264E+04
       76.1885597370    0.6951893748E+02    0.1215074920E+03    0.1794794372E+03    0.2478016100E+03    0.3279368867E+03    0.4199719511E+03    0.5248819455E+03    0.6428710291E+03    0.7763434660E+03    0.9254510811E+03    0.1093225342E+04    0.1280801078E+04    0.1488862801E+04    0.1722169158E+04    0.1979716841E+04    0.2265070619E+04
       83.4180133251    0.7360835284E+02    0.1271315821E+03    0.1871489562E+03    0.2583366996E+03    0.3417258713E+03    0.4376223499E+03    0.5466354239E+03    0.6699048381E+03    0.8082531319E+03    0.9647369518E+03    0.1139080543E+04    0.1335255230E+04    0.1554228863E+04    0.1796516824E+04    0.2068330518E+04    0.2368375240E+04
       91.3334622825    0.7773652709E+02    0.1327548658E+03    0.1948930886E+03    0.2689277439E+03    0.3556184744E+03    0.4554557651E+03    0.5685860803E+03    0.6968091582E+03    0.8412050861E+03    0.1003242192E+04    0.1186462267E+04    0.1389991565E+04    0.1618918012E+04    0.1874270787E+04    0.2156137929E+04    0.2472507319E+04
      100.0000000000    0.8188735342E+02    0.1383712951E+03    0.2026600213E+03    0.2795608509E+03    0.3698206356E+03    0.4730605051E+03    0.5910550930E+03    0.7236305408E+03    0.8740354079E+03    0.1043037690E+04    0.1232584878E+04    0.1446756739E+04    0.1684049323E+04    0.1950667519E+04    0.2248257300E+04    0.2575995883E+04
