               #####        0.2000000000        0.2533333333        0.3066666667        0.3600000000        0.4133333333        0.4666666667        0.5200000000        0.5733333333        0.6266666667        0.6800000000        0.7333333333        0.7866666667        0.8400000000        0.8933333333        0.9466666667        1.0000000000
        0.0010000000    0.1512983920E-07    0.2412026404E-07    0.3500816775E-07    0.4760874262E-07    0.6168550864E-07    0.7695995891E-07    0.9312776634E-07    0.1098773085E-06    0.1269090062E-06    0.1439506389E-06    0.1607686092E-06    0.1771729346E-06    0.1930180441E-06    0.2082003383E-06    0.2226526664E-06    0.2363381868E-06
        0.0010948890    0.2156017528E-07    0.3437162245E-07    0.4988699635E-07    0.6784294415E-07    0.8790247940E-07    0.1096687269E-06    0.1327080175E-06    0.1565762860E-06    0.1808466290E-06    0.2051311295E-06    0.2290969088E-06    0.2524732398E-06    0.2750526826E-06    0.2966876066E-06    0.3172823216E-06    0.3367843277E-06
        0.0011987818    0.3070892973E-07    0.4895673271E-07    0.7105583537E-07    0.9663113483E-07    0.1252026492E-06    0.1562050950E-06    0.1890207816E-06    0.2230172111E-06    0.2575863297E-06    0.2921756133E-06    0.3263109309E-06    0.3596066761E-06    0.3917673848E-06    0.4225827816E-06    0.4519165716E-06    0.4796939770E-06
        0.0013125330    0.4371430615E-07    0.6969013965E-07    0.1011483164E-06    0.1375548757E-06    0.1782265610E-06    0.2223586885E-06    0.2690719729E-06    0.3174660504E-06    0.3666753534E-06    0.4159133615E-06    0.4645051466E-06    0.5119017965E-06    0.5576827165E-06    0.6015485788E-06    0.6433053666E-06    0.6828466338E-06
        0.0014370779    0.6219336982E-07    0.9914979808E-07    0.1439060848E-06    0.1957025515E-06    0.2535671132E-06    0.3163549272E-06    0.3828150137E-06    0.4516664039E-06    0.5216776345E-06    0.5917297044E-06    0.6608623777E-06    0.7282947039E-06    0.7934282933E-06    0.8558372850E-06    0.9152456468E-06    0.9715019353E-06
        0.0015734408    0.8842134092E-07    0.1409629053E-06    0.2045936572E-06    0.2782335492E-06    0.3605005520E-06    0.4497670240E-06    0.5442544262E-06    0.6421415844E-06    0.7416777066E-06    0.8412718906E-06    0.9395589530E-06    0.1035428604E-05    0.1128030102E-05    0.1216757995E-05    0.1301219843E-05    0.1381200336E-05
        0.0017227429    0.1256183266E-06    0.2002630145E-06    0.2906618762E-06    0.3952805113E-06    0.5121555000E-06    0.6389744862E-06    0.7732107372E-06    0.9122769493E-06    0.1053685809E-05    0.1195177157E-05    0.1334811503E-05    0.1471011484E-05    0.1602568471E-05    0.1728622307E-05    0.1848615464E-05    0.1962242054E-05
        0.0018862122    0.1783207696E-06    0.2842822048E-06    0.4126073865E-06    0.5611181652E-06    0.7270273796E-06    0.9070525380E-06    0.1097606832E-05    0.1295017468E-05    0.1495753597E-05    0.1696606819E-05    0.1894823946E-05    0.2088165839E-05    0.2274916795E-05    0.2453855786E-05    0.2624191374E-05    0.2785489339E-05
        0.0020651929    0.2529037120E-06    0.4031836841E-06    0.5851810748E-06    0.7958067201E-06    0.1031107724E-05    0.1286428687E-05    0.1556682612E-05    0.1836660556E-05    0.2121354883E-05    0.2406215277E-05    0.2687337025E-05    0.2961544463E-05    0.3226404294E-05    0.3480184792E-05    0.3721763499E-05    0.3950524584E-05
        0.0022611570    0.3583017410E-06    0.5712111334E-06    0.8290562295E-06    0.1127460451E-05    0.1460823526E-05    0.1822549910E-05    0.2205432591E-05    0.2602091789E-05    0.3005432930E-05    0.3409009345E-05    0.3807289025E-05    0.4195772844E-05    0.4571013423E-05    0.4930557339E-05    0.5272814346E-05    0.5596911966E-05
        0.0024757158    0.5070381860E-06    0.8083294712E-06    0.1173209947E-05    0.1595486251E-05    0.2067233353E-05    0.2579117800E-05    0.3120940839E-05    0.3682259233E-05    0.4253033342E-05    0.4824140387E-05    0.5387751941E-05    0.5937501220E-05    0.6468509788E-05    0.6977305770E-05    0.7461638785E-05    0.7920274175E-05
        0.0027106339    0.7166427363E-06    0.1142484846E-05    0.1658203286E-05    0.2255044418E-05    0.2921807084E-05    0.3645299472E-05    0.4411106765E-05    0.5204468595E-05    0.6011195034E-05    0.6818392035E-05    0.7614994978E-05    0.8392005113E-05    0.9142527309E-05    0.9861654450E-05    0.1054620587E-04    0.1119443653E-04
        0.0029678432    0.1011526632E-05    0.1612594100E-05    0.2340520177E-05    0.3182949281E-05    0.4124071205E-05    0.5145265970E-05    0.6226187358E-05    0.7346001405E-05    0.8484679315E-05    0.9624021406E-05    0.1074841019E-04    0.1184514411E-04    0.1290449083E-04    0.1391952407E-04    0.1488575438E-04    0.1580071865E-04
        0.0032494587    0.1425521517E-05    0.2272592253E-05    0.3298441944E-05    0.4485658149E-05    0.5811959898E-05    0.7251106478E-05    0.8774424419E-05    0.1035255289E-04    0.1195726575E-04    0.1356291461E-04    0.1514749010E-04    0.1669309219E-04    0.1818600534E-04    0.1961646849E-04    0.2097815475E-04    0.2226759295E-04
        0.0035577965    0.2005565414E-05    0.3197308750E-05    0.4640576094E-05    0.6310869891E-05    0.8176843050E-05    0.1020157752E-04    0.1234473262E-04    0.1456500058E-04    0.1682267009E-04    0.1908165642E-04    0.2131099459E-04    0.2348550108E-04    0.2558587950E-04    0.2759839700E-04    0.2951415233E-04    0.3132826188E-04
        0.0038953921    0.2816629709E-05    0.4490322155E-05    0.6517256623E-05    0.8863028575E-05    0.1148361394E-04    0.1432716474E-04    0.1733702624E-04    0.2045518553E-04    0.2362587174E-04    0.2679840724E-04    0.2992930460E-04    0.3298319592E-04    0.3593298119E-04    0.3875937395E-04    0.4144987321E-04    0.4399762041E-04
        0.0042650218    0.3947621517E-05    0.6293369797E-05    0.9134201185E-05    0.1242189630E-04    0.1609475360E-04    0.2008010602E-04    0.2429854960E-04    0.2866877687E-04    0.3311262267E-04    0.3755906020E-04    0.4194714005E-04    0.4622729268E-04    0.5036153633E-04    0.5432284022E-04    0.5809368375E-04    0.6166445437E-04
        0.0046697254    0.5520622016E-05    0.8801075705E-05    0.1277388722E-04    0.1737162328E-04    0.2250799624E-04    0.2808138352E-04    0.3398074117E-04    0.4009236329E-04    0.4630693838E-04    0.5252513771E-04    0.5866172548E-04    0.6464738029E-04    0.7042898586E-04    0.7596874055E-04    0.8124214238E-04    0.8623574854E-04
        0.0051128308    0.7701652213E-05    0.1227811357E-04    0.1782046229E-04    0.2423462422E-04    0.3140022204E-04    0.3917548510E-04    0.4740549931E-04    0.5593163698E-04    0.6460140086E-04    0.7327622044E-04    0.8183718582E-04    0.9018758881E-04    0.9825332854E-04    0.1059816691E-03    0.1133384286E-03    0.1203048534E-03
        0.0055979820    0.1071662395E-04    0.1708463615E-04    0.2479665232E-04    0.3372177100E-04    0.4369249056E-04    0.5451154121E-04    0.6596336440E-04    0.7782723420E-04    0.8989095509E-04    0.1019617102E-03    0.1138740397E-03    0.1254933772E-03    0.1367166133E-03    0.1474703679E-03    0.1577070776E-03    0.1674006477E-03
        0.0061291687    0.1486889620E-04    0.2370426378E-04    0.3440438416E-04    0.4678763659E-04    0.6062161898E-04    0.7563262703E-04    0.9152158150E-04    0.1079822336E-03    0.1247201702E-03    0.1414678652E-03    0.1579957498E-03    0.1741171179E-03    0.1896889099E-03    0.2046093133E-03    0.2188123366E-03    0.2322617739E-03
        0.0067107592    0.2056533736E-04    0.3278563344E-04    0.4758508989E-04    0.6471250484E-04    0.8384644010E-04    0.1046083319E-03    0.1265845199E-03    0.1493514277E-03    0.1725018489E-03    0.1956657649E-03    0.2185256562E-03    0.2408232880E-03    0.2623607925E-03    0.2829973523E-03    0.3026416937E-03    0.3212437408E-03
        0.0073475362    0.2834602999E-04    0.4518975446E-04    0.6558843889E-04    0.8919584135E-04    0.1155689102E-03    0.1441858553E-03    0.1744765114E-03    0.2058570454E-03    0.2377661877E-03    0.2696939266E-03    0.3012026121E-03    0.3319363084E-03    0.3616222871E-03    0.3900664539E-03    0.4171430034E-03    0.4427829142E-03
        0.0080447363    0.3892307764E-04    0.6205187516E-04    0.9006213112E-04    0.1224784062E-03    0.1586923276E-03    0.1979874030E-03    0.2395807145E-03    0.2826705761E-03    0.3264862849E-03    0.3703275226E-03    0.4135933338E-03    0.4557949690E-03    0.4965579337E-03    0.5356157103E-03    0.5727955509E-03    0.6080026805E-03
        0.0088080930    0.5322528103E-04    0.8485270634E-04    0.1231552708E-03    0.1674828350E-03    0.2170034793E-03    0.2707374360E-03    0.3276141038E-03    0.3865372167E-03    0.4464528768E-03    0.5064034341E-03    0.5655671128E-03    0.6232755732E-03    0.6790167145E-03    0.7324260888E-03    0.7832674738E-03    0.8314112715E-03
        0.0096438838    0.7244729355E-04    0.1154967858E-03    0.1676321047E-03    0.2279683148E-03    0.2953730510E-03    0.3685127049E-03    0.4459300295E-03    0.5261328454E-03    0.6076866420E-03    0.6892879171E-03    0.7698181140E-03    0.8483675259E-03    0.9242391108E-03    0.9969368044E-03    0.1066139077E-02    0.1131669529E-02
        0.0105589819    0.9810811369E-04    0.1564057176E-03    0.2270073309E-03    0.3087145659E-03    0.3999939647E-03    0.4990395451E-03    0.6038778947E-03    0.7124882966E-03    0.8229281323E-03    0.9334321973E-03    0.1042485744E-02    0.1148856851E-02    0.1251601592E-02    0.1350048203E-02    0.1443761279E-02    0.1532501949E-02
        0.0115609128    0.1321057349E-03    0.2106053010E-03    0.3056725672E-03    0.4156938443E-03    0.5386042583E-03    0.6719719734E-03    0.8131397067E-03    0.9593864835E-03    0.1108096498E-02    0.1256892845E-02    0.1403735875E-02    0.1546966780E-02    0.1685314549E-02    0.1817874654E-02    0.1944060826E-02    0.2063551440E-02
        0.0126579159    0.1767558267E-03    0.2817872376E-03    0.4089859847E-03    0.5561929497E-03    0.7206453314E-03    0.8990893370E-03    0.1087969529E-02    0.1283645256E-02    0.1482616586E-02    0.1681703245E-02    0.1878176208E-02    0.2069816022E-02    0.2254922107E-02    0.2432284236E-02    0.2601118014E-02    0.2760993138E-02
        0.0138590124    0.2347992048E-03    0.3743209446E-03    0.5432892840E-03    0.7388360459E-03    0.9572911257E-03    0.1194332193E-02    0.1445236223E-02    0.1705167002E-02    0.1969475259E-02    0.2233936367E-02    0.2494925149E-02    0.2749493345E-02    0.2995381969E-02    0.3230983423E-02    0.3455255777E-02    0.3667627473E-02
        0.0151740797    0.3093735877E-03    0.4932085608E-03    0.7158424491E-03    0.9734960189E-03    0.1261333402E-02    0.1573659351E-02    0.1904250672E-02    0.2246735055E-02    0.2594986541E-02    0.2943438714E-02    0.3287315033E-02    0.3622730902E-02    0.3946709938E-02    0.4257134045E-02    0.4552630466E-02    0.4832446208E-02
        0.0166139325    0.4038972011E-03    0.6438993086E-03    0.9345541715E-03    0.1270927652E-02    0.1646706129E-02    0.2054454050E-02    0.2486046643E-02    0.2933164522E-02    0.3387809988E-02    0.3842715921E-02    0.4291646482E-02    0.4729530348E-02    0.5152481941E-02    0.5557736226E-02    0.5943501244E-02    0.6308794147E-02
        0.0181904113    0.5217474891E-03    0.8317771849E-03    0.1207238102E-02    0.1641755886E-02    0.2127174181E-02    0.2653887376E-02    0.3211399644E-02    0.3788963891E-02    0.4376248748E-02    0.4963866759E-02    0.5543762808E-02    0.6109386201E-02    0.6655718048E-02    0.7179186995E-02    0.7677478696E-02    0.8149323982E-02
        0.0199164806    0.6658871791E-03    0.1061564627E-02    0.1540746975E-02    0.2095297731E-02    0.2714806090E-02    0.3387011736E-02    0.4098518437E-02    0.4835609605E-02    0.5585099592E-02    0.6335007794E-02    0.7075054336E-02    0.7796879619E-02    0.8494079176E-02    0.9162096043E-02    0.9797977523E-02    0.1040010478E-01
        0.0218063349    0.8380744394E-03    0.1336063174E-02    0.1939144533E-02    0.2637075766E-02    0.3416751722E-02    0.4262739756E-02    0.5158178074E-02    0.6085802361E-02    0.7029017274E-02    0.7972744841E-02    0.8904048207E-02    0.9812407795E-02    0.1068976500E-01    0.1153038655E-01    0.1233055825E-01    0.1308824455E-01
        0.0238755154    0.1037961571E-02    0.1654716556E-02    0.2401619933E-02    0.3265981785E-02    0.4231567143E-02    0.5279258931E-02    0.6388170992E-02    0.7536919882E-02    0.8704952043E-02    0.9873594497E-02    0.1102682715E-01    0.1215162451E-01    0.1323800949E-01    0.1427888514E-01    0.1526965502E-01    0.1620780148E-01
        0.0261410384    0.1261917660E-02    0.2011734179E-02    0.2919764925E-02    0.3970575134E-02    0.5144420177E-02    0.6418052305E-02    0.7766074509E-02    0.9162487216E-02    0.1058230201E-01    0.1200281892E-01    0.1340456504E-01    0.1477170948E-01    0.1609212823E-01    0.1735719910E-01    0.1856133983E-01    0.1970149503E-01
        0.0286215345    0.1501754276E-02    0.2394060824E-02    0.3474629236E-02    0.4725081612E-02    0.6121911174E-02    0.7637443395E-02    0.9241448149E-02    0.1090298106E-01    0.1259230423E-01    0.1428240614E-01    0.1595011817E-01    0.1757660775E-01    0.1914745486E-01    0.2065240714E-01    0.2208482980E-01    0.2344109461E-01
        0.0313374022    0.1743776538E-02    0.2779866021E-02    0.4034531835E-02    0.5486422937E-02    0.7108232833E-02    0.8867816858E-02    0.1073006529E-01    0.1265904235E-01    0.1462021680E-01    0.1658222680E-01    0.1851817577E-01    0.2040620432E-01    0.2222957808E-01    0.2397640267E-01    0.2563898411E-01    0.2721311892E-01
        0.0343109759    0.1968881788E-02    0.3138704291E-02    0.4555298708E-02    0.6194548250E-02    0.8025611531E-02    0.1001218508E-01    0.1211461928E-01    0.1429233432E-01    0.1650633933E-01    0.1872122508E-01    0.2090662693E-01    0.2303786995E-01    0.2509606745E-01    0.2706779836E-01    0.2894438447E-01    0.3072108833E-01
        0.0375667089    0.2152833835E-02    0.3431957427E-02    0.4980913686E-02    0.6773333230E-02    0.8775492577E-02    0.1094769439E-01    0.1324658120E-01    0.1562777748E-01    0.1804864477E-01    0.2047046116E-01    0.2286002149E-01    0.2519034310E-01    0.2744077369E-01    0.2959663844E-01    0.3164844961E-01    0.3359102915E-01
        0.0411313750    0.2273621025E-02    0.3624562859E-02    0.5260537474E-02    0.7153719247E-02    0.9268512965E-02    0.1156300861E-01    0.1399142290E-01    0.1650688888E-01    0.1906436623E-01    0.2162294480E-01    0.2414753679E-01    0.2660962439E-01    0.2898737571E-01    0.3126527353E-01    0.3343328137E-01    0.3548591728E-01
        0.0450342886    0.2307576637E-02    0.3678843348E-02    0.5339577758E-02    0.7261609699E-02    0.9408877328E-02    0.1173889514E-01    0.1420522549E-01    0.1676030662E-01    0.1935840700E-01    0.2195796695E-01    0.2452332191E-01    0.2702546757E-01    0.2944218329E-01    0.3175766014E-01    0.3396165754E-01    0.3604856494E-01
        0.0493075457    0.2254252257E-02    0.3594121413E-02    0.5217116751E-02    0.7095859185E-02    0.9195249682E-02    0.1147388673E-01    0.1388646783E-01    0.1638654526E-01    0.1892941268E-01    0.2147439925E-01    0.2398656394E-01    0.2643745506E-01    0.2880524236E-01    0.3107436306E-01    0.3323470434E-01    0.3528069040E-01
        0.0539862877    0.2133923168E-02    0.3402722413E-02    0.4940075001E-02    0.6720281502E-02    0.8710318516E-02    0.1087115465E-01    0.1316000362E-01    0.1553292206E-01    0.1794754259E-01    0.2036525549E-01    0.2275282936E-01    0.2508314883E-01    0.2733535739E-01    0.2949453717E-01    0.3155094489E-01    0.3349915364E-01
        0.0591089906    0.1983107232E-02    0.3162804826E-02    0.4592759894E-02    0.6249365092E-02    0.8102185809E-02    0.1011515043E-01    0.1224861874E-01    0.1446178267E-01    0.1671520713E-01    0.1897287050E-01    0.2120369217E-01    0.2338224186E-01    0.2548889501E-01    0.2750955365E-01    0.2943494887E-01    0.3125985059E-01
        0.0647177816    0.1857392318E-02    0.2962795056E-02    0.4303174859E-02    0.5856653173E-02    0.7594936624E-02    0.9484403979E-02    0.1148802239E-01    0.1356758562E-01    0.1568609606E-01    0.1780968816E-01    0.1990907834E-01    0.2196025003E-01    0.2394461825E-01    0.2584878361E-01    0.2766388889E-01    0.2938488435E-01
        0.0708587849    0.1792206266E-02    0.2858928661E-02    0.4152511925E-02    0.5651888911E-02    0.7329791706E-02    0.9153794445E-02    0.1108815942E-01    0.1309599756E-01    0.1514157104E-01    0.1719215535E-01    0.1921944485E-01    0.2120021933E-01    0.2311650669E-01    0.2495534766E-01    0.2670817528E-01    0.2837010520E-01
        0.0775825017    0.1733710131E-02    0.2765512633E-02    0.4016638924E-02    0.5466643198E-02    0.7089075230E-02    0.8852495844E-02    0.1072227056E-01    0.1266266708E-01    0.1463908827E-01    0.1661987617E-01    0.1857767100E-01    0.2049005277E-01    0.2233969361E-01    0.2411412439E-01    0.2580512910E-01    0.2740805365E-01
        0.0849442250    0.1556650453E-02    0.2483719480E-02    0.3608473974E-02    0.4912851247E-02    0.6373365188E-02    0.7961982085E-02    0.9647705473E-02    0.1139844885E-01    0.1318304683E-01    0.1497289389E-01    0.1674319143E-01    0.1847355131E-01    0.2014815703E-01    0.2175557278E-01    0.2328821072E-01    0.2474171575E-01
        0.0930044946    0.1250224207E-02    0.1996918944E-02    0.2904913331E-02    0.3960706344E-02    0.5146353879E-02    0.6440051943E-02    0.7817318542E-02    0.9252452855E-02    0.1072015972E-01    0.1219691858E-01    0.1366206735E-01    0.1509837600E-01    0.1649225834E-01    0.1783368502E-01    0.1911579865E-01    0.2033444373E-01
        0.1018295948    0.1017996276E-02    0.1628318205E-02    0.2372744974E-02    0.3241373190E-02    0.4220577889E-02    0.5293356308E-02    0.6440193225E-02    0.7640204076E-02    0.8872472455E-02    0.1011722663E-01    0.1135681480E-01    0.1257627009E-01    0.1376357242E-01    0.1490964832E-01    0.1600810203E-01    0.1705485669E-01
        0.1114920997    0.1012416279E-02    0.1618927483E-02    0.2358228211E-02    0.3220203926E-02    0.4191032438E-02    0.5253555091E-02    0.6388166670E-02    0.7573976192E-02    0.8790150316E-02    0.1001708461E-01    0.1123736288E-01    0.1243630111E-01    0.1360218612E-01    0.1472625344E-01    0.1580240175E-01    0.1682682178E-01
        0.1220714697    0.1142603583E-02    0.1823866733E-02    0.2651104057E-02    0.3611317675E-02    0.4687433268E-02    0.5858906346E-02    0.7102875999E-02    0.8395558652E-02    0.9713766040E-02    0.1103615921E-01    0.1234421223E-01    0.1362269090E-01    0.1485979119E-01    0.1604700448E-01    0.1717871994E-01    0.1825175902E-01
        0.1336547051    0.1214584300E-02    0.1936193844E-02    0.2809889998E-02    0.3820608008E-02    0.4949040817E-02    0.6172432688E-02    0.7465923790E-02    0.8804096711E-02    0.1016258916E-01    0.1151937029E-01    0.1285566808E-01    0.1415636884E-01    0.1541005964E-01    0.1660879789E-01    0.1774762954E-01    0.1882405819E-01
        0.1463370617    0.1040550723E-02    0.1660874465E-02    0.2413965657E-02    0.3287839089E-02    0.4266743538E-02    0.5331729524E-02    0.6461729975E-02    0.7634867292E-02    0.8829871302E-02    0.1002724585E-01    0.1121015485E-01    0.1236485147E-01    0.1348078622E-01    0.1455046024E-01    0.1556903877E-01    0.1653390477E-01
        0.1602228341    0.8113462512E-03    0.1300139143E-02    0.1898437843E-02    0.2599124414E-02    0.3391825152E-02    0.4263080841E-02    0.5197015204E-02    0.6176308896E-02    0.7183391545E-02    0.8201528019E-02    0.9215731634E-02    0.1021331091E-01    0.1118412958E-01    0.1212061697E-01    0.1301753225E-01    0.1387163934E-01
        0.1754262130    0.8099823114E-03    0.1297656901E-02    0.1894232192E-02    0.2592345570E-02    0.3381336619E-02    0.4247448962E-02    0.5174541762E-02    0.6145108223E-02    0.7141500942E-02    0.8147032721E-02    0.9146882850E-02    0.1012862111E-01    0.1108243597E-01    0.1200111141E-01    0.1287976224E-01    0.1371548603E-01
        0.1920722248    0.9463722245E-03    0.1509667111E-02    0.2192534830E-02    0.2983445035E-02    0.3867375907E-02    0.4826415746E-02    0.5840849277E-02    0.6890442456E-02    0.7955793204E-02    0.9019405303E-02    0.1006645881E-01    0.1108513400E-01    0.1206663028E-01    0.1300495639E-01    0.1389651719E-01    0.1473966124E-01
        0.2102977595    0.8753710077E-03    0.1398242793E-02    0.2033774251E-02    0.2771942548E-02    0.3599307158E-02    0.4499497150E-02    0.5454202468E-02    0.6444400277E-02    0.7451677078E-02    0.8459303841E-02    0.9453021901E-02    0.1042139481E-01    0.1135585706E-01    0.1225053310E-01    0.1310185230E-01    0.1390811868E-01
        0.2302526962    0.7614484959E-03    0.1221886195E-02    0.1786656084E-02    0.2449085282E-02    0.3198988908E-02    0.4022860183E-02    0.4904655606E-02    0.5826940846E-02    0.6772238813E-02    0.7724210534E-02    0.8668577378E-02    0.9593612233E-02    0.1049030484E-01    0.1135226778E-01    0.1217541104E-01    0.1295754512E-01
        0.2521011363    0.8613257852E-03    0.1375549918E-02    0.2000109012E-02    0.2724683616E-02    0.3535478321E-02    0.4415804575E-02    0.5347187322E-02    0.6310682629E-02    0.7288230422E-02    0.8263696516E-02    0.9223579209E-02    0.1015726952E-01    0.1105701853E-01    0.1191769698E-01    0.1273637547E-01    0.1351187632E-01
        0.2760227522    0.8541094862E-03    0.1364813951E-02    0.1985659200E-02    0.2706454300E-02    0.3513412001E-02    0.4389767767E-02    0.5316951688E-02    0.6275966770E-02    0.7248773389E-02    0.8219331237E-02    0.9174285191E-02    0.1010319968E-01    0.1099850438E-01    0.1185523889E-01    0.1267062365E-01    0.1344360501E-01
        0.3022142655    0.8309617080E-03    0.1331147929E-02    0.1941944828E-02    0.2654202138E-02    0.3454820930E-02    0.4327343920E-02    0.5253189541E-02    0.6213135509E-02    0.7188807537E-02    0.8163802405E-02    0.9124427667E-02    0.1005996672E-01    0.1096263789E-01    0.1182733977E-01    0.1265121221E-01    0.1343316568E-01
        0.3308910644    0.9065561377E-03    0.1446386340E-02    0.2100244121E-02    0.2856011171E-02    0.3697921064E-02    0.4607508357E-02    0.5565037333E-02    0.6550967235E-02    0.7547262225E-02    0.8538267443E-02    0.9511221088E-02    0.1045635310E-01    0.1136674704E-01    0.1223804151E-01    0.1306797967E-01    0.1385594376E-01
        0.3622889751    0.8967753662E-03    0.1435145845E-02    0.2090649824E-02    0.2852056922E-02    0.3703943858E-02    0.4627699004E-02    0.5603089576E-02    0.6609875871E-02    0.7629250968E-02    0.8644817919E-02    0.9643173853E-02    0.1061404825E-01    0.1155017676E-01    0.1244699251E-01    0.1330214920E-01    0.1411502228E-01
        0.3966662010    0.9628316334E-03    0.1536032845E-02    0.2229600657E-02    0.3029936740E-02    0.3919678602E-02    0.4878978423E-02    0.5887103139E-02    0.6923877946E-02    0.7970885739E-02    0.9012238113E-02    0.1003503214E-01    0.1102943054E-01    0.1198852412E-01    0.1290803299E-01    0.1378584214E-01    0.1462151132E-01
        0.4343054463    0.9899339617E-03    0.1581175036E-02    0.2297665398E-02    0.3125350749E-02    0.4046162738E-02    0.5039471253E-02    0.6083778238E-02    0.7158190103E-02    0.8243639281E-02    0.9323683992E-02    0.1038499297E-01    0.1141743724E-01    0.1241394865E-01    0.1337020439E-01    0.1428413408E-01    0.1515539767E-01
        0.4755162407    0.1044779514E-02    0.1666579177E-02    0.2417941743E-02    0.3283327100E-02    0.4243519760E-02    0.5277184093E-02    0.6362444747E-02    0.7478184255E-02    0.8605152185E-02    0.9726727065E-02    0.1082941082E-01    0.1190294263E-01    0.1294017762E-01    0.1393678060E-01    0.1489072617E-01    0.1580175939E-01
        0.5206374847    0.1099667205E-02    0.1752562427E-02    0.2539882816E-02    0.3444859271E-02    0.4447386825E-02    0.5525555882E-02    0.6657058014E-02    0.7820348453E-02    0.8995725950E-02    0.1016612661E-01    0.1131766761E-01    0.1243979719E-01    0.1352519245E-01    0.1456945364E-01    0.1557058507E-01    0.1652842590E-01
        0.5700402368    0.1154792050E-02    0.1839691586E-02    0.2664631134E-02    0.3611825540E-02    0.4660407733E-02    0.5787843588E-02    0.6971184948E-02    0.8188190045E-02    0.9418455013E-02    0.1064427840E-01    0.1185126211E-01    0.1302849036E-01    0.1416843486E-01    0.1526663731E-01    0.1632115887E-01    0.1733197078E-01
        0.6241307649    0.1216288282E-02    0.1936041621E-02    0.2801518667E-02    0.3794031428E-02    0.4892128422E-02    0.6072741274E-02    0.7312269075E-02    0.8587701041E-02    0.9877838659E-02    0.1116425441E-01    0.1243196440E-01    0.1366964388E-01    0.1486954142E-01    0.1602714608E-01    0.1714059840E-01    0.1821003269E-01
        0.6833538873    0.1281121229E-02    0.2037427568E-02    0.2945524538E-02    0.3986048866E-02    0.5137072496E-02    0.6374925020E-02    0.7675191738E-02    0.9013919876E-02    0.1036897249E-01    0.1172109615E-01    0.1305466743E-01    0.1435793987E-01    0.1562295812E-01    0.1684519928E-01    0.1802293447E-01    0.1915651351E-01
        0.7481966305    0.1348506627E-02    0.2142802020E-02    0.3095478747E-02    0.4186694992E-02    0.5394035358E-02    0.6693064367E-02    0.8058359074E-02    0.9464863513E-02    0.1088939368E-01    0.1231181450E-01    0.1371585309E-01    0.1508936651E-01    0.1642424456E-01    0.1771601438E-01    0.1896314279E-01    0.2016625516E-01
        0.8191922345    0.1418416429E-02    0.2252110369E-02    0.3251343577E-02    0.4395918322E-02    0.5662833885E-02    0.7026703287E-02    0.8460926627E-02    0.9939227338E-02    0.1143731145E-01    0.1293414737E-01    0.1441283591E-01    0.1586088771E-01    0.1727010432E-01    0.1863613667E-01    0.1995771933E-01    0.2123581641E-01
        0.8969245379    0.1490661140E-02    0.2365109148E-02    0.3412861012E-02    0.4613386187E-02    0.5942937100E-02    0.7374993548E-02    0.8881646639E-02    0.1043532568E-01    0.1201060491E-01    0.1358557521E-01    0.1514275992E-01    0.1666939212E-01    0.1815726551E-01    0.1960223856E-01    0.2100339223E-01    0.2236209593E-01
        0.9820327791    0.1565020978E-02    0.2481570680E-02    0.3579813176E-02    0.4838800207E-02    0.6233844917E-02    0.7737139134E-02    0.9319376319E-02    0.1095166030E-01    0.1260744603E-01    0.1426399124E-01    0.1590330909E-01    0.1751243864E-01    0.1908325874E-01    0.2061192960E-01    0.2209796486E-01    0.2354321005E-01
        1.0752168532    0.1641343724E-02    0.2601372566E-02    0.3752072021E-02    0.5071911745E-02    0.6535083965E-02    0.8112381611E-02    0.9773055426E-02    0.1148688652E-01    0.1322624687E-01    0.1496762216E-01    0.1669259716E-01    0.1838811484E-01    0.2004624649E-01    0.2166356090E-01    0.2324010003E-01    0.2477826135E-01
        1.1772430677    0.1719651045E-02    0.2724532442E-02    0.3929569378E-02    0.5312469612E-02    0.6846160714E-02    0.8499965320E-02    0.1024167672E-01    0.1203977684E-01    0.1386560541E-01    0.1569495060E-01    0.1750906583E-01    0.1929491345E-01    0.2104488213E-01    0.2275607131E-01    0.2442915757E-01    0.2606717156E-01
        1.2889504441    0.1799805745E-02    0.2850955042E-02    0.4112172216E-02    0.5560214390E-02    0.7166638814E-02    0.8899265454E-02    0.1072444284E-01    0.1260939372E-01    0.1452448912E-01    0.1644490932E-01    0.1835169242E-01    0.2023195701E-01    0.2207855504E-01    0.2388925598E-01    0.2566548906E-01    0.2741100477E-01
        1.4112576178    0.1881777772E-02    0.2980600930E-02    0.4299735018E-02    0.5814832204E-02    0.7496017471E-02    0.9309604019E-02    0.1122052258E-01    0.1319478626E-01    0.1520187380E-01    0.1721646577E-01    0.1921952460E-01    0.2119848766E-01    0.2314684026E-01    0.2506318086E-01    0.2694982186E-01    0.2881132551E-01
        1.5451703927    0.1965549687E-02    0.3113412562E-02    0.4492077788E-02    0.6075984451E-02    0.7833798090E-02    0.9730337481E-02    0.1172915024E-01    0.1379509927E-01    0.1589686385E-01    0.1800875650E-01    0.2011183173E-01    0.2219403810E-01    0.2424969193E-01    0.2627840106E-01    0.2828350507E-01    0.3027047509E-01
        1.6917900122    0.2051182854E-02    0.3249404873E-02    0.4689125820E-02    0.6343500729E-02    0.8179727426E-02    0.1016114847E-01    0.1224996812E-01    0.1440997024E-01    0.1660914760E-01    0.1882160340E-01    0.2102868433E-01    0.2321907627E-01    0.2538815491E-01    0.2753674143E-01    0.2966936088E-01    0.3179249566E-01
        1.8523222157    0.2138631101E-02    0.3388477322E-02    0.4890674208E-02    0.6617063500E-02    0.8533383571E-02    0.1060152329E-01    0.1278239147E-01    0.1503878083E-01    0.1733813573E-01    0.1965454170E-01    0.2196987580E-01    0.2427382656E-01    0.2656309214E-01    0.2883993718E-01    0.3111024606E-01    0.3338162032E-01
        2.0280871538    0.2227924799E-02    0.3530590715E-02    0.5096606947E-02    0.6896491982E-02    0.8894533542E-02    0.1105119057E-01    0.1332613454E-01    0.1568127473E-01    0.1808367442E-01    0.2050763088E-01    0.2293583333E-01    0.2535928245E-01    0.2777630082E-01    0.3019085537E-01    0.3261038053E-01    0.3504371096E-01
        2.2205302450    0.2319072481E-02    0.3675705063E-02    0.5306832757E-02    0.7181654810E-02    0.9263015896E-02    0.1150997249E-01    0.1388103031E-01    0.1633734655E-01    0.1884580495E-01    0.2138118786E-01    0.2392732858E-01    0.2647689973E-01    0.2903019369E-01    0.3159317020E-01    0.3417502304E-01    0.3678594095E-01
        2.4312340620    0.2408763832E-02    0.3818512842E-02    0.5513668653E-02    0.7462155161E-02    0.9625432663E-02    0.1196124901E-01    0.1442709496E-01    0.1698359567E-01    0.1959775147E-01    0.2224519964E-01    0.2491134178E-01    0.2759096307E-01    0.3028673361E-01    0.3300693777E-01    0.3576275949E-01    0.3856586860E-01
        2.6619313461    0.2503273567E-02    0.3968955411E-02    0.5731462729E-02    0.7757416942E-02    0.1000685051E-01    0.1243619083E-01    0.1500196560E-01    0.1766440545E-01    0.2039086601E-01    0.2315818097E-01    0.2595374359E-01    0.2877491008E-01    0.3162716247E-01    0.3452146765E-01    0.3747125139E-01    0.4048980550E-01
        2.9145192568    0.2599649939E-02    0.4122311994E-02    0.5953399115E-02    0.8058225045E-02    0.1039539923E-01    0.1292008156E-01    0.1558796838E-01    0.1835912666E-01    0.2120160988E-01    0.2409389980E-01    0.2702591248E-01    0.2999812910E-01    0.3301935213E-01    0.3610363872E-01    0.3926693575E-01    0.4252430851E-01
        3.1910749729    0.2697497296E-02    0.4277948358E-02    0.6178566934E-02    0.8363355995E-02    0.1078951586E-01    0.1341101216E-01    0.1618287691E-01    0.1906529634E-01    0.2202743413E-01    0.2504995572E-01    0.2812592138E-01    0.3125957574E-01    0.3446361913E-01    0.3775565553E-01    0.4115446219E-01    0.4467704416E-01
        3.4938727747    0.2797111058E-02    0.4436332155E-02    0.6407648372E-02    0.8673742537E-02    0.1119041892E-01    0.1391053278E-01    0.1678864609E-01    0.1978539496E-01    0.2287153462E-01    0.2603053726E-01    0.2925932442E-01    0.3256663337E-01    0.3596971411E-01    0.3949022812E-01    0.4315012693E-01    0.4696854077E-01
        3.8254027466    0.2898174581E-02    0.4596964141E-02    0.6639929739E-02    0.8988427518E-02    0.1159688925E-01    0.1441716829E-01    0.1740359526E-01    0.2051765394E-01    0.2373226317E-01    0.2703443358E-01    0.3042577996E-01    0.3392036682E-01    0.3754073099E-01    0.4131316359E-01    0.4526317473E-01    0.4941222870E-01
        4.1883912545    0.3000650226E-02    0.4759789528E-02    0.6875339086E-02    0.9307321743E-02    0.1200882768E-01    0.1493083990E-01    0.1802774217E-01    0.2126233641E-01    0.2461037696E-01    0.2806326547E-01    0.3162826904E-01    0.3532573064E-01    0.3918430553E-01    0.4323555636E-01    0.4750898371E-01    0.5202862451E-01
        4.5858233661    0.3104792600E-02    0.4925217984E-02    0.7114474825E-02    0.9631242801E-02    0.1242730563E-01    0.1545292943E-01    0.1866288410E-01    0.2202184010E-01    0.2550917097E-01    0.2912165751E-01    0.3287332033E-01    0.3679186211E-01    0.4091299425E-01    0.4527427288E-01    0.4990967781E-01    0.5484609454E-01
        5.0209673996    0.3209868693E-02    0.5092092601E-02    0.7355671735E-02    0.9957943336E-02    0.1284944146E-01    0.1597991269E-01    0.1930492068E-01    0.2279166457E-01    0.2642406375E-01    0.3020543126E-01    0.3415780929E-01    0.3831749007E-01    0.4272829927E-01    0.4743460016E-01    0.5247540754E-01    0.5788077743E-01
        5.4974018001    0.3316332845E-02    0.5261139635E-02    0.7599984021E-02    0.1028885679E-01    0.1327710370E-01    0.1651417748E-01    0.1995690755E-01    0.2357578822E-01    0.2736035893E-01    0.3132179332E-01    0.3549160321E-01    0.3991606346E-01    0.4464830777E-01    0.4974042752E-01    0.5523710965E-01    0.6117196006E-01
        6.0190445678    0.3425485414E-02    0.5434427066E-02    0.7850403425E-02    0.1062803929E-01    0.1371554690E-01    0.1706233151E-01    0.2062702357E-01    0.2438429317E-01    0.2833053705E-01    0.3248631416E-01    0.3689425677E-01    0.4161220118E-01    0.4670394021E-01    0.5223034176E-01    0.5824250010E-01    0.6477801919E-01
        6.5901854779    0.3538598295E-02    0.5613977228E-02    0.8109855174E-02    0.1097945686E-01    0.1416991255E-01    0.1763085608E-01    0.2132333465E-01    0.2522721432E-01    0.2934718186E-01    0.3371493679E-01    0.3838611805E-01    0.4343191715E-01    0.4892832087E-01    0.5494617217E-01    0.6154382383E-01    0.6876340627E-01
        7.2155213579    0.3655483989E-02    0.5799496520E-02    0.8377918378E-02    0.1134254566E-01    0.1463950120E-01    0.1821898716E-01    0.2204520556E-01    0.2610442621E-01    0.3041130318E-01    0.3501070745E-01    0.3997344300E-01    0.4538609546E-01    0.5133858977E-01    0.5791311564E-01    0.6517627037E-01    0.7317533370E-01
        7.9001947124    0.3776260919E-02    0.5991176018E-02    0.8654871743E-02    0.1171768906E-01    0.1512483964E-01    0.1882750264E-01    0.2279391049E-01    0.2701815750E-01    0.3152681966E-01    0.3638028037E-01    0.4166697311E-01    0.4749119424E-01    0.5395879265E-01    0.6116487856E-01    0.6918543783E-01    0.7807363090E-01
        8.6498360130    0.3901052627E-02    0.6189214359E-02    0.8941004454E-02    0.1210528496E-01    0.1562647835E-01    0.1945723068E-01    0.2357084132E-01    0.2797089709E-01    0.3269816843E-01    0.3783124378E-01    0.4347899579E-01    0.4976606421E-01    0.5681648606E-01    0.6474010097E-01    0.7362361006E-01    0.8352690851E-01
        9.4706100008    0.4029987730E-02    0.6393817751E-02    0.9236616283E-02    0.1250574608E-01    0.1614499298E-01    0.2010905516E-01    0.2437752364E-01    0.2896543217E-01    0.3393038188E-01    0.3937225652E-01    0.4542356756E-01    0.5223229104E-01    0.5994323762E-01    0.6868305730E-01    0.7855070188E-01    0.8961379092E-01
       10.3692663829    0.4163199908E-02    0.6605200029E-02    0.9542017748E-02    0.1291950045E-01    0.1668098595E-01    0.2078392188E-01    0.2521563518E-01    0.3000489194E-01    0.3522917510E-01    0.4101320318E-01    0.4751676693E-01    0.5491458315E-01    0.6337519226E-01    0.7304444844E-01    0.8403532494E-01    0.9642430128E-01
       11.3531953391    0.4300827918E-02    0.6823582754E-02    0.9857530316E-02    0.1334699183E-01    0.1723508840E-01    0.2148284579E-01    0.2608702704E-01    0.3109279753E-01    0.3660104516E-01    0.4276536952E-01    0.4977698011E-01    0.5784120996E-01    0.6715371189E-01    0.7788229493E-01    0.9015598561E-01    0.1040614115E+00
       12.4304882957    0.4443015633E-02    0.7049195333E-02    0.1018348664E-01    0.1378868034E-01    0.1780796240E-01    0.2220691935E-01    0.2699374806E-01    0.3223311891E-01    0.3805338355E-01    0.4464164052E-01    0.5222522330E-01    0.6104449619E-01    0.7132609608E-01    0.8326294066E-01    0.9700242605E-01    0.1126427690E+00
       13.6100044661    0.4589912115E-02    0.7282275181E-02    0.1052023086E-01    0.1424504306E-01    0.1840030344E-01    0.2295732202E-01    0.2793807266E-01    0.3343033936E-01    0.3959460292E-01    0.4665672319E-01    0.5488550544E-01    0.6456137806E-01    0.7594639176E-01    0.8926217677E-01    0.1046771183E+00    0.1223026100E+00
       14.9014437053    0.4741671697E-02    0.7523067899E-02    0.1086811885E-01    0.1471657472E-01    0.1901284331E-01    0.2373533124E-01    0.2892253245E-01    0.3468952830E-01    0.4123427957E-01    0.4882739671E-01    0.5778523546E-01    0.6843402772E-01    0.8107629996E-01    0.9596649451E-01    0.1132969207E+00    0.1331938663E+00
       16.3154262774    0.4898454094E-02    0.7771827477E-02    0.1122751864E-01    0.1520378852E-01    0.1964635340E-01    0.2454233491E-01    0.2994995217E-01    0.3601642326E-01    0.4298331297E-01    0.5117279229E-01    0.6095567837E-01    0.7271055184E-01    0.8678618721E-01    0.1034744757E+00    0.1229949036E+00    0.1454904717E+00
       17.8635801925    0.5060424520E-02    0.8028816521E-02    0.1159881068E-01    0.1570721697E-01    0.2030164834E-01    0.2537984547E-01    0.3102349006E-01    0.3741752143E-01    0.4485410360E-01    0.5371470541E-01    0.6443246434E-01    0.7744577054E-01    0.9315620867E-01    0.1118983274E+00    0.1339223499E+00    0.1593898684E+00
       19.5586368304    0.5227753834E-02    0.8294306493E-02    0.1198238833E-01    0.1622741285E-01    0.2097959022E-01    0.2624951598E-01    0.3214668320E-01    0.3890018165E-01    0.4686075039E-01    0.5647794277E-01    0.6825615496E-01    0.8270208167E-01    0.1002775479E+00    0.1213655633E+00    0.1462509300E+00    0.1751157093E+00
       21.4145356385    0.5400618683E-02    0.8568577969E-02    0.1237865815E-01    0.1676495023E-01    0.2168109330E-01    0.2715315802E-01    0.3332349791E-01    0.4047273707E-01    0.4901926886E-01    0.5949070639E-01    0.7247287019E-01    0.8855041477E-01    0.1082537763E+00    0.1320208326E+00    0.1601750427E+00    0.1929207406E+00
       23.4465387640    0.5579201671E-02    0.8851920913E-02    0.1278804046E-01    0.1732042561E-01    0.2240712922E-01    0.2809276176E-01    0.3455838544E-01    0.4214461891E-01    0.5134783066E-01    0.6278501661E-01    0.7713497924E-01    0.9507127837E-01    0.1172023343E+00    0.1440278903E+00    0.1759143102E+00    0.2130898330E+00
       25.6713565631    0.5763691530E-02    0.9144634966E-02    0.1321096966E-01    0.1789445917E-01    0.2315873292E-01    0.2907051815E-01    0.3585634288E-01    0.4392649124E-01    0.5386702510E-01    0.6639717534E-01    0.8230185694E-01    0.1023559020E+00    0.1272561355E+00    0.1575717150E+00    0.1937162265E+00    0.2359431580E+00
       28.1072850208    0.5954283304E-02    0.9447029748E-02    0.1364789484E-01    0.1848769608E-01    0.2393700907E-01    0.3008884312E-01    0.3722297918E-01    0.4583039643E-01    0.5660014234E-01    0.7036826922E-01    0.8804070429E-01    0.1105074688E+00    0.1385652874E+00    0.1728607620E+00    0.2138589603E+00    0.2618395217E+00
       30.7743562090    0.6151178548E-02    0.9759425176E-02    0.1409928017E-01    0.1910080799E-01    0.2474313920E-01    0.3115040392E-01    0.3866458564E-01    0.4786991043E-01    0.5957347714E-01    0.7474471105E-01    0.9442742900E-01    0.1196424281E+00    0.1512989043E+00    0.1901293204E+00    0.2366542692E+00    0.2911798336E+00
       33.6945030221    0.6354585524E-02    0.1008215179E-01    0.1456560546E-01    0.1973449455E-01    0.2557838933E-01    0.3225814696E-01    0.4018821010E-01    0.5006030604E-01    0.6281665068E-01    0.7957881523E-01    0.1015475774E+00    0.1298918700E+00    0.1656469807E+00    0.2096399082E+00    0.2624504285E+00    0.3244105569E+00
       36.8917395444    0.6564719421E-02    0.1041555110E-01    0.1504736674E-01    0.2038948510E-01    0.2644411811E-01    0.3341532699E-01    0.4180173333E-01    0.5241872193E-01    0.6636294624E-01    0.8492940004E-01    0.1094973051E+00    0.1414029399E+00    0.1818222839E+00    0.2316856423E+00    0.2916350433E+00    0.3620269679E+00
       40.3923585315    0.6781802572E-02    0.1075997594E-01    0.1554507677E-01    0.2106654045E-01    0.2734178533E-01    0.3462553661E-01    0.4351394574E-01    0.5496433304E-01    0.7024965193E-01    0.9086240453E-01    0.1183843665E+00    0.1543402671E+00    0.2000622365E+00    0.2565925303E+00    0.3246376902E+00    0.4045760005E+00
       44.2251476316    0.7006064685E-02    0.1111579082E-01    0.1605926562E-01    0.2176645465E-01    0.2827296043E-01    0.3589273521E-01    0.4533462130E-01    0.5771851710E-01    0.7451839996E-01    0.9745150136E-01    0.1283290912E+00    0.1688873598E+00    0.2206307398E+00    0.2847216907E+00    0.3619323974E+00    0.4526589264E+00
       48.4216261230    0.7237743084E-02    0.1148337236E-01    0.1659048134E-01    0.2249005684E-01    0.2923933077E-01    0.3722127552E-01    0.4727458478E-01    0.6070500898E-01    0.7921548783E-01    0.1047786785E+00    0.1394652990E+00    0.1852478832E+00    0.2438198137E+00    0.3164713243E+00    0.4040399764E+00    0.5069338014E+00
       53.0163041156    0.7477082955E-02    0.1186310961E-01    0.1713929052E-01    0.2323821308E-01    0.3024270907E-01    0.3861592591E-01    0.4934576701E-01    0.6395003197E-01    0.8439216052E-01    0.1129347538E+00    0.1519410962E+00    0.2036467296E+00    0.2699508725E+00    0.3522781394E+00    0.4515294934E+00    0.5681173170E+00
       58.0469663481    0.7724337603E-02    0.1225540452E-01    0.1770627895E-01    0.2401182798E-01    0.3128503923E-01    0.4008188548E-01    0.5156124084E-01    0.6748239116E-01    0.9010482524E-01    0.1220197735E+00    0.1659194806E+00    0.2243307947E+00    0.2993755770E+00    0.3926180729E+00    0.5050187465E+00    0.6369845233E+00
       63.5549829136    0.7979768721E-02    0.1266067235E-01    0.1829205227E-01    0.2481184610E-01    0.3236839966E-01    0.4162478819E-01    0.5393522861E-01    0.7133350897E-01    0.9641516044E-01    0.1321432248E+00    0.1815786423E+00    0.2475693043E+00    0.3324760897E+00    0.4380064004E+00    0.5651738934E+00    0.7143680360E+00
       69.5856494710    0.8243646662E-02    0.1307934209E-01    0.1889723658E-01    0.2563925288E-01    0.3349500270E-01    0.4325069148E-01    0.5648306911E-01    0.7553737694E-01    0.1033900688E+00    0.1434239796E+00    0.1991118268E+00    0.2736534642E+00    0.3696643705E+00    0.4889965327E+00    0.6327079181E+00    0.8011557664E+00
       76.1885597370    0.8516250726E-02    0.1351185693E-01    0.1952247914E-01    0.2649507486E-01    0.3466718859E-01    0.4496604342E-01    0.5922112876E-01    0.8013039028E-01    0.1111014096E+00    0.1559898557E+00    0.2187265990E+00    0.3028952513E+00    0.4113802553E+00    0.5461771526E+00    0.7083764513E+00    0.8982858858E+00
       83.4180133251    0.8797869452E-02    0.1395867471E-01    0.2016844890E-01    0.2738037896E-01    0.3588741186E-01    0.4677762095E-01    0.6216663807E-01    0.8515102289E-01    0.1196254273E+00    0.1699766579E+00    0.2406432895E+00    0.3356250254E+00    0.4580880269E+00    0.6101675346E+00    0.7929716433E+00    0.1006738465E+01
       91.3334622825    0.9088800925E-02    0.1442026843E-01    0.2083583713E-01    0.2829627029E-01    0.3715821762E-01    0.4869243078E-01    0.6533743010E-01    0.9063929033E-01    0.1290417762E+00    0.1855265247E+00    0.2650923653E+00    0.3721876025E+00    0.5102708809E+00    0.6816101462E+00    0.8873129513E+00    0.1127524535E+01
      100.0000000000    0.9389353093E-02    0.1489712672E-01    0.2152535786E-01    0.2924388812E-01    0.3848220497E-01    0.5071756239E-01    0.6875155327E-01    0.9663593737E-01    0.1394320154E+00    0.2027853756E+00    0.2923104178E+00    0.4129363778E+00    0.5684228089E+00    0.7611601045E+00    0.9922334626E+00    0.1261669832E+01
