               #####        0.2000000000        0.2533333333        0.3066666667        0.3600000000        0.4133333333        0.4666666667        0.5200000000        0.5733333333        0.6266666667        0.6800000000        0.7333333333        0.7866666667        0.8400000000        0.8933333333        0.9466666667        1.0000000000
        0.0010000000    0.1369153477E-07    0.2182563714E-07    0.3167421721E-07    0.4306834360E-07    0.5579210314E-07    0.6959158778E-07    0.8418984742E-07    0.9930389882E-07    0.1146623545E-06    0.1300193020E-06    0.1451646362E-06    0.1599277926E-06    0.1741787615E-06    0.1878255628E-06    0.2008090795E-06    0.2130973651E-06
        0.0010948890    0.1955098247E-07    0.3116616746E-07    0.4522956524E-07    0.6149995597E-07    0.7966903506E-07    0.9937424457E-07    0.1202201234E-06    0.1418025931E-06    0.1637341305E-06    0.1856635874E-06    0.2072909926E-06    0.2283727630E-06    0.2487232486E-06    0.2682110998E-06    0.2867518853E-06    0.3042999539E-06
        0.0011987818    0.2790495463E-07    0.4448321345E-07    0.6455579410E-07    0.8777841803E-07    0.1137110629E-06    0.1418362741E-06    0.1715896344E-06    0.2023944241E-06    0.2336975463E-06    0.2649978197E-06    0.2958671795E-06    0.3259579236E-06    0.3550050732E-06    0.3828211447E-06    0.4092856059E-06    0.4343332460E-06
        0.0013125330    0.3980600010E-07    0.6345464131E-07    0.9208789358E-07    0.1252146694E-06    0.1622073133E-06    0.2023277193E-06    0.2447707893E-06    0.2887138706E-06    0.3333679988E-06    0.3780182614E-06    0.4220541633E-06    0.4649796502E-06    0.5064167301E-06    0.5460979449E-06    0.5838513173E-06    0.6195837391E-06
        0.0014370779    0.5675116968E-07    0.9046689727E-07    0.1312891760E-06    0.1785178992E-06    0.2312582719E-06    0.2884580384E-06    0.3489694326E-06    0.4116196516E-06    0.4752839063E-06    0.5389429752E-06    0.6017266954E-06    0.6629277428E-06    0.7220072102E-06    0.7785837577E-06    0.8324121340E-06    0.8833594538E-06
        0.0015734408    0.8085345685E-07    0.1288883012E-06    0.1870478929E-06    0.2543348450E-06    0.3294744230E-06    0.4109675717E-06    0.4971791615E-06    0.5864383776E-06    0.6771427853E-06    0.7678403388E-06    0.8572916671E-06    0.9444888774E-06    0.1028664176E-05    0.1109274225E-05    0.1185969507E-05    0.1258560471E-05
        0.0017227429    0.1151112267E-06    0.1834985436E-06    0.2663005418E-06    0.3620973314E-06    0.4690742033E-06    0.5850971055E-06    0.7078382547E-06    0.8349190380E-06    0.9640581539E-06    0.1093188387E-05    0.1220545813E-05    0.1344695219E-05    0.1464543475E-05    0.1579316956E-05    0.1688517880E-05    0.1791876011E-05
        0.0018862122    0.1637514046E-06    0.2610357625E-06    0.3788258123E-06    0.5151018413E-06    0.6672825543E-06    0.8323324125E-06    0.1006940282E-05    0.1187722682E-05    0.1371434490E-05    0.1555135099E-05    0.1736316161E-05    0.1912935570E-05    0.2083438258E-05    0.2246723585E-05    0.2402083144E-05    0.2549131905E-05
        0.0020651929    0.2327365675E-06    0.3710048988E-06    0.5384177136E-06    0.7321046817E-06    0.9483974188E-06    0.1182981994E-05    0.1431152775E-05    0.1688101235E-05    0.1949215382E-05    0.2210315964E-05    0.2467839417E-05    0.2718882604E-05    0.2961235278E-05    0.3193332919E-05    0.3414168215E-05    0.3623192943E-05
        0.0022611570    0.3304451494E-06    0.5267620137E-06    0.7644591954E-06    0.1039461734E-05    0.1346561754E-05    0.1679634916E-05    0.2032000728E-05    0.2396832489E-05    0.2767582367E-05    0.3138316834E-05    0.3503978684E-05    0.3860444779E-05    0.4204576847E-05    0.4534153208E-05    0.4847742890E-05    0.5144565909E-05
        0.0024757158    0.4686467275E-06    0.7470689946E-06    0.1084178427E-05    0.1474196463E-05    0.1909738110E-05    0.2382118782E-05    0.2881865122E-05    0.3399296244E-05    0.3925126447E-05    0.4450941089E-05    0.4969571833E-05    0.5475169182E-05    0.5963282158E-05    0.6430759356E-05    0.6875570077E-05    0.7296605527E-05
        0.0027106339    0.6638341607E-06    0.1058217123E-05    0.1535730648E-05    0.2088190540E-05    0.2705137594E-05    0.3374272012E-05    0.4082176681E-05    0.4815140223E-05    0.5560010542E-05    0.6304869104E-05    0.7039568388E-05    0.7755819460E-05    0.8447317217E-05    0.9109596799E-05    0.9739779693E-05    0.1033629108E-04
        0.0029678432    0.9390473252E-06    0.1496934299E-05    0.2172417322E-05    0.2953920964E-05    0.3826652410E-05    0.4773215608E-05    0.5774633935E-05    0.6811514007E-05    0.7865252773E-05    0.8918991691E-05    0.9958386570E-05    0.1097170686E-04    0.1195003293E-04    0.1288704734E-04    0.1377867485E-04    0.1462268093E-04
        0.0032494587    0.1326376617E-05    0.2114375894E-05    0.3068477937E-05    0.4172335699E-05    0.5405058983E-05    0.6742081302E-05    0.8156603580E-05    0.9621237267E-05    0.1110970879E-04    0.1259820788E-04    0.1406649044E-04    0.1549797899E-04    0.1688007382E-04    0.1820384923E-04    0.1946354363E-04    0.2065598970E-04
        0.0035577965    0.1870537423E-05    0.2981822837E-05    0.4327359485E-05    0.5884098506E-05    0.7622586152E-05    0.9508185285E-05    0.1150311010E-04    0.1356874215E-04    0.1566803318E-04    0.1776740759E-04    0.1983834280E-04    0.2185744649E-04    0.2380694814E-04    0.2567425602E-04    0.2745123588E-04    0.2913340305E-04
        0.0038953921    0.2633229618E-05    0.4197631135E-05    0.6091802187E-05    0.8283303714E-05    0.1073068373E-04    0.1338519525E-04    0.1619365853E-04    0.1910171950E-04    0.2205723092E-04    0.2501293201E-04    0.2792871380E-04    0.3077162363E-04    0.3351664241E-04    0.3614603741E-04    0.3864834327E-04    0.4101721778E-04
        0.0042650218    0.3699503717E-05    0.5897380222E-05    0.8558567656E-05    0.1163750401E-04    0.1507597040E-04    0.1880550201E-04    0.2275140588E-04    0.2683733557E-04    0.3099003921E-04    0.3514312665E-04    0.3924031747E-04    0.4323527913E-04    0.4709285675E-04    0.5078812579E-04    0.5430495475E-04    0.5763438643E-04
        0.0046697254    0.5186605343E-05    0.8267972039E-05    0.1199890081E-04    0.1631553543E-04    0.2113628430E-04    0.2636519611E-04    0.3189758718E-04    0.3762644971E-04    0.4344910484E-04    0.4927248795E-04    0.5501780798E-04    0.6062004875E-04    0.6602991600E-04    0.7121244760E-04    0.7614498951E-04    0.8081490852E-04
        0.0051128308    0.7254659026E-05    0.1156466224E-04    0.1678324744E-04    0.2282113026E-04    0.2956423438E-04    0.3687840586E-04    0.4461727527E-04    0.5263121264E-04    0.6077662728E-04    0.6892336706E-04    0.7696140547E-04    0.8479970641E-04    0.9236930687E-04    0.9962127380E-04    0.1065238585E-03    0.1130592691E-03
        0.0055979820    0.1012181193E-04    0.1613520107E-04    0.2341629027E-04    0.3184056248E-04    0.4124893481E-04    0.5145432435E-04    0.6225260261E-04    0.7343507598E-04    0.8480145140E-04    0.9617017037E-04    0.1073880127E-03    0.1183278076E-03    0.1288933138E-03    0.1390162092E-03    0.1486520977E-03    0.1577759602E-03
        0.0061291687    0.1408368819E-04    0.2245084590E-04    0.3258195847E-04    0.4430385756E-04    0.5739531852E-04    0.7159617701E-04    0.8662254708E-04    0.1021841646E-03    0.1180024126E-03    0.1338247170E-03    0.1494383501E-03    0.1646661109E-03    0.1793740491E-03    0.1934670184E-03    0.2068830837E-03    0.2195871196E-03
        0.0067107592    0.1953778918E-04    0.3114525827E-04    0.4519988110E-04    0.6146156815E-04    0.7962362654E-04    0.9932537584E-04    0.1201732204E-03    0.1417646735E-03    0.1637133385E-03    0.1856689071E-03    0.2073370152E-03    0.2284714291E-03    0.2488862597E-03    0.2684493812E-03    0.2870746132E-03    0.3047127249E-03
        0.0073475362    0.2701543839E-04    0.4306542804E-04    0.6249929703E-04    0.8498529350E-04    0.1100996734E-03    0.1373440938E-03    0.1661746864E-03    0.1960352189E-03    0.2263915974E-03    0.2567595636E-03    0.2867332830E-03    0.3159716197E-03    0.3442174319E-03    0.3712878095E-03    0.3970631697E-03    0.4214746364E-03
        0.0080447363    0.3722234044E-04    0.5933632955E-04    0.8611289686E-04    0.1170953129E-03    0.1517002640E-03    0.1892417337E-03    0.2289709583E-03    0.2701220238E-03    0.3119593418E-03    0.3538158826E-03    0.3951343795E-03    0.4354437406E-03    0.4743894922E-03    0.5117192660E-03    0.5472676275E-03    0.5809383957E-03
        0.0088080930    0.5108676777E-04    0.8143773759E-04    0.1181883168E-03    0.1607122387E-03    0.2082097661E-03    0.2597403331E-03    0.3142772159E-03    0.3707699657E-03    0.4282094676E-03    0.4856805323E-03    0.5424213468E-03    0.5977836247E-03    0.6512805618E-03    0.7025652195E-03    0.7514094678E-03    0.7976792594E-03
        0.0096438838    0.6981474686E-04    0.1112922014E-03    0.1615158328E-03    0.2196307237E-03    0.2845453147E-03    0.3549757925E-03    0.4295205353E-03    0.5067451929E-03    0.5852714394E-03    0.6638490330E-03    0.7414416856E-03    0.8171606780E-03    0.8903402554E-03    0.9605053747E-03    0.1027342557E-02    0.1090665374E-02
        0.0105589819    0.9496314680E-04    0.1513815594E-03    0.2196974884E-03    0.2987495517E-03    0.3870551551E-03    0.4828705135E-03    0.5842914812E-03    0.6893688980E-03    0.7962290632E-03    0.9031720584E-03    0.1008795908E-02    0.1111887301E-02    0.1211539851E-02    0.1307105914E-02    0.1398156354E-02    0.1484432450E-02
        0.0115609128    0.1285064557E-03    0.2048534010E-03    0.2973016661E-03    0.4042820203E-03    0.5237916302E-03    0.6534747058E-03    0.7907582513E-03    0.9330075459E-03    0.1077688782E-02    0.1222502613E-02    0.1365563852E-02    0.1505223453E-02    0.1640253526E-02    0.1769775268E-02    0.1893203608E-02    0.2010180315E-02
        0.0126579159    0.1728975951E-03    0.2756179961E-03    0.4000037974E-03    0.5439474815E-03    0.7047598441E-03    0.8792775670E-03    0.1064044746E-02    0.1255521115E-02    0.1450300251E-02    0.1645290054E-02    0.1837973026E-02    0.2026119006E-02    0.2208073722E-02    0.2382650953E-02    0.2549056608E-02    0.2706795906E-02
        0.0138590124    0.2311934309E-03    0.3685483769E-03    0.5348768405E-03    0.7273667124E-03    0.9424307627E-03    0.1175848981E-02    0.1423009524E-02    0.1679185616E-02    0.1939826367E-02    0.2200799386E-02    0.2458768025E-02    0.2710731878E-02    0.2954475260E-02    0.3188405838E-02    0.3411450848E-02    0.3622928582E-02
        0.0151740797    0.3068461536E-03    0.4891478462E-03    0.7099090194E-03    0.9654069024E-03    0.1250894230E-02    0.1560785735E-02    0.1888975087E-02    0.2229199964E-02    0.2575426545E-02    0.2922173562E-02    0.3265058994E-02    0.3600071438E-02    0.3924264186E-02    0.4235513962E-02    0.4532379677E-02    0.4813925005E-02
        0.0166139325    0.4046933233E-03    0.6451276358E-03    0.9362926409E-03    0.1273293218E-02    0.1649889780E-02    0.2058740384E-02    0.2491814219E-02    0.2940869282E-02    0.3397957163E-02    0.3855853702E-02    0.4308851876E-02    0.4751615148E-02    0.5180247616E-02    0.5591933415E-02    0.5984745017E-02    0.6357398636E-02
        0.0181904113    0.5298756843E-03    0.8446819085E-03    0.1225921204E-02    0.1667207002E-02    0.2160402971E-02    0.2695933917E-02    0.3263320069E-02    0.3851796536E-02    0.4450970689E-02    0.5051391169E-02    0.5645697963E-02    0.6226831648E-02    0.6789676098E-02    0.7330520172E-02    0.7846798379E-02    0.8336754338E-02
        0.0199164806    0.6858157643E-03    0.1093266800E-02    0.1586717781E-02    0.2157938821E-02    0.2796452130E-02    0.3489924610E-02    0.4224848001E-02    0.4987331176E-02    0.5763945393E-02    0.6542468886E-02    0.7313550111E-02    0.8067937847E-02    0.8798985377E-02    0.9501850319E-02    0.1017314619E-01    0.1081048185E-01
        0.0218063349    0.8786168237E-03    0.1400609404E-02    0.2032801715E-02    0.2764706530E-02    0.3582983286E-02    0.4471925535E-02    0.5414314361E-02    0.6392418563E-02    0.7389068834E-02    0.8388624316E-02    0.9379372933E-02    0.1034928440E-01    0.1128980339E-01    0.1219466453E-01    0.1305942666E-01    0.1388084493E-01
        0.0238755154    0.1110706493E-02    0.1770580684E-02    0.2569802289E-02    0.3495203918E-02    0.4530053129E-02    0.5654643829E-02    0.6847346586E-02    0.8085849446E-02    0.9348502158E-02    0.1061555757E-01    0.1187262060E-01    0.1310420361E-01    0.1429942482E-01    0.1545026392E-01    0.1655094439E-01    0.1759708294E-01
        0.0261410384    0.1390372475E-02    0.2216386785E-02    0.3216890346E-02    0.4375539517E-02    0.5671593630E-02    0.7080616533E-02    0.8575746828E-02    0.1012921445E-01    0.1171400211E-01    0.1330542886E-01    0.1488609424E-01    0.1643618134E-01    0.1794196156E-01    0.1939323767E-01    0.2078252822E-01    0.2210391908E-01
        0.0286215345    0.1723052527E-02    0.2746694431E-02    0.3986662326E-02    0.5422918873E-02    0.7030080006E-02    0.8778223747E-02    0.1063439490E-01    0.1256442739E-01    0.1453497023E-01    0.1651549416E-01    0.1848535861E-01    0.2041934607E-01    0.2230026866E-01    0.2411523837E-01    0.2585459538E-01    0.2751036340E-01
        0.0313374022    0.2109448755E-02    0.3362636597E-02    0.4880818309E-02    0.6639811480E-02    0.8609047821E-02    0.1075246766E-01    0.1303025253E-01    0.1540096618E-01    0.1782398272E-01    0.2026200875E-01    0.2269113571E-01    0.2507947418E-01    0.2740568609E-01    0.2965358188E-01    0.3181072307E-01    0.3386635789E-01
        0.0343109759    0.2554683064E-02    0.4072401294E-02    0.5911329206E-02    0.8042737995E-02    0.1043041274E-01    0.1303158529E-01    0.1579886069E-01    0.1868266848E-01    0.2163412131E-01    0.2460816472E-01    0.2757781078E-01    0.3050287641E-01    0.3335701521E-01    0.3611994411E-01    0.3877563532E-01    0.4130957474E-01
        0.0375667089    0.3073463170E-02    0.4899456505E-02    0.7112363827E-02    0.9678492745E-02    0.1255552276E-01    0.1569339474E-01    0.1903636217E-01    0.2252572038E-01    0.2610311773E-01    0.2971448173E-01    0.3333011765E-01    0.3689930408E-01    0.4038949528E-01    0.4377519372E-01    0.4703562484E-01    0.5015111213E-01
        0.0411313750    0.3689473297E-02    0.5881574427E-02    0.8538877562E-02    0.1162226057E-01    0.1508281394E-01    0.1886255216E-01    0.2289646737E-01    0.2711546717E-01    0.3145015270E-01    0.3583572592E-01    0.4024034262E-01    0.4459951863E-01    0.4887277305E-01    0.5302775193E-01    0.5703725230E-01    0.6087444202E-01
        0.0450342886    0.4437313299E-02    0.7073900596E-02    0.1027104735E-01    0.1398366188E-01    0.1815572994E-01    0.2272062829E-01    0.2760297068E-01    0.3272162296E-01    0.3799394885E-01    0.4334199038E-01    0.4873248462E-01    0.5408245427E-01    0.5934089591E-01    0.6446617090E-01    0.6942221173E-01    0.7417222566E-01
        0.0493075457    0.5378199905E-02    0.8573853845E-02    0.1245021465E-01    0.1695540152E-01    0.2202553660E-01    0.2758430942E-01    0.3354426910E-01    0.3980969593E-01    0.4628131124E-01    0.5286418228E-01    0.5952436227E-01    0.6615319298E-01    0.7268518763E-01    0.7906581162E-01    0.8524664571E-01    0.9117706848E-01
        0.0539862877    0.6586053237E-02    0.1049885575E-01    0.1524645078E-01    0.2076908786E-01    0.2699412077E-01    0.3383423751E-01    0.4118760319E-01    0.4894020003E-01    0.5697099126E-01    0.6516226826E-01    0.7348007632E-01    0.8177942110E-01    0.8997454957E-01    0.9799296498E-01    0.1057692215E+00    0.1132338640E+00
        0.0591089906    0.8113143187E-02    0.1293161968E-01    0.1877930701E-01    0.2558782954E-01    0.3327552623E-01    0.4174332191E-01    0.5087264130E-01    0.6052651293E-01    0.7055517465E-01    0.8081002407E-01    0.9125777146E-01    0.1017023190E+00    0.1120299828E+00    0.1221439353E+00    0.1319561305E+00    0.1413724829E+00
        0.0647177816    0.9987795417E-02    0.1591643188E-01    0.2311240591E-01    0.3149905515E-01    0.4098712285E-01    0.5146645293E-01    0.6279976129E-01    0.7482135035E-01    0.8734331782E-01    0.1001751103E+00    0.1132846762E+00    0.1264056354E+00    0.1393872650E+00    0.1521014320E+00    0.1644317870E+00    0.1762537475E+00
        0.0708587849    0.1213589092E-01    0.1933491070E-01    0.2807481035E-01    0.3827437745E-01    0.4984251991E-01    0.6266252761E-01    0.7657842472E-01    0.9138967152E-01    0.1068587967E+00    0.1227399694E+00    0.1390033114E+00    0.1552904541E+00    0.1714048452E+00    0.1871810270E+00    0.2024697264E+00    0.2171108539E+00
        0.0775825017    0.1433826618E-01    0.2283978279E-01    0.3316797252E-01    0.4524787489E-01    0.5900046015E-01    0.7431379339E-01    0.9101689913E-01    0.1088689140E+00    0.1275706722E+00    0.1468076472E+00    0.1665543972E+00    0.1863403736E+00    0.2059170215E+00    0.2250778313E+00    0.2436376013E+00    0.2613967106E+00
        0.0849442250    0.1632165235E-01    0.2600084387E-01    0.3777939480E-01    0.5160936661E-01    0.6744788270E-01    0.8520612000E-01    0.1047042713E+00    0.1256554831E+00    0.1476870671E+00    0.1704047885E+00    0.1937922003E+00    0.2172511493E+00    0.2404780372E+00    0.2632231329E+00    0.2852625277E+00    0.3063525486E+00
        0.0930044946    0.1810260325E-01    0.2884859692E-01    0.4196389477E-01    0.5745524355E-01    0.7534466913E-01    0.9558340676E-01    0.1179825315E+00    0.1421969917E+00    0.1677660329E+00    0.1942057698E+00    0.2215162435E+00    0.2489571304E+00    0.2761665673E+00    0.3028477570E+00    0.3287327269E+00    0.3535261964E+00
        0.1018295948    0.2011669151E-01    0.3207332728E-01    0.4672154623E-01    0.6415088645E-01    0.8447203330E-01    0.1076795661E+00    0.1335580312E+00    0.1616790796E+00    0.1914729623E+00    0.2223536887E+00    0.2543496549E+00    0.2865555461E+00    0.3185437135E+00    0.3499621537E+00    0.3804893434E+00    0.4097663968E+00
        0.1114920997    0.2329278631E-01    0.3713133146E-01    0.5413324149E-01    0.7448996081E-01    0.9840646820E-01    0.1258956025E+00    0.1566701263E+00    0.1901741395E+00    0.2256961018E+00    0.2625271620E+00    0.3007442045E+00    0.3392351894E+00    0.3774937057E+00    0.4151010018E+00    0.4516700268E+00    0.4867629092E+00
        0.1220714697    0.2798690393E-01    0.4456514780E-01    0.6495700815E-01    0.8947429465E-01    0.1184091306E+00    0.1517487248E+00    0.1890788548E+00    0.2296721422E+00    0.2726449429E+00    0.3171451944E+00    0.3633261875E+00    0.4098171847E+00    0.4560183064E+00    0.5014318162E+00    0.5455927483E+00    0.5879677206E+00
        0.1336547051    0.3306935224E-01    0.5259774401E-01    0.7666665532E-01    0.1057522643E+00    0.1402404900E+00    0.1800703865E+00    0.2246826058E+00    0.2731726172E+00    0.3244809655E+00    0.3776051036E+00    0.4327949599E+00    0.4883783015E+00    0.5436443262E+00    0.5979997413E+00    0.6508847685E+00    0.7016506599E+00
        0.1463370617    0.3658751573E-01    0.5821171219E-01    0.8504754699E-01    0.1178212809E+00    0.1570574859E+00    0.2026833732E+00    0.2540421511E+00    0.3100949557E+00    0.3696281441E+00    0.4314878851E+00    0.4960132147E+00    0.5611984789E+00    0.6261918701E+00    0.6902736849E+00    0.7527590600E+00    0.8128537633E+00
        0.1602228341    0.3890416079E-01    0.6201184526E-01    0.9102438990E-01    0.1269954601E+00    0.1706321281E+00    0.2218990926E+00    0.2800925901E+00    0.3440673694E+00    0.4124542180E+00    0.4839250788E+00    0.5588928831E+00    0.6349656232E+00    0.7111090812E+00    0.7864378174E+00    0.8601047050E+00    0.9311328762E+00
        0.1754262130    0.4330256288E-01    0.6904248806E-01    0.1016344926E+00    0.1424619219E+00    0.1923890349E+00    0.2513933858E+00    0.3186917167E+00    0.3929862111E+00    0.4726999511E+00    0.5562857587E+00    0.6442660829E+00    0.7337757156E+00    0.8235733124E+00    0.9125884300E+00    0.9997922790E+00    0.1083998738E+01
        0.1920722248    0.5017775274E-01    0.7983052205E-01    0.1175055880E+00    0.1649022100E+00    0.2230124903E+00    0.2917966721E+00    0.3703522692E+00    0.4571838710E+00    0.5504660824E+00    0.6484057589E+00    0.7516973432E+00    0.8569239194E+00    0.9626252167E+00    0.1067535502E+01    0.1170430043E+01    0.1269888622E+01
        0.2102977595    0.5444268431E-01    0.8666930156E-01    0.1280578595E+00    0.1807369447E+00    0.2459543167E+00    0.3237769159E+00    0.4132693996E+00    0.5127790894E+00    0.6202311361E+00    0.7335543276E+00    0.8535815819E+00    0.9762737503E+00    0.1099885659E+01    0.1222891991E+01    0.1343811054E+01    0.1460928962E+01
        0.2302526962    0.5653575590E-01    0.9030895253E-01    0.1344382017E+00    0.1916028902E+00    0.2634439859E+00    0.3502507836E+00    0.4511220409E+00    0.5642632752E+00    0.6873223396E+00    0.8178933679E+00    0.9569095446E+00    0.1099613216E+01    0.1243898429E+01    0.1387910588E+01    0.1529847051E+01    0.1667637709E+01
        0.2521011363    0.6154399706E-01    0.9823769877E-01    0.1466238161E+00    0.2099205464E+00    0.2901501253E+00    0.3878037374E+00    0.5019961718E+00    0.6307831187E+00    0.7715359363E+00    0.9215235912E+00    0.1081875569E+01    0.1247039786E+01    0.1414538371E+01    0.1582169733E+01    0.1747783065E+01    0.1908910720E+01
        0.2760227522    0.6413032363E-01    0.1025662677E+00    0.1540410343E+00    0.2224565823E+00    0.3103837659E+00    0.4186635397E+00    0.5465266213E+00    0.6919200293E+00    0.8519248664E+00    0.1023430803E+01    0.1207717178E+01    0.1398331530E+01    0.1592333587E+01    0.1787089808E+01    0.1980022722E+01    0.2168191518E+01
        0.3022142655    0.6395815463E-01    0.1029049862E+00    0.1563013431E+00    0.2289053821E+00    0.3240313033E+00    0.4430306830E+00    0.5853425447E+00    0.7488224165E+00    0.9302163441E+00    0.1125951215E+01    0.1337389177E+01    0.1557056778E+01    0.1781452644E+01    0.2007423009E+01    0.2231884795E+01    0.2451349096E+01
        0.3308910644    0.6421216468E-01    0.1037716686E+00    0.1591882549E+00    0.2361657866E+00    0.3388844404E+00    0.4693300399E+00    0.6272511611E+00    0.8104759787E+00    0.1015437721E+01    0.1238087575E+01    0.1479882782E+01    0.1732226643E+01    0.1990983773E+01    0.2252404600E+01    0.2512824094E+01    0.2768125970E+01
        0.3622889751    0.6084059868E-01    0.9960940096E-01    0.1558322424E+00    0.2363974967E+00    0.3466065488E+00    0.4892652964E+00    0.6645076675E+00    0.8701090846E+00    0.1102096815E+01    0.1355821710E+01    0.1632740248E+01    0.1922992351E+01    0.2221694233E+01    0.2524399648E+01    0.2826771428E+01    0.3123980196E+01
        0.3966662010    0.5764387745E-01    0.9572478130E-01    0.1529346181E+00    0.2374969073E+00    0.3560247527E+00    0.5123226823E+00    0.7070433009E+00    0.9379835839E+00    0.1200779681E+01    0.1490148271E+01    0.1807532220E+01    0.2141664364E+01    0.2486798247E+01    0.2837674600E+01    0.3189169735E+01    0.3535627222E+01
        0.4343054463    0.5358946326E-01    0.9083300616E-01    0.1491092699E+00    0.2381945103E+00    0.3662659633E+00    0.5383425510E+00    0.7557366786E+00    0.1016324882E+01    0.1315333620E+01    0.1646767943E+01    0.2012007459E+01    0.2398181312E+01    0.2798522674E+01    0.3206805839E+01    0.3616975287E+01    0.4022406863E+01
        0.4755162407    0.5111111734E-01    0.8808000209E-01    0.1480539166E+00    0.2426036381E+00    0.3818113976E+00    0.5722726951E+00    0.8162540913E+00    0.1111876188E+01    0.1453974355E+01    0.1835743246E+01    0.2258418182E+01    0.2707236119E+01    0.3174184118E+01    0.3651858068E+01    0.4133076850E+01    0.4610066580E+01
        0.5206374847    0.5000856667E-01    0.8709288957E-01    0.1492867908E+00    0.2503393574E+00    0.4027460590E+00    0.6151731235E+00    0.8911831772E+00    0.1229267148E+01    0.1623797610E+01    0.2066957413E+01    0.2559691221E+01    0.3084965263E+01    0.3633239598E+01    0.4195679239E+01    0.4763752279E+01    0.5328325071E+01
        0.5700402368    0.4953251862E-01    0.8689394828E-01    0.1517858841E+00    0.2606698302E+00    0.4291032143E+00    0.6683846119E+00    0.9836944375E+00    0.1373945988E+01    0.1832890296E+01    0.2351421592E+01    0.2930013859E+01    0.3548915947E+01    0.4196738795E+01    0.4862929697E+01    0.5537350981E+01    0.6209271168E+01
        0.6241307649    0.4833657277E-01    0.8605455951E-01    0.1543420572E+00    0.2729717653E+00    0.4612628283E+00    0.7337179518E+00    0.1097440998E+01    0.1551795478E+01    0.2089723101E+01    0.2700516778E+01    0.3383976080E+01    0.4117121428E+01    0.4886345909E+01    0.5679052172E+01    0.6483209088E+01    0.7286222269E+01
        0.6833538873    0.4659455930E-01    0.8491925918E-01    0.1575145544E+00    0.2881491594E+00    0.5007469640E+00    0.8137292214E+00    0.1236520231E+01    0.1768981613E+01    0.2403018429E+01    0.3125937649E+01    0.3936591279E+01    0.4808176964E+01    0.5724442461E+01    0.6670376311E+01    0.7631737868E+01    0.8593787082E+01
        0.7481966305    0.4535147853E-01    0.8448336459E-01    0.1621835983E+00    0.3071376432E+00    0.5489775198E+00    0.9109356539E+00    0.1405203629E+01    0.2032138966E+01    0.2782284107E+01    0.3640468565E+01    0.4604233775E+01    0.5642282355E+01    0.6735238807E+01    0.7865277670E+01    0.9015618497E+01    0.1016909073E+02
        0.8191922345    0.4403065990E-01    0.8420257231E-01    0.1680088318E+00    0.3301138833E+00    0.6071342468E+00    0.1028120484E+01    0.1608498889E+01    0.2349061417E+01    0.3238559987E+01    0.4258747487E+01    0.5405402101E+01    0.6641991407E+01    0.7945500822E+01    0.9294875826E+01    0.1067046844E+02    0.1205240833E+02
        0.8969245379    0.4275451715E-01    0.8420763583E-01    0.1752562704E+00    0.3578386309E+00    0.6770709992E+00    0.1168953989E+01    0.1852596016E+01    0.2729042229E+01    0.3784673280E+01    0.4997430003E+01    0.6360776588E+01    0.7832145171E+01    0.9384344285E+01    0.1099268003E+02    0.1263433294E+02    0.1428650054E+02
        0.9820327791    0.4155089767E-01    0.8457118205E-01    0.1842281531E+00    0.3912839634E+00    0.7611146858E+00    0.1337897572E+01    0.2144792931E+01    0.3182738998E+01    0.4434972155E+01    0.5874735700E+01    0.7492537599E+01    0.9238933204E+01    0.1108202033E+02    0.1299308763E+02    0.1494589083E+02    0.1691452485E+02
        1.0752168532    0.4040862591E-01    0.8537198162E-01    0.1953055849E+00    0.4316377754E+00    0.8620171976E+00    0.1540069316E+01    0.2493216745E+01    0.3721681598E+01    0.5204555055E+01    0.6909345773E+01    0.8822891111E+01    0.1088802153E+02    0.1306763033E+02    0.1532867736E+02    0.1764132180E+02    0.1997647509E+02
        1.1772430677    0.3938384358E-01    0.8674177217E-01    0.2089555706E+00    0.4802896336E+00    0.9829062793E+00    0.1781104519E+01    0.2906514770E+01    0.4357713915E+01    0.6108397847E+01    0.8119169967E+01    0.1037244718E+02    0.1280252847E+02    0.1536669277E+02    0.1802736390E+02    0.2075104511E+02    0.2350549825E+02
        1.2889504441    0.3850008273E-01    0.8880723186E-01    0.2257008218E+00    0.5388044439E+00    0.1127210411E+01    0.2066950004E+01    0.3393427913E+01    0.5102269603E+01    0.7160280995E+01    0.9519900425E+01    0.1215839464E+02    0.1500082560E+02    0.1799857842E+02    0.2110947237E+02    0.2429643192E+02    0.2752423495E+02
        1.4112576178    0.3779207122E-01    0.9170794701E-01    0.2461259931E+00    0.6089064502E+00    0.1298564309E+01    0.2403604384E+01    0.3962281808E+01    0.5965559385E+01    0.8371655474E+01    0.1112356844E+02    0.1419277737E+02    0.1749456556E+02    0.2097431589E+02    0.2458533617E+02    0.2828719606E+02    0.3204198891E+02
        1.5451703927    0.3729182046E-01    0.9559317055E-01    0.2708815811E+00    0.6924580504E+00    0.1500691107E+01    0.2796818132E+01    0.4620445079E+01    0.6955776682E+01    0.9750630588E+01    0.1293737618E+02    0.1648123963E+02    0.2028740131E+02    0.2429532777E+02    0.2845407273E+02    0.3272021085E+02    0.3705356596E+02
        1.6917900122    0.3703083489E-01    0.1006264117E+00    0.3006864313E+00    0.7914201479E+00    0.1737245476E+01    0.3251752098E+01    0.5373789941E+01    0.8078413051E+01    0.1130124259E+02    0.1496303154E+02    0.1902253251E+02    0.2337474422E+02    0.2795349220E+02    0.3270397262E+02    0.3758022549E+02    0.4254029601E+02
        1.8523222157    0.3703757272E-01    0.1069824444E+00    0.3363092347E+00    0.9077646905E+00    0.2011583236E+01    0.3772571518E+01    0.6226161708E+01    0.9335727923E+01    0.1302308157E+02    0.1719668085E+02    0.2180887064E+02    0.2674462367E+02    0.3193254872E+02    0.3731446706E+02    0.4284238851E+02    0.4847309100E+02
        2.0280871538    0.3733917808E-01    0.1148518148E+00    0.3785585502E+00    0.1043399188E+01    0.2326575358E+01    0.4362184316E+01    0.7179177994E+01    0.1072680464E+02    0.1491179873E+02    0.1963001960E+02    0.2482774652E+02    0.3038025469E+02    0.3621143444E+02    0.4226022731E+02    0.4847709530E+02    0.5481802223E+02
        2.2205302450    0.3796171077E-01    0.1244392643E+00    0.4282561978E+00    0.1200066458E+01    0.2684428071E+01    0.5022089748E+01    0.8232311808E+01    0.1224809338E+02    0.1696028475E+02    0.2225220551E+02    0.2806461199E+02    0.3426347643E+02    0.4076844880E+02    0.4751602370E+02    0.5445551890E+02    0.6154251530E+02
        2.4312340620    0.3762784231E-01    0.1329332471E+00    0.4794275558E+00    0.1366153437E+01    0.3064591215E+01    0.5719329634E+01    0.9337348735E+01    0.1383425584E+02    0.1908509402E+02    0.2496125003E+02    0.3139791308E+02    0.3825293332E+02    0.4544225150E+02    0.5290037047E+02    0.6057593591E+02    0.6842472090E+02
        2.6619313461    0.3905300635E-01    0.1467198208E+00    0.5465171250E+00    0.1569235392E+01    0.3512117842E+01    0.6519938016E+01    0.1058433020E+02    0.1560200332E+02    0.2143177327E+02    0.2793316800E+02    0.3503698569E+02    0.4259225584E+02    0.5051126203E+02    0.5872656932E+02    0.6718617519E+02    0.7584595897E+02
        2.9145192568    0.4087023063E-01    0.1628843484E+00    0.6232956866E+00    0.1796872576E+01    0.4004830418E+01    0.7388937841E+01    0.1192349890E+02    0.1748577654E+02    0.2391849020E+02    0.3106956136E+02    0.3886573985E+02    0.4714719713E+02    0.5582265221E+02    0.6482285502E+02    0.7409531924E+02    0.8359622633E+02
        3.1910749729    0.4309264076E-01    0.1816113241E+00    0.7102480848E+00    0.2049408886E+01    0.4542178270E+01    0.8324572557E+01    0.1335217838E+02    0.1948248735E+02    0.2654211315E+02    0.3436735624E+02    0.4288104680E+02    0.5191432138E+02    0.6137237513E+02    0.7118426430E+02    0.8129720538E+02    0.9166790577E+02
        3.4938727747    0.4574209595E-01    0.2030921457E+00    0.8077896938E+00    0.2327038935E+01    0.5123672823E+01    0.9325752094E+01    0.1486910874E+02    0.2159102787E+02    0.2930168689E+02    0.3782548130E+02    0.4708133572E+02    0.5689115025E+02    0.6715668752E+02    0.7780550525E+02    0.8878478199E+02    0.1000520353E+03
        3.8254027466    0.4882895320E-01    0.2274703858E+00    0.9161622864E+00    0.2629698304E+01    0.5748735488E+01    0.1039159360E+02    0.1647329586E+02    0.2381012836E+02    0.3219517308E+02    0.4144050568E+02    0.5146119608E+02    0.6206982789E+02    0.7316496456E+02    0.8467298828E+02    0.9654140167E+02    0.1087288951E+03
        4.1883912545    0.5237216016E-01    0.2548922584E+00    0.1035584169E+01    0.2957408766E+01    0.6417162660E+01    0.1152173166E+02    0.1816391419E+02    0.2613777742E+02    0.3521846687E+02    0.4520539005E+02    0.5601000193E+02    0.6743570655E+02    0.7937829291E+02    0.9176344073E+02    0.1045394496E+03    0.1176666266E+03
        4.5858233661    0.5638573773E-01    0.2854739833E+00    0.1166204909E+01    0.3310179473E+01    0.7128743301E+01    0.1271537129E+02    0.1993869346E+02    0.2856903772E+02    0.3836281047E+02    0.4910663618E+02    0.6070885699E+02    0.7296409450E+02    0.8576598654E+02    0.9904013209E+02    0.1127362107E+03    0.1268166751E+03
        5.0209673996    0.6087956148E-01    0.3193076071E+00    0.1308137944E+01    0.3687998121E+01    0.7883012691E+01    0.1397071254E+02    0.2179314029E+02    0.3109529114E+02    0.4161425102E+02    0.5312405718E+02    0.6553069671E+02    0.7862065217E+02    0.9228620495E+02    0.1064536225E+03    0.1210746454E+03    0.1361144873E+03
        5.4974018001    0.6587365814E-01    0.3565072891E+00    0.1461571259E+01    0.4090940531E+01    0.8679281439E+01    0.1528500843E+02    0.2372087584E+02    0.3370508788E+02    0.4495514097E+02    0.5723298650E+02    0.7044322421E+02    0.8436502989E+02    0.9889024431E+02    0.1139466406E+03    0.1294887721E+03    0.1454852964E+03
        6.0190445678    0.7138309302E-01    0.3971729814E+00    0.1626662574E+01    0.4518877215E+01    0.9516129403E+01    0.1665400105E+02    0.2571320411E+02    0.3638396633E+02    0.4836426132E+02    0.6140472573E+02    0.7540968659E+02    0.9015198514E+02    0.1055240049E+03    0.1214559011E+03    0.1379058186E+03    0.1548465817E+03
        6.5901854779    0.7742652254E-01    0.4414175831E+00    0.1803575919E+01    0.4971496883E+01    0.1039151967E+02    0.1807230591E+02    0.2775989100E+02    0.3911567612E+02    0.5181850496E+02    0.6560870611E+02    0.8039155724E+02    0.9593463951E+02    0.1121318900E+03    0.1289167185E+03    0.1462516236E+03    0.1641143158E+03
        7.2155213579    0.8402945476E-01    0.4893772154E+00    0.1992478958E+01    0.5448298810E+01    0.1130288894E+02    0.1953369844E+02    0.2984968056E+02    0.4188291969E+02    0.5529383445E+02    0.6981366421E+02    0.8534995008E+02    0.1016661684E+03    0.1186588294E+03    0.1362654461E+03    0.1544535937E+03    0.1732065642E+03
        7.9001947124    0.9122136516E-01    0.5412007539E+00    0.2193499134E+01    0.5948532685E+01    0.1224713277E+02    0.2103117469E+02    0.3197042788E+02    0.4466754865E+02    0.5876553655E+02    0.7398794975E+02    0.9024597232E+02    0.1073001935E+03    0.1250507149E+03    0.1434399721E+03    0.1624413055E+03    0.1820442766E+03
        8.6498360130    0.9903471024E-01    0.5970428571E+00    0.2406698076E+01    0.6471180938E+01    0.1322063490E+02    0.2255704241E+02    0.3410925470E+02    0.4745078899E+02    0.6220852739E+02    0.7809992223E+02    0.9504121667E+02    0.1127913626E+03    0.1312550459E+03    0.1503804038E+03    0.1701471949E+03    0.1905519732E+03
        9.4706100008    0.1075068728E+00    0.6570653730E+00    0.2632073390E+01    0.7014992552E+01    0.1421937137E+02    0.2410312342E+02    0.3625286546E+02    0.5021367359E+02    0.6559789869E+02    0.8211861356E+02    0.9969855418E+02    0.1180962995E+03    0.1372220498E+03    0.1570303763E+03    0.1775080422E+03    0.1986593755E+03
       10.3692663829    0.1166855265E+00    0.7214499027E+00    0.2869591221E+01    0.7578573294E+01    0.1523910485E+02    0.2566109633E+02    0.3838807193E+02    0.5293776101E+02    0.6890981526E+02    0.8601477772E+02    0.1041833046E+03    0.1231748855E+03    0.1429061006E+03    0.1633386044E+03    0.1844667944E+03    0.2063035037E+03
       11.3531953391    0.1266310750E+00    0.7904026665E+00    0.3119203025E+01    0.8160445020E+01    0.1627552372E+02    0.2722274733E+02    0.4050218543E+02    0.5560569817E+02    0.7212227642E+02    0.8976183101E+02    0.1084643628E+03    0.1279914346E+03    0.1482669740E+03    0.1692601341E+03    0.1909736917E+03    0.2134300499E+03
       12.4304882957    0.1373886832E+00    0.8640664294E+00    0.3380647148E+01    0.8758706961E+01    0.1732374782E+02    0.2877930259E+02    0.4258214803E+02    0.5820012259E+02    0.7521380890E+02    0.9333436808E+02    0.1125125490E+03    0.1325130582E+03    0.1532678392E+03    0.1747544469E+03    0.1969839579E+03    0.2199904464E+03
       13.6100044661    0.1490195688E+00    0.9426150734E+00    0.3653682029E+01    0.9371500729E+01    0.1837910971E+02    0.3032259042E+02    0.4461610018E+02    0.6070565849E+02    0.7816574727E+02    0.9671088650E+02    0.1163034763E+03    0.1367130559E+03    0.1578794553E+03    0.1797895441E+03    0.2024638621E+03    0.2259480347E+03
       14.9014437053    0.1616142891E+00    0.1026295118E+01    0.3938192432E+01    0.9997231110E+01    0.1943752977E+02    0.3184558344E+02    0.4659411363E+02    0.6310983256E+02    0.8096348134E+02    0.9987492018E+02    0.1198194661E+03    0.1405717388E+03    0.1620817795E+03    0.1843436154E+03    0.2073903651E+03    0.2312813700E+03
       16.3154262774    0.1752177581E+00    0.1115193736E+01    0.4233663331E+01    0.1063363002E+02    0.2049407967E+02    0.3334037141E+02    0.4850554414E+02    0.6539953319E+02    0.8359234389E+02    0.1028100926E+03    0.1230433366E+03    0.1440715331E+03    0.1658549648E+03    0.1883985573E+03    0.2117430271E+03    0.2359702534E+03
       17.8635801925    0.1899429965E+00    0.1209592321E+01    0.4540009726E+01    0.1127929676E+02    0.2154541331E+02    0.3480167518E+02    0.5034348018E+02    0.6756712458E+02    0.8604377777E+02    0.1055090514E+03    0.1259666287E+03    0.1472061840E+03    0.1691939233E+03    0.1919476955E+03    0.2155222878E+03    0.2400139497E+03
       19.5586368304    0.2058521093E+00    0.1309599002E+01    0.4856741131E+01    0.1193218612E+02    0.2258742192E+02    0.3622344563E+02    0.5210042719E+02    0.6960447638E+02    0.8830975694E+02    0.1079631990E+03    0.1285841344E+03    0.1499674591E+03    0.1720954999E+03    0.1949891288E+03    0.2187229468E+03    0.2434210786E+03
       21.4145356385    0.2230762199E+00    0.1415522821E+01    0.5183831792E+01    0.1259121479E+02    0.2361773931E+02    0.3760221711E+02    0.5377310795E+02    0.7150794694E+02    0.9038921056E+02    0.1101725010E+03    0.1308967440E+03    0.1523641670E+03    0.1745625049E+03    0.1975367386E+03    0.2213642244E+03    0.2462034342E+03
       23.4465387640    0.2417638221E+00    0.1527714794E+01    0.5521361225E+01    0.1325561392E+02    0.2463461119E+02    0.3893615551E+02    0.5535934486E+02    0.7327831234E+02    0.9228165129E+02    0.1121433181E+03    0.1329107619E+03    0.1544029317E+03    0.1766185552E+03    0.1995980008E+03    0.2234744184E+03    0.2484032548E+03
       25.6713565631    0.2620240576E+00    0.1646394381E+01    0.5869129153E+01    0.1392420332E+02    0.2563609047E+02    0.4022285878E+02    0.5685786048E+02    0.7491406885E+02    0.9399243354E+02    0.1138741840E+03    0.1346410797E+03    0.1560926118E+03    0.1782683386E+03    0.2012170924E+03    0.2250527625E+03    0.2500595365E+03
       28.1072850208    0.2839866022E+00    0.1771838705E+01    0.6227092047E+01    0.1459628123E+02    0.2662102759E+02    0.4146117267E+02    0.5826946343E+02    0.7641788239E+02    0.9552360296E+02    0.1153838812E+03    0.1360806117E+03    0.1574727765E+03    0.1795229797E+03    0.2023974348E+03    0.2261929303E+03    0.2511508254E+03
       30.7743562090    0.3077914262E+00    0.1904354958E+01    0.6595329374E+01    0.1527143999E+02    0.2758860786E+02    0.4265242180E+02    0.5959339558E+02    0.7779886505E+02    0.9687841597E+02    0.1166802371E+03    0.1372692234E+03    0.1585112802E+03    0.1804734646E+03    0.2031361169E+03    0.2268885030E+03    0.2518538692E+03
       33.6945030221    0.3335890314E+00    0.2044280792E+01    0.6974013988E+01    0.1594950054E+02    0.2853975439E+02    0.4379551117E+02    0.6083953904E+02    0.7904892381E+02    0.9809168377E+02    0.1177471680E+03    0.1382376887E+03    0.1592722228E+03    0.1810329408E+03    0.2036244062E+03    0.2270940696E+03    0.2521344583E+03
       36.8917395444    0.3615404212E+00    0.2191984527E+01    0.7363455501E+01    0.1663104055E+02    0.2947421540E+02    0.4489560551E+02    0.6200598693E+02    0.8019455372E+02    0.9913214734E+02    0.1186797515E+03    0.1389031425E+03    0.1598518547E+03    0.1812842554E+03    0.2036800620E+03    0.2271698506E+03    0.2518652748E+03
       40.3923585315    0.3918167312E+00    0.2347865847E+01    0.7764103776E+01    0.1731616338E+02    0.3039381476E+02    0.4595831151E+02    0.6309202449E+02    0.8125152275E+02    0.1000298085E+03    0.1194178779E+03    0.1394635609E+03    0.1600296891E+03    0.1814548100E+03    0.2033973105E+03    0.2267748087E+03    0.2516614588E+03
       44.2251476316    0.4245985636E+00    0.2512338428E+01    0.8176342582E+01    0.1800592272E+02    0.3130384260E+02    0.4697326100E+02    0.6414024217E+02    0.8216581568E+02    0.1008802165E+03    0.1199377497E+03    0.1398507051E+03    0.1601478607E+03    0.1811012546E+03    0.2032070742E+03    0.2260241391E+03    0.2509305295E+03
       48.4216261230    0.4600745038E+00    0.2685847534E+01    0.8600976759E+01    0.1870258094E+02    0.3219805115E+02    0.4796908439E+02    0.6510438123E+02    0.8306082319E+02    0.1015050317E+03    0.1205112262E+03    0.1398940945E+03    0.1601649346E+03    0.1807616381E+03    0.2023483121E+03    0.2256018848E+03    0.2498663194E+03
       53.0163041156    0.4984393297E+00    0.2868818074E+01    0.9038487193E+01    0.1940402699E+02    0.3308802436E+02    0.4893963234E+02    0.6601535026E+02    0.8387556819E+02    0.1021190091E+03    0.1207772058E+03    0.1401463788E+03    0.1596714793E+03    0.1804317496E+03    0.2016361763E+03    0.2243314722E+03    0.2494087431E+03
       58.0469663481    0.5398946772E+00    0.3061649191E+01    0.9489041566E+01    0.2011523659E+02    0.3398035788E+02    0.4985769102E+02    0.6695094448E+02    0.8454172573E+02    0.1027277253E+03    0.1210091399E+03    0.1400188267E+03    0.1596000263E+03    0.1794139823E+03    0.2010437580E+03    0.2234335270E+03    0.2478886761E+03
       63.5549829136    0.5846512697E+00    0.3264815392E+01    0.9954372246E+01    0.2083790860E+02    0.3484941971E+02    0.5081446500E+02    0.6774432651E+02    0.8534710787E+02    0.1030339651E+03    0.1213756645E+03    0.1398113288E+03    0.1590646765E+03    0.1791036667E+03    0.1996121973E+03    0.2227039661E+03    0.2470927577E+03
       69.5856494710    0.6329375888E+00    0.3478683009E+01    0.1043342965E+02    0.2156282324E+02    0.3574613914E+02    0.5170689688E+02    0.6861540533E+02    0.8592269565E+02    0.1036371168E+03    0.1212594509E+03    0.1399227393E+03    0.1584327566E+03    0.1781935073E+03    0.1992401443E+03    0.2210649553E+03    0.2463731694E+03
       76.1885597370    0.6849943317E+00    0.3703852573E+01    0.1092740934E+02    0.2231122621E+02    0.3662814688E+02    0.5260136891E+02    0.6944263651E+02    0.8656806750E+02    0.1039330630E+03    0.1216175527E+03    0.1393661613E+03    0.1583206030E+03    0.1772755344E+03    0.1980367169E+03    0.2208763120E+03    0.2448120480E+03
       83.4180133251    0.7410482392E+00    0.3941173390E+01    0.1144032667E+02    0.2306336184E+02    0.3750469013E+02    0.5354895846E+02    0.7016441997E+02    0.8727182464E+02    0.1042636845E+03    0.1215773204E+03    0.1394803277E+03    0.1573676596E+03    0.1770363415E+03    0.1970825254E+03    0.2195222402E+03    0.2450464151E+03
       91.3334622825    0.8012943792E+00    0.4190649795E+01    0.1196659248E+02    0.2383186287E+02    0.3843947151E+02    0.5438097767E+02    0.7109679113E+02    0.8772327077E+02    0.1048130895E+03    0.1215812214E+03    0.1390730909E+03    0.1573274025E+03    0.1758328403E+03    0.1968408001E+03    0.2188668624E+03    0.2437256765E+03
      100.0000000000    0.8658777513E+00    0.4453157182E+01    0.1251661184E+02    0.2463463945E+02    0.3931327016E+02    0.5537909042E+02    0.7176404697E+02    0.8855947095E+02    0.1049415221E+03    0.1219527130E+03    0.1388282158E+03    0.1565931391E+03    0.1758238825E+03    0.1956467482E+03    0.2187398547E+03    0.2437102966E+03
