               #####        0.2000000000        0.2533333333        0.3066666667        0.3600000000        0.4133333333        0.4666666667        0.5200000000        0.5733333333        0.6266666667        0.6800000000        0.7333333333        0.7866666667        0.8400000000        0.8933333333        0.9466666667        1.0000000000
        0.0010000000    0.1369153449E-07    0.2182563203E-07    0.3167418651E-07    0.4306823114E-07    0.5579180218E-07    0.6959093176E-07    0.8418861052E-07    0.9930180481E-07    0.1146590925E-06    0.1300145332E-06    0.1451577665E-06    0.1599183408E-06    0.1741662462E-06    0.1878095248E-06    0.2007891282E-06    0.2130732717E-06
        0.0010948890    0.1955053282E-07    0.3116544302E-07    0.4522847567E-07    0.6149835822E-07    0.7966670998E-07    0.9937088300E-07    0.1202153277E-06    0.1417958921E-06    0.1637250049E-06    0.1856514803E-06    0.2072749389E-06    0.2283519877E-06    0.2486969818E-06    0.2681786117E-06    0.2867125605E-06    0.3042534421E-06
        0.0011987818    0.2790439312E-07    0.4448230581E-07    0.6455441413E-07    0.8777635071E-07    0.1137079652E-06    0.1418316518E-06    0.1715828441E-06    0.2023846978E-06    0.2336840335E-06    0.2649796052E-06    0.2958426821E-06    0.3259258706E-06    0.3549642001E-06    0.3827702529E-06    0.4092236840E-06    0.4342597139E-06
        0.0013125330    0.3980471850E-07    0.6345257780E-07    0.9208479595E-07    0.1252101439E-06    0.1622007615E-06    0.2023183007E-06    0.2447574258E-06    0.2886952866E-06    0.3333427901E-06    0.3779849247E-06    0.4220101194E-06    0.4649228278E-06    0.5063450777E-06    0.5460095237E-06    0.5837444973E-06    0.6194575926E-06
        0.0014370779    0.5674923565E-07    0.9046378068E-07    0.1312844842E-06    0.1785110049E-06    0.2312482089E-06    0.2884434395E-06    0.3489485367E-06    0.4115903698E-06    0.4752439352E-06    0.5388898466E-06    0.6016561917E-06    0.6628364737E-06    0.7218918209E-06    0.7784410807E-06    0.8322395067E-06    0.8831553566E-06
        0.0015734408    0.8084960649E-07    0.1288821085E-06    0.1870386290E-06    0.2543214043E-06    0.3294551535E-06    0.4109401759E-06    0.4971407087E-06    0.5863854126E-06    0.6770715145E-06    0.7677467117E-06    0.8571688058E-06    0.9443312623E-06    0.1028466360E-05    0.1109031076E-05    0.1185676726E-05    0.1258215618E-05
        0.0017227429    0.1151040511E-06    0.1834870154E-06    0.2662833583E-06    0.3620725820E-06    0.4690390944E-06    0.5850477995E-06    0.7077698922E-06    0.8348259172E-06    0.9639340346E-06    0.1093026626E-05    0.1220335196E-05    0.1344426758E-05    0.1464208320E-05    0.1578906792E-05    0.1688025756E-05    0.1791297999E-05
        0.0018862122    0.1637402209E-06    0.2610177884E-06    0.3787989858E-06    0.5150630957E-06    0.6672273654E-06    0.8322545329E-06    0.1006831777E-05    0.1187574221E-05    0.1371235851E-05    0.1554875393E-05    0.1735977084E-05    0.1912502440E-05    0.2082896633E-05    0.2246059911E-05    0.2401286096E-05    0.2548195069E-05
        0.0020651929    0.2327153638E-06    0.3709708600E-06    0.5383671021E-06    0.7320321485E-06    0.9482952711E-06    0.1182839767E-05    0.1430957295E-05    0.1687837104E-05    0.1948865799E-05    0.2209863092E-05    0.2467253456E-05    0.2718139698E-05    0.2960312018E-05    0.3192207392E-05    0.3412822170E-05    0.3621616109E-05
        0.0022611570    0.3304078345E-06    0.5267021428E-06    0.7643703264E-06    0.1039334817E-05    0.1346383940E-05    0.1679388865E-05    0.2031664712E-05    0.2396381197E-05    0.2766988238E-05    0.3137550677E-05    0.3502991991E-05    0.3859198754E-05    0.4203033500E-05    0.4532277057E-05    0.4845504446E-05    0.5141948637E-05
        0.0024757158    0.4685799504E-06    0.7469619161E-06    0.1084019795E-05    0.1473970830E-05    0.1909423896E-05    0.2381687161E-05    0.2881280209E-05    0.3398516406E-05    0.3924106490E-05    0.4449633278E-05    0.4967897297E-05    0.5473064923E-05    0.5960686638E-05    0.6427615236E-05    0.6871829834E-05    0.7292242645E-05
        0.0027106339    0.6637052020E-06    0.1058010529E-05    0.1535425556E-05    0.2087759468E-05    0.2704543345E-05    0.3373465903E-05    0.4081098889E-05    0.4813721942E-05    0.5558177545E-05    0.6302543406E-05    0.7036622028E-05    0.7752150534E-05    0.8442826530E-05    0.9104192252E-05    0.9733385289E-05    0.1032886489E-04
        0.0029678432    0.9388823366E-06    0.1496669638E-05    0.2172024646E-05    0.2953360549E-05    0.3825867943E-05    0.4772131158E-05    0.5773154455E-05    0.6809528845E-05    0.7862641534E-05    0.8915627093E-05    0.9954060006E-05    0.1096625151E-04    0.1194328615E-04    0.1287885796E-04    0.1376891775E-04    0.1461128598E-04
        0.0032494587    0.1326148106E-05    0.2114008953E-05    0.3067931448E-05    0.4171549466E-05    0.5403945089E-05    0.6740519056E-05    0.8154440282E-05    0.9618293934E-05    0.1110578977E-04    0.1259310568E-04    0.1405986586E-04    0.1548956016E-04    0.1686959570E-04    0.1819106542E-04    0.1944824998E-04    0.2063807089E-04
        0.0035577965    0.1869951546E-05    0.2980884582E-05    0.4325975165E-05    0.5882145968E-05    0.7619901404E-05    0.9504554867E-05    0.1149827272E-04    0.1356239812E-04    0.1565985997E-04    0.1775706737E-04    0.1982528901E-04    0.2184124442E-04    0.2378717679E-04    0.2565052663E-04    0.2742322937E-04    0.2910094422E-04
        0.0038953921    0.2632264626E-05    0.4196085909E-05    0.6089522909E-05    0.8280090351E-05    0.1072626830E-04    0.1337922942E-04    0.1618571637E-04    0.1909131292E-04    0.2204383495E-04    0.2499599738E-04    0.2790735584E-04    0.3074513903E-04    0.3348435124E-04    0.3610731295E-04    0.3860267204E-04    0.4096431834E-04
        0.0042650218    0.3697821362E-05    0.5894687257E-05    0.8554599982E-05    0.1163192377E-04    0.1506833105E-04    0.1879522847E-04    0.2273779928E-04    0.2681959851E-04    0.3096731686E-04    0.3511452727E-04    0.3920441272E-04    0.4319093552E-04    0.4703898144E-04    0.5072371424E-04    0.5422918663E-04    0.5754681537E-04
        0.0046697254    0.5183897931E-05    0.8263638357E-05    0.1199251543E-04    0.1630655286E-04    0.2112398217E-04    0.2634864300E-04    0.3187565037E-04    0.3759783636E-04    0.4341242892E-04    0.4922630408E-04    0.5495981035E-04    0.6054840787E-04    0.6594287057E-04    0.7110838120E-04    0.7602258408E-04    0.8067344722E-04
        0.0051128308    0.7250333219E-05    0.1155773809E-04    0.1677304381E-04    0.2280677064E-04    0.2954455447E-04    0.3685190145E-04    0.4458211494E-04    0.5258530481E-04    0.6071772895E-04    0.6884913965E-04    0.7686813263E-04    0.8468443982E-04    0.9222921211E-04    0.9945375359E-04    0.1063267980E-03    0.1128315182E-03
        0.0055979820    0.1011440059E-04    0.1612334156E-04    0.2339882992E-04    0.3181603760E-04    0.4121542247E-04    0.5140935933E-04    0.6219319933E-04    0.7335783757E-04    0.8470274580E-04    0.9604622129E-04    0.1072328494E-03    0.1181367021E-03    0.1286617330E-03    0.1387400107E-03    0.1483279198E-03    0.1574019886E-03
        0.0061291687    0.1407111089E-04    0.2243072507E-04    0.3255235830E-04    0.4426234736E-04    0.5733873545E-04    0.7152049397E-04    0.8652291011E-04    0.1020550703E-03    0.1178379927E-03    0.1336188865E-03    0.1491815344E-03    0.1643507434E-03    0.1789928934E-03    0.1930134807E-03    0.2063518308E-03    0.2189752947E-03
        0.0067107592    0.1951676299E-04    0.3111162803E-04    0.4515043556E-04    0.6139230773E-04    0.7952938350E-04    0.9919960403E-04    0.1200080587E-03    0.1415512335E-03    0.1634421643E-03    0.1853302157E-03    0.2069154838E-03    0.2279549696E-03    0.2482633404E-03    0.2677095222E-03    0.2862093653E-03    0.3037175937E-03
        0.0073475362    0.2698095932E-04    0.4301028879E-04    0.6241825585E-04    0.8487184912E-04    0.1099454564E-03    0.1371385316E-03    0.1659051095E-03    0.1956873269E-03    0.2259502001E-03    0.2562089720E-03    0.2860490252E-03    0.3151344179E-03    0.3432089371E-03    0.3700913859E-03    0.3956654439E-03    0.4198685345E-03
        0.0080447363    0.3716683616E-04    0.5924757562E-04    0.8598247035E-04    0.1169127727E-03    0.1514521749E-03    0.1889111319E-03    0.2285375273E-03    0.2695628482E-03    0.3112500992E-03    0.3529314801E-03    0.3940358209E-03    0.4341003418E-03    0.4727721053E-03    0.5098015217E-03    0.5450283792E-03    0.5783665062E-03
        0.0088080930    0.5099373123E-04    0.8128900278E-04    0.1179698949E-03    0.1604069640E-03    0.2077957487E-03    0.2591901195E-03    0.3135580876E-03    0.3698451559E-03    0.4270400731E-03    0.4842265368E-03    0.5406208443E-03    0.5955880304E-03    0.6486438600E-03    0.6994459153E-03    0.7477744228E-03    0.7935112048E-03
        0.0096438838    0.6966511616E-04    0.1110530210E-03    0.1611646650E-03    0.2191400767E-03    0.2838801781E-03    0.3540923086E-03    0.4283664943E-03    0.5052619916E-03    0.5833971423E-03    0.6615200261E-03    0.7385599097E-03    0.8136493006E-03    0.8861266690E-03    0.9555242664E-03    0.1021541923E-02    0.1084018284E-02
        0.0105589819    0.9471833037E-04    0.1509902959E-03    0.2191232836E-03    0.2979479546E-03    0.3859698612E-03    0.4814312841E-03    0.5824149718E-03    0.6869618061E-03    0.7931930138E-03    0.8994062578E-03    0.1004145613E-02    0.1106231559E-02    0.1204764685E-02    0.1299109113E-02    0.1388856861E-02    0.1473788714E-02
        0.0115609128    0.1281065356E-03    0.2042143586E-03    0.2963642409E-03    0.4029744758E-03    0.5220236176E-03    0.6511340220E-03    0.7877122242E-03    0.9291080819E-03    0.1072780140E-02    0.1216425648E-02    0.1358075240E-02    0.1496133522E-02    0.1629384079E-02    0.1756967038E-02    0.1878330839E-02    0.1993179290E-02
        0.0126579159    0.1722496726E-03    0.2745828347E-03    0.3984858937E-03    0.5418318163E-03    0.7019022465E-03    0.8754996775E-03    0.1059136321E-02    0.1249248091E-02    0.1442417081E-02    0.1635546467E-02    0.1825987891E-02    0.2011596055E-02    0.2190735460E-02    0.2362250204E-02    0.2525399082E-02    0.2679784352E-02
        0.0138590124    0.2301421795E-03    0.3668691252E-03    0.5324155602E-03    0.7239390403E-03    0.9378069465E-03    0.1169746110E-02    0.1415095357E-02    0.1669091434E-02    0.1927166463E-02    0.2185181796E-02    0.2439598321E-02    0.2687549462E-02    0.2926850174E-02    0.3155956535E-02    0.3373878952E-02    0.3580086895E-02
        0.0151740797    0.3051323415E-03    0.4864107378E-03    0.7058992851E-03    0.9598284736E-03    0.1243380944E-02    0.1550889462E-02    0.1876172088E-02    0.2212911302E-02    0.2555048746E-02    0.2897095544E-02    0.3234358302E-02    0.3563035975E-02    0.3880231784E-02    0.4183899551E-02    0.4472728472E-02    0.4746016668E-02
        0.0166139325    0.4019460960E-03    0.6407408133E-03    0.9298686597E-03    0.1264362424E-02    0.1637874223E-02    0.2042935678E-02    0.2471399989E-02    0.2914941448E-02    0.3365576030E-02    0.3816070618E-02    0.4260241024E-02    0.4693079705E-02    0.5110771432E-02    0.5510622413E-02    0.5890908245E-02    0.6250707096E-02
        0.0181904113    0.5254373615E-03    0.8375961545E-03    0.1215550216E-02    0.1652803016E-02    0.2141052562E-02    0.2670530572E-02    0.3230581345E-02    0.3810314944E-02    0.4399288736E-02    0.4988043062E-02    0.5568491329E-02    0.6134087101E-02    0.6679844500E-02    0.7202245198E-02    0.7699039207E-02    0.8169026377E-02
        0.0199164806    0.6786454820E-03    0.1081821629E-02    0.1569974799E-02    0.2134708970E-02    0.2765295220E-02    0.3449108271E-02    0.4172375750E-02    0.4921022167E-02    0.5681550836E-02    0.6441736908E-02    0.7191132018E-02    0.7921280331E-02    0.8625744729E-02    0.9299986106E-02    0.9941105332E-02    0.1054756032E-01
        0.0218063349    0.8669916576E-03    0.1382056915E-02    0.2005676735E-02    0.2727115880E-02    0.3532657160E-02    0.4406156796E-02    0.5330004273E-02    0.6286201171E-02    0.7257490508E-02    0.8228243994E-02    0.9185107961E-02    0.1011727966E-01    0.1101654040E-01    0.1187710029E-01    0.1269526740E-01    0.1346908508E-01
        0.0238755154    0.1092002735E-02    0.1740735929E-02    0.2526188285E-02    0.3434824712E-02    0.4449351755E-02    0.5549413330E-02    0.6712803895E-02    0.7916828197E-02    0.9139727954E-02    0.1036180232E-01    0.1156622338E-01    0.1273938465E-01    0.1387094217E-01    0.1495361748E-01    0.1598277882E-01    0.1695598261E-01
        0.0261410384    0.1360381262E-02    0.2168537572E-02    0.3146997369E-02    0.4278876304E-02    0.5542604279E-02    0.6912786440E-02    0.8361721325E-02    0.9861096333E-02    0.1138377166E-01    0.1290518059E-01    0.1440434830E-01    0.1586432634E-01    0.1727224282E-01    0.1861905422E-01    0.1989902056E-01    0.2110913119E-01
        0.0286215345    0.1674970527E-02    0.2669991219E-02    0.3874672091E-02    0.5268189168E-02    0.6823943808E-02    0.8510613969E-02    0.1029403417E-01    0.1213928539E-01    0.1401290166E-01    0.1588460091E-01    0.1772854337E-01    0.1952386693E-01    0.2125474692E-01    0.2291008632E-01    0.2448286452E-01    0.2596942596E-01
        0.0313374022    0.2032566306E-02    0.3239997489E-02    0.4701827854E-02    0.6392741968E-02    0.8280409468E-02    0.1032674629E-01    0.1249021211E-01    0.1472834920E-01    0.1700047534E-01    0.1926979404E-01    0.2150492760E-01    0.2368056724E-01    0.2577754286E-01    0.2778244085E-01    0.2968680668E-01    0.3148627529E-01
        0.0343109759    0.2432458976E-02    0.3877440015E-02    0.5626872375E-02    0.7650406693E-02    0.9909288868E-02    0.1235784583E-01    0.1494625848E-01    0.1762360292E-01    0.2034109512E-01    0.2305463048E-01    0.2572662720E-01    0.2832680487E-01    0.3083226411E-01    0.3322702056E-01    0.3550104055E-01    0.3764919199E-01
        0.0375667089    0.2879192787E-02    0.4589580034E-02    0.6660376704E-02    0.9055600324E-02    0.1172930874E-01    0.1462732151E-01    0.1769053651E-01    0.2085853167E-01    0.2407343688E-01    0.2728295910E-01    0.3044257578E-01    0.3351645650E-01    0.3647755158E-01    0.3930702844E-01    0.4199311670E-01    0.4452985543E-01
        0.0411313750    0.3383296075E-02    0.5393215971E-02    0.7826750880E-02    0.1064155093E-01    0.1378355174E-01    0.1718894087E-01    0.2078810593E-01    0.2450986715E-01    0.2828607039E-01    0.3205516628E-01    0.3576480093E-01    0.3937289631E-01    0.4284774512E-01    0.4616733158E-01    0.4931795630E-01    0.5229275097E-01
        0.0450342886    0.3959160809E-02    0.6311302876E-02    0.9159338491E-02    0.1245362780E-01    0.1613081669E-01    0.2011605568E-01    0.2432769585E-01    0.2868223854E-01    0.3309976773E-01    0.3750816619E-01    0.4184615875E-01    0.4606456693E-01    0.5012640406E-01    0.5400605674E-01    0.5768765279E-01    0.6116330846E-01
        0.0493075457    0.4640678038E-02    0.7397795224E-02    0.1073632643E-01    0.1459793778E-01    0.1890823035E-01    0.2357922969E-01    0.2851500807E-01    0.3361747861E-01    0.3879283705E-01    0.4395652782E-01    0.4903681113E-01    0.5397620584E-01    0.5873157080E-01    0.6327311025E-01    0.6758243200E-01    0.7165047864E-01
        0.0539862877    0.5472822281E-02    0.8724172948E-02    0.1266109058E-01    0.1721444062E-01    0.2229618992E-01    0.2780220512E-01    0.3361907230E-01    0.3963091799E-01    0.4572709539E-01    0.5180804539E-01    0.5778946983E-01    0.6360396759E-01    0.6920107294E-01    0.7454602988E-01    0.7961746710E-01    0.8440494847E-01
        0.0591089906    0.6480177803E-02    0.1032933615E-01    0.1498960813E-01    0.2037846349E-01    0.2639112153E-01    0.3290369969E-01    0.3978158631E-01    0.4688748753E-01    0.5409061963E-01    0.6127360113E-01    0.6833729601E-01    0.7520262426E-01    0.8181051503E-01    0.8812038763E-01    0.9410736658E-01    0.9975938760E-01
        0.0647177816    0.7660088906E-02    0.1220872068E-01    0.1771473818E-01    0.2407947161E-01    0.3117823720E-01    0.3886385270E-01    0.4697697775E-01    0.5535553410E-01    0.6384562455E-01    0.7230952531E-01    0.8063121031E-01    0.8871829261E-01    0.9650185642E-01    0.1039346046E+00    0.1109875645E+00    0.1176467099E+00
        0.0708587849    0.8948020267E-02    0.1425947042E-01    0.2068737447E-01    0.2811505952E-01    0.3639606104E-01    0.4535791153E-01    0.5481480532E-01    0.6457832324E-01    0.7447011335E-01    0.8433089517E-01    0.9402660398E-01    0.1034504353E+00    0.1125225957E+00    0.1211881677E+00    0.1294133416E+00    0.1371815802E+00
        0.0775825017    0.1020640312E-01    0.1626331022E-01    0.2359278357E-01    0.3206075134E-01    0.4150030259E-01    0.5171537737E-01    0.6249582818E-01    0.7362891623E-01    0.8491343417E-01    0.9616943700E-01    0.1072449448E+00    0.1180182108E+00    0.1283976305E+00    0.1383195546E+00    0.1477442179E+00    0.1566515575E+00
        0.0849442250    0.1116081160E-01    0.1778675115E-01    0.2580925917E-01    0.3508344557E-01    0.4543051037E-01    0.5664029430E-01    0.6848800525E-01    0.8074509175E-01    0.9319395265E-01    0.1056380032E+00    0.1179091092E+00    0.1298705966E+00    0.1414179333E+00    0.1524769936E+00    0.1630000442E+00    0.1729614426E+00
        0.0930044946    0.1181115917E-01    0.1883257412E-01    0.2734645843E-01    0.3720573339E-01    0.4823058470E-01    0.6020816785E-01    0.7290971151E-01    0.8609893885E-01    0.9954666133E-01    0.1130413249E+00    0.1263979705E+00    0.1394629204E+00    0.1521159965E+00    0.1642697049E+00    0.1758655277E+00    0.1868696234E+00
        0.1018295948    0.1255468015E-01    0.2003085012E-01    0.2911382640E-01    0.3965679748E-01    0.5148265386E-01    0.6437873253E-01    0.7811332307E-01    0.9244032053E-01    0.1071142486E+00    0.1219025364E+00    0.1365973549E+00    0.1510227918E+00    0.1650388926E+00    0.1785416902E+00    0.1914595924E+00    0.2037488997E+00
        0.1114920997    0.1407185235E-01    0.2245262764E-01    0.3264276598E-01    0.4448321719E-01    0.5778699833E-01    0.7232666471E-01    0.8785077228E-01    0.1040849799E+00    0.1207501190E+00    0.1375783362E+00    0.1543288114E+00    0.1707971368E+00    0.1868203616E+00    0.2022769571E+00    0.2170825373E+00    0.2311846957E+00
        0.1220714697    0.1654378419E-01    0.2637500338E-01    0.3831716753E-01    0.5217989817E-01    0.6774770888E-01    0.8475665268E-01    0.1029126126E+00    0.1218905607E+00    0.1413595656E+00    0.1610043591E+00    0.1805444634E+00    0.1997442047E+00    0.2184173316E+00    0.2364258866E+00    0.2536746054E+00    0.2701047291E+00
        0.1336547051    0.1910651153E-01    0.3043700036E-01    0.4419323420E-01    0.6015566110E-01    0.7808440981E-01    0.9767855434E-01    0.1185980644E+00    0.1404635020E+00    0.1628907685E+00    0.1855176329E+00    0.2080246831E+00    0.2301448223E+00    0.2516672368E+00    0.2724354523E+00    0.2923408246E+00    0.3113157013E+00
        0.1463370617    0.2045102836E-01    0.3260370950E-01    0.4741008243E-01    0.6466518198E-01    0.8414818102E-01    0.1055555087E+00    0.1285282190E+00    0.1526537800E+00    0.1775103636E+00    0.2026966346E+00    0.2278542799E+00    0.2526785077E+00    0.2769236170E+00    0.3004023300E+00    0.3229799484E+00    0.3445678722E+00
        0.1602228341    0.2097904118E-01    0.3352655231E-01    0.4893289228E-01    0.6704666921E-01    0.8769881641E-01    0.1106052587E+00    0.1354055381E+00    0.1616667691E+00    0.1889350882E+00    0.2167673838E+00    0.2447568586E+00    0.2725472314E+00    0.2998424769E+00    0.3264092853E+00    0.3520729807E+00    0.3767119424E+00
        0.1754262130    0.2295248449E-01    0.3671455508E-01    0.5369212211E-01    0.7374969266E-01    0.9672885676E-01    0.1223246852E+00    0.1501473471E+00    0.1797241525E+00    0.2105548492E+00    0.2421433660E+00    0.2740263341E+00    0.3057909121E+00    0.3370884136E+00    0.3676393129E+00    0.3972302561E+00    0.4257088758E+00
        0.1920722248    0.2660762936E-01    0.4249893908E-01    0.6209822166E-01    0.8522502824E-01    0.1116795337E+00    0.1410973525E+00    0.1730395101E+00    0.2069821246E+00    0.2423723513E+00    0.2786587559E+00    0.3153221809E+00    0.3518961313E+00    0.3879833104E+00    0.4232623270E+00    0.4574852286E+00    0.4904724966E+00
        0.2102977595    0.2872630977E-01    0.4595731246E-01    0.6735194361E-01    0.9274111581E-01    0.1219452437E+00    0.1546000805E+00    0.1902620770E+00    0.2283776038E+00    0.2683422694E+00    0.3095356951E+00    0.3513602774E+00    0.3932685978E+00    0.4347862671E+00    0.4755227147E+00    0.5151706838E+00    0.5535021457E+00
        0.2302526962    0.2990312036E-01    0.4805585377E-01    0.7087497311E-01    0.9824707649E-01    0.1300665196E+00    0.1660126183E+00    0.2056586573E+00    0.2484200506E+00    0.2936238533E+00    0.3405542208E+00    0.3885041089E+00    0.4368133934E+00    0.4849006458E+00    0.5322795753E+00    0.5785611542E+00    0.6234505803E+00
        0.2521011363    0.3356259411E-01    0.5393940282E-01    0.7962632457E-01    0.1104659572E+00    0.1463769816E+00    0.1870481782E+00    0.2320516730E+00    0.2807655729E+00    0.3324533208E+00    0.3863149289E+00    0.4415470197E+00    0.4973882687E+00    0.5531586192E+00    0.6082810430E+00    0.6622866784E+00    0.7148136590E+00
        0.2760227522    0.3653034627E-01    0.5884889613E-01    0.8718213367E-01    0.1213795601E+00    0.1614492308E+00    0.2071308841E+00    0.2580152696E+00    0.3134441183E+00    0.3726037844E+00    0.4345857898E+00    0.4984592013E+00    0.5633271224E+00    0.6283765867E+00    0.6929079342E+00    0.7563442639E+00    0.8182327670E+00
        0.3022142655    0.3890521329E-01    0.6299024034E-01    0.9391294453E-01    0.1315929264E+00    0.1761873107E+00    0.2275156055E+00    0.2851942565E+00    0.3485171760E+00    0.4165689424E+00    0.4882990793E+00    0.5626111988E+00    0.6384340588E+00    0.7147848885E+00    0.7908081093E+00    0.8657899125E+00    0.9391624067E+00
        0.3308910644    0.4299261603E-01    0.6969520254E-01    0.1041404493E+00    0.1462810085E+00    0.1964284792E+00    0.2544974130E+00    0.3201606408E+00    0.3926957852E+00    0.4711107945E+00    0.5542259538E+00    0.6407783890E+00    0.7295092861E+00    0.8192442689E+00    0.9089453266E+00    0.9977337783E+00    0.1084899750E+01
        0.3622889751    0.4598197282E-01    0.7496942209E-01    0.1128124409E+00    0.1595991781E+00    0.2158687515E+00    0.2816651712E+00    0.3567225307E+00    0.4402802360E+00    0.5312292301E+00    0.6282090851E+00    0.7297343131E+00    0.8343023059E+00    0.9404941198E+00    0.1047041649E+01    0.1152859907E+01    0.1257062186E+01
        0.3966662010    0.5022368344E-01    0.8212772945E-01    0.1241143302E+00    0.1764104447E+00    0.2398321964E+00    0.3146115038E+00    0.4006053413E+00    0.4970589183E+00    0.6027664515E+00    0.7161813609E+00    0.8355681990E+00    0.9591376332E+00    0.1085174900E+01    0.1212128401E+01    0.1338655681E+01    0.1463647139E+01
        0.4343054463    0.5407920926E-01    0.8894882395E-01    0.1353986862E+00    0.1938747872E+00    0.2655463336E+00    0.3508824477E+00    0.4498895516E+00    0.5618171654E+00    0.6853380295E+00    0.8186756776E+00    0.9597876796E+00    0.1106533229E+01    0.1256834861E+01    0.1408792971E+01    0.1560748521E+01    0.1711317213E+01
        0.4755162407    0.5859723518E-01    0.9686520894E-01    0.1484215774E+00    0.2139918786E+00    0.2952037266E+00    0.3928601647E+00    0.5071955046E+00    0.6375035135E+00    0.7823361640E+00    0.9396523851E+00    0.1107041682E+01    0.1281934446E+01    0.1461806809E+01    0.1644328758E+01    0.1827448598E+01    0.2009440581E+01
        0.5206374847    0.6329039005E-01    0.1052743318E+00    0.1625670380E+00    0.2362695790E+00    0.3285931906E+00    0.4407767006E+00    0.5733562810E+00    0.7256992626E+00    0.8962237574E+00    0.1082573801E+01    0.1281893272E+01    0.1491089652E+01    0.1707092633E+01    0.1927044202E+01    0.2148410420E+01    0.2369045770E+01
        0.5700402368    0.6827431327E-01    0.1143712031E+00    0.1781544830E+00    0.2612204668E+00    0.3665234959E+00    0.4958712334E+00    0.6501999255E+00    0.8289918139E+00    0.1030517781E+01    0.1252045953E+01    0.1490179166E+01    0.1741186298E+01    0.2001328203E+01    0.2267100248E+01    0.2535378190E+01    0.2803503022E+01
        0.6241307649    0.7363921021E-01    0.1243109124E+00    0.1954616062E+00    0.2893395007E+00    0.4098472007E+00    0.5595317496E+00    0.7398527094E+00    0.9504569347E+00    0.1189448329E+01    0.1453640555E+01    0.1738975747E+01    0.2040941515E+01    0.2354980967E+01    0.2676800286E+01    0.3002556601E+01    0.3328967391E+01
        0.6833538873    0.7936490298E-01    0.1351282083E+00    0.2146696175E+00    0.3210871342E+00    0.4594830061E+00    0.6333511313E+00    0.8448215186E+00    0.1093761309E+01    0.1378077429E+01    0.1694027960E+01    0.2036745107E+01    0.2400760721E+01    0.2780520940E+01    0.3170773728E+01    0.3566807738E+01    0.3964590387E+01
        0.7481966305    0.8548066947E-01    0.1469290885E+00    0.2360644898E+00    0.3570836664E+00    0.5165991733E+00    0.7193061541E+00    0.9681801916E+00    0.1263367766E+01    0.1602531278E+01    0.1981240317E+01    0.2393629506E+01    0.2833061576E+01    0.3292771431E+01    0.3766350857E+01    0.4248048136E+01    0.4732938435E+01
        0.8191922345    0.9202328825E-01    0.1598417372E+00    0.2599906795E+00    0.3980779962E+00    0.5826090818E+00    0.8197887277E+00    0.1113640849E+01    0.1464646303E+01    0.1870146565E+01    0.2324846133E+01    0.2821645989E+01    0.3352480541E+01    0.3909120430E+01    0.4483773495E+01    0.5069455095E+01    0.5660193207E+01
        0.8969245379    0.9903304605E-01    0.1740164395E+00    0.2868605921E+00    0.4449744266E+00    0.6592239081E+00    0.9376911959E+00    0.1285674500E+01    0.1704027615E+01    0.2189649947E+01    0.2736145654E+01    0.3334886299E+01    0.3976066242E+01    0.4649697771E+01    0.5346348452E+01    0.6057591371E+01    0.6776245003E+01
        0.9820327791    0.1065594241E+00    0.1896347408E+00    0.3171727692E+00    0.4988685477E+00    0.7485153560E+00    0.1076501781E+01    0.1489639031E+01    0.1989156632E+01    0.2571324596E+01    0.3228334686E+01    0.3949661553E+01    0.4723389861E+01    0.5537438626E+01    0.6380454608E+01    0.7242349578E+01    0.8114571230E+01
        1.0752168532    0.1146564280E+00    0.2069115130E+00    0.3515274558E+00    0.5610848685E+00    0.8529831152E+00    0.1240404544E+01    0.1731906182E+01    0.2329032664E+01    0.3027143673E+01    0.3816609107E+01    0.4684556300E+01    0.5616530143E+01    0.6597984828E+01    0.7615350046E+01    0.8656658487E+01    0.9711838477E+01
        1.1772430677    0.1233936643E+00    0.2261083845E+00    0.3906513387E+00    0.6332243057E+00    0.9756333576E+00    0.1434388298E+01    0.2019988793E+01    0.2734132847E+01    0.3570862246E+01    0.4518196954E+01    0.5560375552E+01    0.6679915227E+01    0.7859406799E+01    0.9082764351E+01    0.1033594008E+02    0.1160722167E+02
        1.2889504441    0.1328512399E+00    0.2475401801E+00    0.4354242473E+00    0.7172203202E+00    0.1120068629E+01    0.1664362930E+01    0.2362662313E+01    0.3216507336E+01    0.4218051206E+01    0.5352298770E+01    0.6599965725E+01    0.7940005762E+01    0.9351737259E+01    0.1081627660E+02    0.1231732919E+02    0.1384146476E+02
        1.4112576178    0.1431231612E+00    0.2715825228E+00    0.4869007772E+00    0.8153844318E+00    0.1290557554E+01    0.1937236809E+01    0.2770017291E+01    0.3789765802E+01    0.4985977692E+01    0.6339829801E+01    0.7827796954E+01    0.9424705628E+01    0.1110620627E+02    0.1285037549E+02    0.1463856196E+02    0.1645560093E+02
        1.5451703927    0.1543245828E+00    0.2986903707E+00    0.5463534116E+00    0.9304833695E+00    0.1492140849E+01    0.2261025516E+01    0.3253528382E+01    0.4469060046E+01    0.5893462185E+01    0.7503126122E+01    0.9269507027E+01    0.1116274361E+02    0.1315446756E+02    0.1521954030E+02    0.1733692166E+02    0.1948977116E+02
        1.6917900122    0.1665959930E+00    0.3294159769E+00    0.6153168055E+00    0.1065815368E+01    0.1730725068E+01    0.2644924328E+01    0.3826053616E+01    0.5270962080E+01    0.6960603888E+01    0.8865505980E+01    0.1095130437E+02    0.1318293449E+02    0.1552773917E+02    0.1795728270E+02    0.2044820054E+02    0.2298211978E+02
        1.8523222157    0.1801021646E+00    0.3644174633E+00    0.6956167405E+00    0.1225258091E+01    0.2013121189E+01    0.3099284565E+01    0.4501690312E+01    0.6213157502E+01    0.8208296335E+01    0.1045061784E+02    0.1289917596E+02    0.1551328247E+02    0.1825583880E+02    0.2109514695E+02    0.2400569206E+02    0.2696779848E+02
        2.0280871538    0.1950437202E+00    0.4044896798E+00    0.7894341456E+00    0.1413359778E+01    0.2347124260E+01    0.3635621659E+01    0.5295658338E+01    0.7314180283E+01    0.9657824662E+01    0.1228193684E+02    0.1513833243E+02    0.1818042567E+02    0.2136667393E+02    0.2466228383E+02    0.2803987917E+02    0.3147879051E+02
        2.2205302450    0.2116606796E+00    0.4505840848E+00    0.8993497352E+00    0.1635389604E+01    0.2741514591E+01    0.4266500735E+01    0.6224028319E+01    0.8592985699E+01    0.1133032402E+02    0.1438217033E+02    0.1769262593E+02    0.2120912514E+02    0.2488585017E+02    0.2868521646E+02    0.3257838741E+02    0.3654407368E+02
        2.4312340620    0.2302321787E+00    0.5038217131E+00    0.1028372182E+01    0.1897346710E+01    0.3205978797E+01    0.5005306097E+01    0.7303321163E+01    0.1006841504E+02    0.1324617864E+02    0.1677266858E+02    0.2058404123E+02    0.2462188942E+02    0.2883646881E+02    0.3318784024E+02    0.3764621162E+02    0.4219009381E+02
        2.6619313461    0.2510972093E+00    0.5655447850E+00    0.1180022988E+01    0.2206036327E+01    0.3751107988E+01    0.5866119134E+01    0.8550285055E+01    0.1175894228E+02    0.1542482584E+02    0.1947336230E+02    0.2383282009E+02    0.2843931869E+02    0.3323971059E+02    0.3819226010E+02    0.4326682002E+02    0.4844214954E+02
        2.9145192568    0.2747026423E+00    0.6374205880E+00    0.1358502271E+01    0.2569252045E+01    0.4388538221E+01    0.6863808699E+01    0.9981996284E+01    0.1368288041E+02    0.1788515328E+02    0.2250340464E+02    0.2745837186E+02    0.3268128887E+02    0.3811629209E+02    0.4372051893E+02    0.4946415919E+02    0.5532668193E+02
        3.1910749729    0.3014979128E+00    0.7212593376E+00    0.1568356388E+01    0.2995175354E+01    0.5129982052E+01    0.8012682380E+01    0.1161419534E+02    0.1585648658E+02    0.2064343139E+02    0.2587895413E+02    0.3147690977E+02    0.3736443991E+02    0.4348381131E+02    0.4979181405E+02    0.5625976157E+02    0.6286829597E+02
        3.4938727747    0.3321025619E+00    0.8193350277E+00    0.1814981619E+01    0.3493042825E+01    0.5988077796E+01    0.9327614929E+01    0.1346282267E+02    0.1829599422E+02    0.2371586786E+02    0.2961623340E+02    0.3590498231E+02    0.4250615325E+02    0.4936115616E+02    0.5642732942E+02    0.6367799515E+02    0.7109542000E+02
        3.8254027466    0.3671905283E+00    0.9341736297E+00    0.2104205676E+01    0.4072392873E+01    0.6975256026E+01    0.1082258965E+02    0.1554230721E+02    0.2101567408E+02    0.2711642169E+02    0.3372906748E+02    0.4075672551E+02    0.4812153131E+02    0.5576524042E+02    0.6364675899E+02    0.7174239360E+02    0.8003645143E+02
        4.1883912545    0.4075935619E+00    0.1068745780E+01    0.2442543437E+01    0.4743355870E+01    0.8104132522E+01    0.1251131840E+02    0.1786649105E+02    0.2402906216E+02    0.3085829529E+02    0.3823061005E+02    0.4604582322E+02    0.5422561163E+02    0.6271349320E+02    0.7147107574E+02    0.8047867952E+02    0.8972299294E+02
        4.5858233661    0.4542889724E+00    0.1226432091E+01    0.2837049706E+01    0.5516343298E+01    0.9387096042E+01    0.1440681393E+02    0.2044820138E+02    0.2734848826E+02    0.3495338052E+02    0.4313270957E+02    0.5178483399E+02    0.6083270289E+02    0.7022323098E+02    0.7992192764E+02    0.8991412573E+02    0.1001891052E+03
        5.0209673996    0.5084273239E+00    0.1411052695E+01    0.3295274446E+01    0.6401925908E+01    0.1083620586E+02    0.1652137228E+02    0.2329929609E+02    0.3098513441E+02    0.3941231769E+02    0.4844600820E+02    0.5798539301E+02    0.6795673003E+02    0.7831213229E+02    0.8902216697E+02    0.1000780143E+03    0.1114715723E+03
        5.4974018001    0.5713424632E+00    0.1626848634E+01    0.3825134397E+01    0.7410621178E+01    0.1246298711E+02    0.1886639562E+02    0.2643046331E+02    0.3494877541E+02    0.4424420487E+02    0.5417969468E+02    0.6465807556E+02    0.7561121180E+02    0.8699824543E+02    0.9879573772E+02    0.1110012269E+03    0.1236090584E+03
        6.0190445678    0.6445694875E+00    0.1878465029E+01    0.4434798378E+01    0.8552741175E+01    0.1427831714E+02    0.2145229755E+02    0.2985109165E+02    0.3924761233E+02    0.4945646467E+02    0.6034149628E+02    0.7181255018E+02    0.8380950068E+02    0.9630013610E+02    0.1092675136E+03    0.1227156012E+03    0.1366409038E+03
        6.5901854779    0.7299018941E+00    0.2171004310E+01    0.5132718201E+01    0.9838494825E+01    0.1629265057E+02    0.2428880810E+02    0.3356962036E+02    0.4388870824E+02    0.5505546697E+02    0.6693856875E+02    0.7945869610E+02    0.9256594285E+02    0.1062378255E+03    0.1204637994E+03    0.1352539428E+03    0.1506067383E+03
        7.2155213579    0.8293591130E+00    0.2509887035E+01    0.5927344817E+01    0.1127762270E+02    0.1851556194E+02    0.2738436004E+02    0.3759276112E+02    0.4887712810E+02    0.6104570850E+02    0.7397675309E+02    0.8760578864E+02    0.1018947070E+03    0.1168310024E+03    0.1324098694E+03    0.1486471133E+03    0.1655434571E+03
        7.9001947124    0.9452445941E+00    0.2900896143E+01    0.6827199325E+01    0.1287957733E+02    0.2095601567E+02    0.3074640791E+02    0.4192590471E+02    0.5421655197E+02    0.6743073959E+02    0.8146175170E+02    0.9626362746E+02    0.1118105287E+03    0.1280992752E+03    0.1451299821E+03    0.1629243453E+03    0.1814863299E+03
        8.6498360130    0.1080128851E+01    0.3350068437E+01    0.7840698078E+01    0.1465331243E+02    0.2362206326E+02    0.3438100919E+02    0.4657266270E+02    0.5990892072E+02    0.7421297459E+02    0.8939889905E+02    0.1054418637E+03    0.1223273841E+03    0.1400604562E+03    0.1586459252E+03    0.1781126992E+03    0.1984696922E+03
        9.4706100008    0.1236837897E+01    0.3863604541E+01    0.8976029054E+01    0.1660713082E+02    0.2652060938E+02    0.3829252189E+02    0.5153461433E+02    0.6595438032E+02    0.8139379111E+02    0.9779304329E+02    0.1151492789E+03    0.1334573201E+03    0.1527296766E+03    0.1729772044E+03    0.1942385721E+03    0.2165295055E+03
       10.3692663829    0.1418408213E+01    0.4447721085E+01    0.1024093574E+02    0.1874837341E+02    0.2965696345E+02    0.4248306890E+02    0.5681083558E+02    0.7235099529E+02    0.8897322480E+02    0.1066477295E+03    0.1253923447E+03    0.1452090967E+03    0.1661190760E+03    0.1881421031E+03    0.2113294856E+03    0.2357049718E+03
       11.3531953391    0.1628378257E+01    0.5109238586E+01    0.1164378826E+02    0.2108500660E+02    0.3303696944E+02    0.4695531286E+02    0.6240149382E+02    0.7909919403E+02    0.9695484522E+02    0.1159700436E+03    0.1361804727E+03    0.1575949468E+03    0.1802465535E+03    0.2041676446E+03    0.2294239295E+03    0.2560472584E+03
       12.4304882957    0.1870196900E+01    0.5854299883E+01    0.1319136126E+02    0.2362228316E+02    0.3666248591E+02    0.5170685119E+02    0.6830133509E+02    0.8619426283E+02    0.1053367051E+03    0.1257599517E+03    0.1475149109E+03    0.1706199138E+03    0.1951248731E+03    0.2210768670E+03    0.2485556697E+03    0.2776004713E+03
       13.6100044661    0.2147684146E+01    0.6689348471E+01    0.1489056944E+02    0.2636531723E+02    0.4053491497E+02    0.5673488132E+02    0.7450564017E+02    0.9363327196E+02    0.1141186224E+03    0.1360185212E+03    0.1593992391E+03    0.1842942993E+03    0.2107740611E+03    0.2388998725E+03    0.2687628355E+03    0.3004086939E+03
       14.9014437053    0.2465016416E+01    0.7621098695E+01    0.1674840129E+02    0.2931894907E+02    0.4465506267E+02    0.6203623368E+02    0.8101050072E+02    0.1014150559E+03    0.1233015820E+03    0.1467481318E+03    0.1718409680E+03    0.1986347678E+03    0.2272202997E+03    0.2576696060E+03    0.2900815526E+03    0.3245087012E+03
       16.3154262774    0.2826091259E+01    0.8655192392E+01    0.1876959768E+02    0.3248435767E+02    0.4901874146E+02    0.6760215965E+02    0.8780673117E+02    0.1095325536E+03    0.1328789971E+03    0.1579441658E+03    0.1848426840E+03    0.2136522969E+03    0.2444801163E+03    0.2774028511E+03    0.3125266904E+03    0.3499177550E+03
       17.8635801925    0.3235518753E+01    0.9798308775E+01    0.2096026891E+02    0.3586436910E+02    0.5362397974E+02    0.7342765730E+02    0.9489099692E+02    0.1179850914E+03    0.1428514037E+03    0.1696128013E+03    0.1984197454E+03    0.2293690936E+03    0.2625756175E+03    0.2981196282E+03    0.3361224075E+03    0.3766746602E+03
       19.5586368304    0.3697490703E+01    0.1105577137E+02    0.2332378636E+02    0.3945753246E+02    0.5846336534E+02    0.7950224598E+02    0.1022544806E+03    0.1267648152E+03    0.1532124873E+03    0.1817552086E+03    0.2125801477E+03    0.2457932321E+03    0.2815109670E+03    0.3198265835E+03    0.3608937067E+03    0.4048243580E+03
       21.4145356385    0.4216766943E+01    0.1243362346E+02    0.2586431940E+02    0.4326331569E+02    0.6353114189E+02    0.8581904814E+02    0.1098932011E+03    0.1358687683E+03    0.1639644704E+03    0.1943820905E+03    0.2273381756E+03    0.2629340271E+03    0.3012985035E+03    0.3425555431E+03    0.3868874635E+03    0.4344230612E+03
       23.4465387640    0.4798430239E+01    0.1393808306E+02    0.2858588852E+02    0.4728079588E+02    0.6882170728E+02    0.9237303855E+02    0.1178051164E+03    0.1452968918E+03    0.1751151589E+03    0.2075087517E+03    0.2427049811E+03    0.2808042520E+03    0.3219662086E+03    0.3663520039E+03    0.4141486420E+03    0.4654961907E+03
       25.6713565631    0.5447043574E+01    0.1557378496E+02    0.3148946359E+02    0.5150466790E+02    0.7432473749E+02    0.9915492569E+02    0.1259824825E+03    0.1550444851E+03    0.1866681898E+03    0.2211393823E+03    0.2586808308E+03    0.2994141518E+03    0.3435451081E+03    0.3912329841E+03    0.4426815746E+03    0.4980534506E+03
       28.1072850208    0.6167219575E+01    0.1734496975E+02    0.3457503328E+02    0.5592838922E+02    0.8002963397E+02    0.1061563083E+03    0.1344182310E+03    0.1651099381E+03    0.1986294636E+03    0.2352734266E+03    0.2752718239E+03    0.3187886677E+03    0.3660458920E+03    0.4172042245E+03    0.4724866302E+03    0.5321326501E+03
       30.7743562090    0.6963495707E+01    0.1925522553E+02    0.3784124806E+02    0.6054385895E+02    0.8592541380E+02    0.1133691417E+03    0.1431054555E+03    0.1754955890E+03    0.2110003477E+03    0.2499125817E+03    0.2924906504E+03    0.3389449830E+03    0.3894651893E+03    0.4442639834E+03    0.5036165697E+03    0.5677426058E+03
       33.6945030221    0.7840285550E+01    0.2130739964E+02    0.4128536625E+02    0.6534156049E+02    0.9200120811E+02    0.1207851675E+03    0.1520396629E+03    0.1862039992E+03    0.2237816457E+03    0.2650591295E+03    0.3103618992E+03    0.3598646006E+03    0.4138209834E+03    0.4724398628E+03    0.5360587213E+03    0.6049158482E+03
       36.8917395444    0.8801825652E+01    0.2350351614E+02    0.4490323300E+02    0.7031079335E+02    0.9824641888E+02    0.1283962966E+03    0.1612188149E+03    0.1972375293E+03    0.2369715853E+03    0.2807308594E+03    0.3288751058E+03    0.3815695683E+03    0.4391009918E+03    0.5017633789E+03    0.5697927143E+03    0.6436298804E+03
       40.3923585315    0.9852118071E+01    0.2584470116E+02    0.4868928827E+02    0.7543990011E+02    0.1046511017E+03    0.1361952087E+03    0.1706418425E+03    0.2085994632E+03    0.2505686352E+03    0.2969457802E+03    0.3480183809E+03    0.4040673852E+03    0.4653430342E+03    0.5321495055E+03    0.6049178296E+03    0.6838578048E+03
       44.2251476316    0.1099486895E+02    0.2833111652E+02    0.5263660163E+02    0.8071672038E+02    0.1112062811E+03    0.1441742257E+03    0.1803144276E+03    0.2202784749E+03    0.2646021079E+03    0.3136678373E+03    0.3678432841E+03    0.4273200602E+03    0.4925358448E+03    0.5636889714E+03    0.6412711353E+03    0.7257493056E+03
       48.4216261230    0.1223342404E+02    0.3096190312E+02    0.5673696382E+02    0.8612899448E+02    0.1179026797E+03    0.1523310414E+03    0.1902346685E+03    0.2322833532E+03    0.2790607594E+03    0.3309335312E+03    0.3882833521E+03    0.4514185500E+03    0.5205898715E+03    0.5963827205E+03    0.6789734916E+03    0.7690326957E+03
       53.0163041156    0.1357070250E+02    0.3373513398E+02    0.6098092058E+02    0.9166439589E+02    0.1247328582E+03    0.1606642488E+03    0.2003991673E+03    0.2446302729E+03    0.2939315647E+03    0.3487456320E+03    0.4093819016E+03    0.4762368553E+03    0.5496965338E+03    0.6300229090E+03    0.7180732104E+03    0.8139047065E+03
       58.0469663481    0.1500912910E+02    0.3664779343E+02    0.6535793917E+02    0.9731178294E+02    0.1316894468E+03    0.1691701472E+03    0.2108220720E+03    0.2572938037E+03    0.3092700407E+03    0.3670321422E+03    0.4311830084E+03    0.5018157554E+03    0.5796328790E+03    0.6649627672E+03    0.7581899900E+03    0.8604352098E+03
       63.5549829136    0.1655056324E+02    0.3969577550E+02    0.6985671692E+02    0.1030603773E+03    0.1387628381E+03    0.1778633179E+03    0.2214765822E+03    0.2703302601E+03    0.3249830113E+03    0.3859439445E+03    0.4534817564E+03    0.5283012902E+03    0.6104180862E+03    0.7008443734E+03    0.7999106277E+03    0.9080554300E+03
       69.5856494710    0.1819622373E+02    0.4287384816E+02    0.7446499888E+02    0.1088998192E+03    0.1459549315E+03    0.1867314461E+03    0.2323933502E+03    0.2836914827E+03    0.3411593645E+03    0.4052981635E+03    0.4765847185E+03    0.5552805437E+03    0.6423629126E+03    0.7376716739E+03    0.8426647600E+03    0.9576499381E+03
       76.1885597370    0.1994660748E+02    0.4617568954E+02    0.7917046822E+02    0.1148242104E+03    0.1532581075E+03    0.1957718534E+03    0.2436003709E+03    0.2973489026E+03    0.3578076680E+03    0.4251528776E+03    0.5002167187E+03    0.5832566137E+03    0.6747739454E+03    0.7759458924E+03    0.8864987290E+03    0.1008328896E+04
       83.4180133251    0.2180140044E+02    0.4959385647E+02    0.8396060421E+02    0.1208223144E+03    0.1606688538E+03    0.2050197353E+03    0.2550079828E+03    0.3114625199E+03    0.3747289791E+03    0.4456953586E+03    0.5243473560E+03    0.6118709089E+03    0.7083971471E+03    0.8146386596E+03    0.9320983366E+03    0.1060299237E+04
       91.3334622825    0.2375938641E+02    0.5311967241E+02    0.8882161140E+02    0.1268877419E+03    0.1682134011E+03    0.2144104544E+03    0.2667500104E+03    0.3257840840E+03    0.3922776325E+03    0.4664356352E+03    0.5494271482E+03    0.6409610730E+03    0.7427814142E+03    0.8548187012E+03    0.9780390775E+03    0.1114353637E+04
      100.0000000000    0.2581832932E+02    0.5674358944E+02    0.9374319046E+02    0.1330223318E+03    0.1758544564E+03    0.2240217474E+03    0.2787274186E+03    0.3405048674E+03    0.4100847665E+03    0.4879685042E+03    0.5746130512E+03    0.6713041078E+03    0.7776281753E+03    0.8958441807E+03    0.1025831183E+04    0.1168669984E+04
