               #####        0.2000000000        0.2533333333        0.3066666667        0.3600000000        0.4133333333        0.4666666667        0.5200000000        0.5733333333        0.6266666667        0.6800000000        0.7333333333        0.7866666667        0.8400000000        0.8933333333        0.9466666667        1.0000000000
        0.0010000000    0.1513244155E-07    0.2412443380E-07    0.3501429215E-07    0.4761724104E-07    0.6169683947E-07    0.7697461849E-07    0.9314627949E-07    0.1099002114E-06    0.1269368246E-06    0.1439838656E-06    0.1608076833E-06    0.1772182262E-06    0.1930698452E-06    0.2082588595E-06    0.2227180392E-06    0.2364104689E-06
        0.0010948890    0.2156427117E-07    0.3437818665E-07    0.4989664226E-07    0.6785633982E-07    0.8792035941E-07    0.1096918911E-06    0.1327373155E-06    0.1566125896E-06    0.1808907960E-06    0.2051839665E-06    0.2291591372E-06    0.2525454699E-06    0.2751353982E-06    0.2967811596E-06    0.3173869347E-06    0.3369001038E-06
        0.0011987818    0.3071572438E-07    0.4896762127E-07    0.7107183325E-07    0.9665334592E-07    0.1252322849E-06    0.1562434719E-06    0.1890692960E-06    0.2230772935E-06    0.2576593861E-06    0.2922629636E-06    0.3264137542E-06    0.3597259686E-06    0.3919039345E-06    0.4227371598E-06    0.4520891377E-06    0.4798848942E-06
        0.0013125330    0.4372658546E-07    0.6970980785E-07    0.1011771807E-06    0.1375948741E-06    0.1782797893E-06    0.2224273933E-06    0.2691585078E-06    0.3175728006E-06    0.3668046409E-06    0.4160673463E-06    0.4646857400E-06    0.5121105957E-06    0.5579209668E-06    0.6018171627E-06    0.6436048149E-06    0.6831771530E-06
        0.0014370779    0.6221376130E-07    0.9918245751E-07    0.1439540068E-06    0.1957689410E-06    0.2536554286E-06    0.3164688678E-06    0.3829584475E-06    0.4518432438E-06    0.5218916836E-06    0.5919844947E-06    0.6611610289E-06    0.7286398179E-06    0.7938218929E-06    0.8562807975E-06    0.9157399232E-06    0.9720472953E-06
        0.0015734408    0.8845642397E-07    0.1410190821E-06    0.2046760428E-06    0.2783475813E-06    0.3606520557E-06    0.4499621857E-06    0.5444996729E-06    0.6424433797E-06    0.7420422990E-06    0.8417050528E-06    0.9400657561E-06    0.1036013249E-05    0.1128695828E-05    0.1217507052E-05    0.1302053533E-05    0.1382119089E-05
        0.0017227429    0.1256792283E-06    0.2003605081E-06    0.2908047687E-06    0.3954780936E-06    0.5124176402E-06    0.6393115769E-06    0.7736334914E-06    0.9127960645E-06    0.1054311559E-05    0.1195918970E-05    0.1335677607E-05    0.1472008638E-05    0.1603701822E-05    0.1729895369E-05    0.1850030181E-05    0.1963798939E-05
        0.0018862122    0.1784222471E-06    0.2844446403E-06    0.4128454162E-06    0.5614471920E-06    0.7274637179E-06    0.9076133206E-06    0.1098309672E-05    0.1295879910E-05    0.1496792449E-05    0.1697837471E-05    0.1896259788E-05    0.2089817838E-05    0.2276793266E-05    0.2455962359E-05    0.2626531109E-05    0.2788062954E-05
        0.0020651929    0.2530725510E-06    0.4034539241E-06    0.5855770080E-06    0.7963538516E-06    0.1031832997E-05    0.1287360318E-05    0.1557849536E-05    0.1838091521E-05    0.2123077367E-05    0.2408254378E-05    0.2689714521E-05    0.2964278132E-05    0.3229507554E-05    0.3483666657E-05    0.3725628774E-05    0.3954774242E-05
        0.0022611570    0.3585892338E-06    0.5716712098E-06    0.8297300308E-06    0.1128390950E-05    0.1462055851E-05    0.1824131041E-05    0.2207410425E-05    0.2604513663E-05    0.3008343853E-05    0.3412450216E-05    0.3811295131E-05    0.4200372787E-05    0.4576228573E-05    0.4936401798E-05    0.5279295302E-05    0.5604030334E-05
        0.0024757158    0.5075310143E-06    0.8091179974E-06    0.1174364268E-05    0.1597079154E-05    0.2069340758E-05    0.2581818190E-05    0.3124313688E-05    0.3686382581E-05    0.4257980932E-05    0.4829978806E-05    0.5394538233E-05    0.5945281217E-05    0.6477317295E-05    0.6987162577E-05    0.7472555315E-05    0.7932250578E-05
        0.0027106339    0.7174816939E-06    0.1143826965E-05    0.1660167283E-05    0.2257752950E-05    0.2925387332E-05    0.3649882106E-05    0.4416823312E-05    0.5211447456E-05    0.6019556850E-05    0.6828245097E-05    0.7626431437E-05    0.8405098384E-05    0.9157330854E-05    0.9878201923E-05    0.1056451226E-04    0.1121450002E-04
        0.0029678432    0.1012838218E-05    0.1614692591E-05    0.2343592027E-05    0.3187188007E-05    0.4129678507E-05    0.5152450177E-05    0.6235159208E-05    0.7356967582E-05    0.8497834854E-05    0.9639542130E-05    0.1076644642E-04    0.1186581633E-04    0.1292788754E-04    0.1394570190E-04    0.1491473987E-04    0.1583251119E-04
        0.0032494587    0.1427753580E-05    0.2276162881E-05    0.3303666764E-05    0.4492863041E-05    0.5821482452E-05    0.7263293146E-05    0.8789623456E-05    0.1037110376E-04    0.1197948686E-04    0.1358909118E-04    0.1517786426E-04    0.1672785621E-04    0.1822529852E-04    0.1966037767E-04    0.2102671745E-04    0.2232080237E-04
        0.0035577965    0.2009295659E-05    0.3203275403E-05    0.4649304921E-05    0.6322901996E-05    0.8192736838E-05    0.1022190371E-04    0.1237006251E-04    0.1459588879E-04    0.1685963463E-04    0.1912515930E-04    0.2136142599E-04    0.2354316874E-04    0.2565100411E-04    0.2767111337E-04    0.2959451479E-04    0.3141625269E-04
        0.0038953921    0.2822807492E-05    0.4500202982E-05    0.6531709203E-05    0.8882944903E-05    0.1150991194E-04    0.1436077972E-04    0.1737889150E-04    0.2050620420E-04    0.2368688458E-04    0.2687016139E-04    0.3001242836E-04    0.3307818205E-04    0.3604017997E-04    0.3887899553E-04    0.4158199686E-04    0.4414220845E-04
        0.0042650218    0.3958020504E-05    0.6309999916E-05    0.9158518660E-05    0.1245539022E-04    0.1613894867E-04    0.2013654741E-04    0.2436877066E-04    0.2875425312E-04    0.3321471994E-04    0.3767898476E-04    0.4208589898E-04    0.4638566814E-04    0.5054007579E-04    0.5452186164E-04    0.5831329165E-04    0.6190456345E-04
        0.0046697254    0.5537972931E-05    0.8828820511E-05    0.1281444771E-04    0.1742746776E-04    0.2258164189E-04    0.2817536995E-04    0.3409757695E-04    0.4023445093E-04    0.4647649080E-04    0.5272409870E-04    0.5889170721E-04    0.6490962376E-04    0.7072434713E-04    0.7629770106E-04    0.8160483666E-04    0.8663200370E-04
        0.0051128308    0.7730658204E-05    0.1232449014E-04    0.1788824369E-04    0.2432790749E-04    0.3152316690E-04    0.3933226776E-04    0.4760022371E-04    0.5616821261E-04    0.6488340858E-04    0.7360678598E-04    0.8221888203E-04    0.9062237547E-04    0.9874253385E-04    0.1065260101E-03    0.1139380588E-03    0.1209594293E-03
        0.0055979820    0.1076441748E-04    0.1716104584E-04    0.2490831070E-04    0.3387539864E-04    0.4389489142E-04    0.5476952394E-04    0.6628359620E-04    0.7821604247E-04    0.9035411159E-04    0.1025042295E-03    0.1145000254E-03    0.1262059290E-03    0.1375178025E-03    0.1483612739E-03    0.1586878695E-03    0.1684706933E-03
        0.0061291687    0.1494721507E-04    0.2382946797E-04    0.3458732222E-04    0.4703928040E-04    0.6095304970E-04    0.7605490210E-04    0.9204549481E-04    0.1086179940E-03    0.1254770548E-03    0.1423538986E-03    0.1590174619E-03    0.1752794020E-03    0.1909949889E-03    0.2060608069E-03    0.2204093962E-03    0.2340032649E-03
        0.0067107592    0.2069468429E-04    0.3299239518E-04    0.4788713413E-04    0.6512785176E-04    0.8439322432E-04    0.1053045747E-03    0.1274477342E-03    0.1503980966E-03    0.1737468715E-03    0.1971219489E-03    0.2202033420E-03    0.2427301353E-03    0.2645017428E-03    0.2853747504E-03    0.3052555185E-03    0.3240919063E-03
        0.0073475362    0.2855810638E-04    0.4552873463E-04    0.6608355311E-04    0.8987650186E-04    0.1164646280E-03    0.1453258544E-03    0.1758890799E-03    0.2075686936E-03    0.2398007619E-03    0.2720718077E-03    0.3039401319E-03    0.3350454304E-03    0.3651105696E-03    0.3939372671E-03    0.4213959172E-03    0.4474141967E-03
        0.0080447363    0.3927061265E-04    0.6260732731E-04    0.9087328747E-04    0.1235932341E-03    0.1601588025E-03    0.1998528551E-03    0.2418907639E-03    0.2854677743E-03    0.3298087027E-03    0.3742074893E-03    0.4180565376E-03    0.4608599862E-03    0.5022362113E-03    0.5419119519E-03    0.5797083702E-03    0.6155254238E-03
        0.0088080930    0.5379044458E-04    0.8575592749E-04    0.1244741140E-03    0.1692950055E-03    0.2193864930E-03    0.2737675242E-03    0.3313644739E-03    0.3910758660E-03    0.4518403461E-03    0.5126908267E-03    0.5727947079E-03    0.6314721343E-03    0.6881995229E-03    0.7426016159E-03    0.7944324723E-03    0.8435541249E-03
        0.0096438838    0.7336863704E-04    0.1169691252E-03    0.1697815944E-03    0.2309210344E-03    0.2992543717E-03    0.3734454443E-03    0.4520316099E-03    0.5335117793E-03    0.6164389732E-03    0.6994941280E-03    0.7815410141E-03    0.8616512642E-03    0.9391093461E-03    0.1013401885E-02    0.1084191866E-02    0.1151289629E-02
        0.0105589819    0.9959990436E-04    0.1587895005E-03    0.2304869780E-03    0.3134934169E-03    0.4062736606E-03    0.5070169471E-03    0.6137404574E-03    0.7244084368E-03    0.8370575997E-03    0.9498972565E-03    0.1061383966E-02    0.1170255721E-02    0.1275538953E-02    0.1376534299E-02    0.1472781787E-02    0.1564021613E-02
        0.0115609128    0.1345231198E-03    0.2144678652E-03    0.3113099727E-03    0.4234341307E-03    0.5487717014E-03    0.6848819261E-03    0.8290910678E-03    0.9786526888E-03    0.1130916651E-02    0.1283464259E-02    0.1434209257E-02    0.1581444339E-02    0.1723851029E-02    0.1860480855E-02    0.1990708667E-02    0.2114179895E-02
        0.0126579159    0.1806520526E-03    0.2880123252E-03    0.4180702002E-03    0.5686628125E-03    0.7370197763E-03    0.9198711354E-03    0.1113633082E-02    0.1314622234E-02    0.1519282004E-02    0.1724363964E-02    0.1927063760E-02    0.2125084124E-02    0.2316648803E-02    0.2500477929E-02    0.2675725838E-02    0.2841910622E-02
        0.0138590124    0.2410850100E-03    0.3843631671E-03    0.5579414103E-03    0.7589434012E-03    0.9836839903E-03    0.1227811519E-02    0.1486553861E-02    0.1755002871E-02    0.2028415599E-02    0.2302456153E-02    0.2573377578E-02    0.2838106841E-02    0.3094264475E-02    0.3340132726E-02    0.3574573388E-02    0.3796934355E-02
        0.0151740797    0.3194870079E-03    0.5093645705E-03    0.7394109822E-03    0.1005830410E-02    0.1303758187E-02    0.1627446568E-02    0.1970587932E-02    0.2326689379E-02    0.2689470542E-02    0.3053183902E-02    0.3412856641E-02    0.3764404699E-02    0.4104660502E-02    0.4431332348E-02    0.4742896774E-02    0.5038475615E-02
        0.0166139325    0.4201051537E-03    0.6697892687E-03    0.9723164290E-03    0.1322720401E-02    0.1714634135E-02    0.2140529543E-02    0.2592137974E-02    0.3060939115E-02    0.3538682029E-02    0.4017806103E-02    0.4491760444E-02    0.4955156176E-02    0.5403805566E-02    0.5834671132E-02    0.6245726062E-02    0.6635793919E-02
        0.0181904113    0.5476788523E-03    0.8731955578E-03    0.1267638835E-02    0.1724573623E-02    0.2235745807E-02    0.2791387692E-02    0.3380759083E-02    0.3992778943E-02    0.4616701522E-02    0.5242664878E-02    0.5862109519E-02    0.6467980646E-02    0.7054783372E-02    0.7618520287E-02    0.8156512510E-02    0.8667192794E-02
        0.0199164806    0.7073077116E-03    0.1127716898E-02    0.1637198826E-02    0.2227504165E-02    0.2888045365E-02    0.3606279933E-02    0.4368398132E-02    0.5160129894E-02    0.5967613271E-02    0.6778102584E-02    0.7580512755E-02    0.8365686359E-02    0.9126471527E-02    0.9857647406E-02    0.1055569770E-01    0.1121854664E-01
        0.0218063349    0.9040925101E-03    0.1441490081E-02    0.2092829014E-02    0.2847660452E-02    0.3692563813E-02    0.4611619006E-02    0.5587268158E-02    0.6601333329E-02    0.7636119348E-02    0.8675318834E-02    0.9704713843E-02    0.1071252647E-01    0.1168952873E-01    0.1262895671E-01    0.1352622824E-01    0.1437861030E-01
        0.0238755154    0.1142806989E-02    0.1822133281E-02    0.2645620782E-02    0.3600210884E-02    0.4669114879E-02    0.5832383117E-02    0.7067967243E-02    0.8352985419E-02    0.9665105320E-02    0.1098368812E-01    0.1229068478E-01    0.1357109372E-01    0.1481311578E-01    0.1600806039E-01    0.1714999973E-01    0.1823535574E-01
        0.0261410384    0.1427832464E-02    0.2276644307E-02    0.3305784095E-02    0.4499169523E-02    0.5836098413E-02    0.7291916331E-02    0.8839301643E-02    0.1044981339E-01    0.1209560227E-01    0.1375084027E-01    0.1539285525E-01    0.1700272560E-01    0.1856549884E-01    0.2007009724E-01    0.2150890292E-01    0.2287725337E-01
        0.0286215345    0.1763104083E-02    0.2811319805E-02    0.4082543263E-02    0.5557281549E-02    0.7210399477E-02    0.9011875923E-02    0.1092832494E-01    0.1292485594E-01    0.1496716034E-01    0.1702327752E-01    0.1906501923E-01    0.2106873950E-01    0.2301564387E-01    0.2489170857E-01    0.2668719506E-01    0.2839604515E-01
        0.0313374022    0.2152859564E-02    0.3432955995E-02    0.4985898909E-02    0.6788459688E-02    0.8810615711E-02    0.1101636767E-01    0.1336549460E-01    0.1581574573E-01    0.1832534782E-01    0.2085516285E-01    0.2337046400E-01    0.2584193185E-01    0.2824609384E-01    0.3056528178E-01    0.3278708148E-01    0.3490362260E-01
        0.0343109759    0.2603415384E-02    0.4151688937E-02    0.6030775903E-02    0.8213480786E-02    0.1066453734E-01    0.1334143188E-01    0.1619636660E-01    0.1917878656E-01    0.2223834868E-01    0.2532753343E-01    0.2840385055E-01    0.3143113242E-01    0.3438016328E-01    0.3722871708E-01    0.3996095886E-01    0.4256663081E-01
        0.0375667089    0.3127091441E-02    0.4987256731E-02    0.7246138714E-02    0.9872448276E-02    0.1282541931E-01    0.1605554310E-01    0.1950668127E-01    0.2311890984E-01    0.2683198835E-01    0.3058850225E-01    0.3433660497E-01    0.3803171307E-01    0.4163741781E-01    0.4512567182E-01    0.4847617561E-01    0.5167546873E-01
        0.0411313750    0.3747980254E-02    0.5978190917E-02    0.8688349056E-02    0.1184302475E-01    0.1539574721E-01    0.1928949676E-01    0.2345886216E-01    0.2783315710E-01    0.3234043184E-01    0.3691125382E-01    0.4148214664E-01    0.4599785063E-01    0.5041266444E-01    0.5469089117E-01    0.5880626488E-01    0.6274096272E-01
        0.0450342886    0.4499561862E-02    0.7178022206E-02    0.1043571164E-01    0.1423315261E-01    0.1851806595E-01    0.2322537140E-01    0.2827920545E-01    0.3359621920E-01    0.3909018114E-01    0.4467655920E-01    0.5027691187E-01    0.5582198182E-01    0.6125370797E-01    0.6652610649E-01    0.7160482110E-01    0.7646607294E-01
        0.0493075457    0.5443361516E-02    0.8684916633E-02    0.1263137346E-01    0.1723931845E-01    0.2245046928E-01    0.2819078582E-01    0.3437204786E-01    0.4089518696E-01    0.4765557022E-01    0.5454867537E-01    0.6147587871E-01    0.6834883809E-01    0.7509256483E-01    0.8164699935E-01    0.8796678349E-01    0.9402013260E-01
        0.0539862877    0.6658637689E-02    0.1062515522E-01    0.1545929842E-01    0.2111393153E-01    0.2752452408E-01    0.3460671554E-01    0.4225694454E-01    0.5035557899E-01    0.5877306980E-01    0.6737727384E-01    0.7604143563E-01    0.8465063376E-01    0.9310651127E-01    0.1013298814E+00    0.1092607778E+00    0.1168571288E+00
        0.0591089906    0.8198396145E-02    0.1308314587E-01    0.1904301036E-01    0.2602823862E-01    0.3396861492E-01    0.4276833758E-01    0.5230478569E-01    0.6243105509E-01    0.7298338200E-01    0.8379117385E-01    0.9468857762E-01    0.1055242179E+00    0.1161683908E+00    0.1265170089E+00    0.1364918118E+00    0.1460385062E+00
        0.0647177816    0.1007778568E-01    0.1608303699E-01    0.2341924067E-01    0.3203716218E-01    0.4186340521E-01    0.5279060943E-01    0.6467277678E-01    0.7732671691E-01    0.9054172535E-01    0.1040943673E+00    0.1177659220E+00    0.1313570939E+00    0.1446984506E+00    0.1576556922E+00    0.1701295063E+00    0.1820525093E+00
        0.0708587849    0.1221944026E-01    0.1950238834E-01    0.2841413068E-01    0.3891332905E-01    0.5093001228E-01    0.6434763870E-01    0.7899249546E-01    0.9463384779E-01    0.1109982307E+00    0.1277926146E+00    0.1447309111E+00    0.1615553025E+00    0.1780500735E+00    0.1940474639E+00    0.2094261339E+00    0.2241060036E+00
        0.0775825017    0.1437771923E-01    0.2295349893E-01    0.3347458470E-01    0.4592302794E-01    0.6024653478E-01    0.7632671373E-01    0.9395929371E-01    0.1128541851E+00    0.1326592057E+00    0.1529968838E+00    0.1735031136E+00    0.1938555246E+00    0.2137895563E+00    0.2331034016E+00    0.2516539215E+00    0.2693487246E+00
        0.0849442250    0.1630611637E-01    0.2605047495E-01    0.3805635375E-01    0.5235444269E-01    0.6893199025E-01    0.8767902170E-01    0.1083569470E+00    0.1306034688E+00    0.1539737582E+00    0.1779963323E+00    0.2022247703E+00    0.2262712197E+00    0.2498224107E+00    0.2726422428E+00    0.2945646497E+00    0.3154830191E+00
        0.0930044946    0.1804377578E-01    0.2886226107E-01    0.4227586334E-01    0.5839546076E-01    0.7727026721E-01    0.9880242651E-01    0.1227062911E+00    0.1485295039E+00    0.1757216043E+00    0.2037114726E+00    0.2319691716E+00    0.2600408318E+00    0.2875625233E+00    0.3142601516E+00    0.3399398360E+00    0.3644754399E+00
        0.1018295948    0.2008292364E-01    0.3217278154E-01    0.4727803467E-01    0.6561993675E-01    0.8731968780E-01    0.1122741615E+00    0.1401186501E+00    0.1702824928E+00    0.2020930182E+00    0.2348713552E+00    0.2679984269E+00    0.3009477429E+00    0.3332966090E+00    0.3647242437E+00    0.3950007175E+00    0.4239733175E+00
        0.1114920997    0.2329603985E-01    0.3735778828E-01    0.5504830541E-01    0.7671870583E-01    0.1025440881E+00    0.1323634612E+00    0.1656750482E+00    0.2017479795E+00    0.2397621521E+00    0.2789137010E+00    0.3184791195E+00    0.3578445152E+00    0.3965150316E+00    0.4341122964E+00    0.4703624013E+00    0.5050810623E+00
        0.1220714697    0.2803975482E-01    0.4497214691E-01    0.6638587582E-01    0.9277178847E-01    0.1243132772E+00    0.1607165517E+00    0.2012813231E+00    0.2450803441E+00    0.2911236463E+00    0.3384628236E+00    0.3862505035E+00    0.4337674158E+00    0.4804318235E+00    0.5257971776E+00    0.5695390260E+00    0.6114383899E+00
        0.1336547051    0.3311368011E-01    0.5313870138E-01    0.7863413166E-01    0.1102515973E+00    0.1481474571E+00    0.1918579011E+00    0.2404770092E+00    0.2928889185E+00    0.3479356786E+00    0.4045145930E+00    0.4616367515E+00    0.5184570144E+00    0.5742869830E+00    0.6285946805E+00    0.6809909897E+00    0.7312112408E+00
        0.1463370617    0.3667922832E-01    0.5902376395E-01    0.8783196956E-01    0.1239650451E+00    0.1675702772E+00    0.2180611854E+00    0.2743932260E+00    0.3353108869E+00    0.3995047497E+00    0.4657075298E+00    0.5327620845E+00    0.5996628328E+00    0.6655779992E+00    0.7298548962E+00    0.7920078883E+00    0.8516991394E+00
        0.1602228341    0.3919616797E-01    0.6339571861E-01    0.9514651017E-01    0.1355573925E+00    0.1848011442E+00    0.2422355897E+00    0.3067353559E+00    0.3769247100E+00    0.4513269332E+00    0.5284723691E+00    0.6069874200E+00    0.6856551977E+00    0.7634519922E+00    0.8395610890E+00    0.9133635991E+00    0.9844186843E+00
        0.1754262130    0.4412429473E-01    0.7161180690E-01    0.1081266173E+00    0.1549747559E+00    0.2123002705E+00    0.2793675469E+00    0.3549195654E+00    0.4373949813E+00    0.5250832271E+00    0.6162539764E+00    0.7092706920E+00    0.8026704588E+00    0.8952132766E+00    0.9859026289E+00    0.1073977277E+01    0.1158889335E+01
        0.1920722248    0.5174503721E-01    0.8406151845E-01    0.1272535815E+00    0.1827585126E+00    0.2506399723E+00    0.3300226565E+00    0.4194581952E+00    0.5171374223E+00    0.6210628495E+00    0.7292028764E+00    0.8396286275E+00    0.9506102350E+00    0.1060676549E+01    0.1168640776E+01    0.1273592032E+01    0.1374870542E+01
        0.2102977595    0.5709654527E-01    0.9321170402E-01    0.1421307070E+00    0.2055504297E+00    0.2836232748E+00    0.3754627606E+00    0.4794900102E+00    0.5936520704E+00    0.7156262971E+00    0.8430126492E+00    0.9735064029E+00    0.1105021773E+01    0.1235770439E+01    0.1364297851E+01    0.1489477359E+01    0.1610483381E+01
        0.2302526962    0.6108853123E-01    0.1005504903E+00    0.1549844842E+00    0.2265089907E+00    0.3155218707E+00    0.4212095710E+00    0.5418745990E+00    0.6751773876E+00    0.8183897442E+00    0.9686414298E+00    0.1123143213E+01    0.1279348761E+01    0.1435059087E+01    0.1588473198E+01    0.1738185579E+01    0.1883156462E+01
        0.2521011363    0.6916487460E-01    0.1142008087E+00    0.1768442414E+00    0.2595966216E+00    0.3630237150E+00    0.4862915059E+00    0.6275067043E+00    0.7839908045E+00    0.9525772064E+00    0.1129902899E+01    0.1312674528E+01    0.1497864353E+01    0.1682839564E+01    0.1865428232E+01    0.2043921670E+01    0.2217043380E+01
        0.2760227522    0.7600636019E-01    0.1262612986E+00    0.1970964221E+00    0.2916116309E+00    0.4107062640E+00    0.5536164388E+00    0.7182728262E+00    0.9016158780E+00    0.1099950925E+01    0.1309302461E+01    0.1525740567E+01    0.1745624883E+01    0.1965768525E+01    0.2183524974E+01    0.2396797273E+01    0.2604005311E+01
        0.3022142655    0.8185009145E-01    0.1371941397E+00    0.2165670318E+00    0.3239107510E+00    0.4606252218E+00    0.6260910940E+00    0.8180526609E+00    0.1032991026E+01    0.1266559531E+01    0.1514022933E+01    0.1770662851E+01    0.2032082675E+01    0.2294413919E+01    0.2554427881E+01    0.2809552195E+01    0.3057835250E+01
        0.3308910644    0.9028417019E-01    0.1521183211E+00    0.2418842908E+00    0.3644550072E+00    0.5217918714E+00    0.7134741295E+00    0.9371012910E+00    0.1188707935E+01    0.1463268820E+01    0.1755222801E+01    0.2058966310E+01    0.2369232174E+01    0.2681351501E+01    0.2991400673E+01    0.3296231829E+01    0.3593437682E+01
        0.3622889751    0.9650221855E-01    0.1642685853E+00    0.2645224387E+00    0.4034452985E+00    0.5838268066E+00    0.8055628716E+00    0.1066086550E+01    0.1360858666E+01    0.1683984738E+01    0.2028860741E+01    0.2388781783E+01    0.2757411148E+01    0.3129106121E+01    0.3499103514E+01    0.3863563479E+01    0.4219532349E+01
        0.3966662010    0.1041217573E+00    0.1786050605E+00    0.2906217138E+00    0.4479133369E+00    0.6543274623E+00    0.9102571975E+00    0.1213069171E+01    0.1557654403E+01    0.1937164455E+01    0.2343802183E+01    0.2769574338E+01    0.3206876346E+01    0.3648901218E+01    0.4089875878E+01    0.4525124015E+01    0.4951028331E+01
        0.4343054463    0.1100729115E+00    0.1909101608E+00    0.3150408736E+00    0.4922265536E+00    0.7277171379E+00    0.1022577339E+01    0.1374116389E+01    0.1776537536E+01    0.2221841530E+01    0.2700803689E+01    0.3203900208E+01    0.3722027254E+01    0.4247004141E+01    0.4771866714E+01    0.5290951217E+01    0.5799855343E+01
        0.4755162407    0.1155115332E+00    0.2025406409E+00    0.3391783373E+00    0.5377050110E+00    0.8052070349E+00    0.1143699444E+01    0.1550529640E+01    0.2019149788E+01    0.2540236145E+01    0.3102900595E+01    0.3695828747E+01    0.4308159420E+01    0.4930099169E+01    0.5553283077E+01    0.6170883929E+01    0.6777572328E+01
        0.5206374847    0.1189111855E+00    0.2113311324E+00    0.3603139661E+00    0.5812913088E+00    0.8836905783E+00    0.1270752141E+01    0.1739917194E+01    0.2283783893E+01    0.2891504342E+01    0.3550275493E+01    0.4246720261E+01    0.4967949599E+01    0.5702304956E+01    0.6439797944E+01    0.7172250270E+01    0.7893253845E+01
        0.5700402368    0.1195957331E+00    0.2161940778E+00    0.3768970453E+00    0.6210067827E+00    0.9608627279E+00    0.1401244835E+01    0.1939774904E+01    0.2568122119E+01    0.3273731474E+01    0.4041633912E+01    0.4856104737E+01    0.5701937401E+01    0.6565336530E+01    0.7434451324E+01    0.8299552837E+01    0.9152994648E+01
        0.6241307649    0.1168009107E+00    0.2159623754E+00    0.3872725582E+00    0.6546845575E+00    0.1034082825E+01    0.1532165727E+01    0.2146888911E+01    0.2868964702E+01    0.3683962656E+01    0.4574485595E+01    0.5522154782E+01    0.6509136170E+01    0.7519211652E+01    0.8538421593E+01    0.9555284708E+01    0.1056075812E+02
        0.6833538873    0.1098517017E+00    0.2097118498E+00    0.3901239988E+00    0.6804991371E+00    0.1100991089E+01    0.1660723081E+01    0.2358241473E+01    0.3183313310E+01    0.4119450588E+01    0.5146532258E+01    0.6243190089E+01    0.7388636727E+01    0.8563941942E+01    0.9752796009E+01    0.1094177401E+02    0.1212029144E+02
        0.7481966305    0.9877269660E-01    0.1974711461E+00    0.3852086152E+00    0.6977481370E+00    0.1160458196E+01    0.1785597093E+01    0.2572638882E+01    0.3510387141E+01    0.4580044525E+01    0.5758411319E+01    0.7020761709E+01    0.8343020091E+01    0.9703261706E+01    0.1108260228E+02    0.1246550428E+02    0.1383972123E+02
        0.8191922345    0.8449178417E-01    0.1803592324E+00    0.3735129515E+00    0.7072398670E+00    0.1213416998E+01    0.1908311931E+01    0.2792623370E+01    0.3854050063E+01    0.5071119968E+01    0.6417125667E+01    0.7863579045E+01    0.9382773146E+01    0.1094951796E+02    0.1254215493E+02    0.1414289755E+02    0.1573775349E+02
        0.8969245379    0.6885378401E-01    0.1604139056E+00    0.3571477694E+00    0.7115396654E+00    0.1263587780E+01    0.2034432567E+01    0.3026122570E+01    0.4224926584E+01    0.5606186659E+01    0.7139159117E+01    0.8791133759E+01    0.1053041167E+02    0.1232827764E+02    0.1416012908E+02    0.1600583612E+02    0.1784962518E+02
        0.9820327791    0.5357212000E-01    0.1397542861E+00    0.3390155485E+00    0.7151985597E+00    0.1318177172E+01    0.2174699395E+01    0.3288071808E+01    0.4642576128E+01    0.6209650718E+01    0.7953835893E+01    0.9837651943E+01    0.1182501425E+02    0.1388342919E+02    0.1598521383E+02    0.1810785058E+02    0.2023380857E+02
        1.0752168532    0.4100392700E-01    0.1207727557E+00    0.3226528421E+00    0.7243373114E+00    0.1387255413E+01    0.2344284262E+01    0.3599598178E+01    0.5134595771E+01    0.6915800522E+01    0.8902155780E+01    0.1105075607E+02    0.1332070003E+02    0.1567547393E+02    0.1808422059E+02    0.2052205163E+02    0.2296977485E+02
        1.1772430677    0.3041348619E-01    0.1043471016E+00    0.3114628920E+00    0.7461137154E+00    0.1483228347E+01    0.2562239845E+01    0.3987392179E+01    0.5735836065E+01    0.7767800270E+01    0.1003552149E+02    0.1248990316E+02    0.1508477045E+02    0.1777937408E+02    0.2053964575E+02    0.2333841783E+02    0.2615501715E+02
        1.2889504441    0.2218381851E-01    0.9181688965E-01    0.3089849401E+00    0.7881490903E+00    0.1619829550E+01    0.2850023242E+01    0.4481594074E+01    0.6485494787E+01    0.8813881673E+01    0.1141096502E+02    0.1422062001E+02    0.1719095409E+02    0.2027682475E+02    0.2344099557E+02    0.2665420188E+02    0.2989456554E+02
        1.4112576178    0.1608900678E-01    0.8398214385E-01    0.3184338289E+00    0.8583026071E+00    0.1811769023E+01    0.3230723041E+01    0.5114384315E+01    0.7424922769E+01    0.1010427909E+02    0.1308717770E+02    0.1630963002E+02    0.1971365285E+02    0.2324965032E+02    0.2687736434E+02    0.3056571748E+02    0.3429200215E+02
        1.5451703927    0.1202821131E-01    0.8117280829E-01    0.3423244111E+00    0.9636053991E+00    0.2072536813E+01    0.3725312471E+01    0.5914351144E+01    0.8589883430E+01    0.1168126682E+02    0.1511229389E+02    0.1881040479E+02    0.2271131163E+02    0.2676105443E+02    0.3091662767E+02    0.3514553340E+02    0.3942470431E+02
        1.6917900122    0.9616829951E-02    0.8346123075E-01    0.3829289506E+00    0.1110630393E+01    0.2414437383E+01    0.4352159955E+01    0.6905380671E+01    0.1000882708E+02    0.1357689444E+02    0.1752119582E+02    0.2176014656E+02    0.2622316777E+02    0.3085220000E+02    0.3560189040E+02    0.4043880278E+02    0.4534004750E+02
        1.8523222157    0.8430419638E-02    0.9088413943E-01    0.4422936883E+00    0.1305062493E+01    0.2847450744E+01    0.5125004418E+01    0.8103714915E+01    0.1169912272E+02    0.1580854577E+02    0.2033056048E+02    0.2517445915E+02    0.3026364580E+02    0.3553639192E+02    0.4094549194E+02    0.4645710275E+02    0.5204907392E+02
        2.0280871538    0.8143289473E-02    0.1035024996E+00    0.5220946688E+00    0.1551135420E+01    0.3378069668E+01    0.6051167708E+01    0.9515681394E+01    0.1366454061E+02    0.1837641799E+02    0.2353653201E+02    0.2904534516E+02    0.3482075206E+02    0.4079789806E+02    0.4692825468E+02    0.5317809579E+02    0.5952654470E+02
        2.2205302450    0.8548672583E-02    0.1214423971E+00    0.6236583349E+00    0.1851562600E+01    0.4009176646E+01    0.7131601393E+01    0.1113826437E+02    0.1589671303E+02    0.2126615539E+02    0.2711869839E+02    0.3334659509E+02    0.3986287599E+02    0.4660012426E+02    0.5350897934E+02    0.6055629251E+02    0.6772292655E+02
        2.4312340620    0.8298012277E-02    0.1386984399E+00    0.7310629018E+00    0.2173894685E+01    0.4684492282E+01    0.8279520861E+01    0.1284916537E+02    0.1823473354E+02    0.2427673573E+02    0.3083550047E+02    0.3779635178E+02    0.4506847313E+02    0.5258264432E+02    0.6028924971E+02    0.6815619451E+02    0.7616651527E+02
        2.6619313461    0.9993250194E-02    0.1686387629E+00    0.8808007917E+00    0.2589430568E+01    0.5519203098E+01    0.9660995384E+01    0.1487105974E+02    0.2096260343E+02    0.2775712697E+02    0.3510335155E+02    0.4287983897E+02    0.5099198914E+02    0.5936879591E+02    0.6796044040E+02    0.7673602399E+02    0.8568101213E+02
        2.9145192568    0.1227370217E-01    0.2048059674E+00    0.1054697953E+01    0.3059672488E+01    0.6445849034E+01    0.1117288966E+02    0.1706095199E+02    0.2389530730E+02    0.3147938056E+02    0.3965113136E+02    0.4828290008E+02    0.5727661108E+02    0.6655967440E+02    0.7608226067E+02    0.8581490680E+02    0.9574581676E+02
        3.1910749729    0.1512298865E-01    0.2470772405E+00    0.1251396225E+01    0.3579376427E+01    0.7452656194E+01    0.1279566663E+02    0.1939168641E+02    0.2699882279E+02    0.3540333410E+02    0.4443299246E+02    0.5395419740E+02    0.6386554490E+02    0.7409299674E+02    0.8458690075E+02    0.9531949515E+02    0.1062820729E+03
        3.4938727747    0.1825493085E-01    0.2938017814E+00    0.1465093270E+01    0.4134622616E+01    0.8514574966E+01    0.1449204004E+02    0.2181385913E+02    0.3021200446E+02    0.3945625160E+02    0.4936449467E+02    0.5979733913E+02    0.7065019492E+02    0.8184778109E+02    0.9334090603E+02    0.1051038682E+03    0.1171314817E+03
        3.8254027466    0.2191393936E-01    0.3458477350E+00    0.1696546390E+01    0.4724678302E+01    0.9629174925E+01    0.1625895220E+02    0.2432504215E+02    0.3353374705E+02    0.4363840280E+02    0.5444693269E+02    0.6581413903E+02    0.7763238536E+02    0.8982542034E+02    0.1023448837E+03    0.1151675783E+03    0.1282923534E+03
        4.1883912545    0.2592970500E-01    0.4018415559E+00    0.1940497688E+01    0.5337766983E+01    0.1077726108E+02    0.1806996577E+02    0.2689158726E+02    0.3692267078E+02    0.4789980450E+02    0.5962079734E+02    0.7193477046E+02    0.8473137276E+02    0.9793383892E+02    0.1114951598E+03    0.1253951964E+03    0.1396374310E+03
        4.5858233661    0.3037225421E-01    0.4615139875E+00    0.2194858240E+01    0.5969140913E+01    0.1195194540E+02    0.1991665247E+02    0.2950333048E+02    0.4036600707E+02    0.5222397996E+02    0.6486486890E+02    0.7813242088E+02    0.9191409380E+02    0.1061332226E+03    0.1207447851E+03    0.1357323330E+03    0.1511046447E+03
        5.0209673996    0.3513519815E-01    0.5237123723E+00    0.2455669929E+01    0.6611334540E+01    0.1314241742E+02    0.2178448745E+02    0.3214083620E+02    0.4383787209E+02    0.5657715931E+02    0.7013633017E+02    0.8435434730E+02    0.9911722819E+02    0.1143491844E+03    0.1300079222E+03    0.1460813793E+03    0.1625843415E+03
        5.4974018001    0.4013825994E-01    0.5875112236E+00    0.2720165651E+01    0.7259796338E+01    0.1434238660E+02    0.2366445298E+02    0.3479067989E+02    0.4731871473E+02    0.6093223375E+02    0.7539941994E+02    0.9055531318E+02    0.1062854312E+03    0.1225157601E+03    0.1392075458E+03    0.1563538374E+03    0.1739761710E+03
        6.0190445678    0.4529953956E-01    0.6521638903E+00    0.2986593940E+01    0.7912073503E+01    0.1554819029E+02    0.2555005258E+02    0.3744157227E+02    0.5079074921E+02    0.6526362548E+02    0.8061981623E+02    0.9669153322E+02    0.1133648758E+03    0.1305685777E+03    0.1482682654E+03    0.1664628223E+03    0.1851812937E+03
        6.5901854779    0.5054695163E-01    0.7172036859E+00    0.3254259927E+01    0.8567355039E+01    0.1675770082E+02    0.2743579600E+02    0.4008269640E+02    0.5423634169E+02    0.6954584858E+02    0.8576345559E+02    0.1027198149E+03    0.1203027683E+03    0.1384447910E+03    0.1571167148E+03    0.1763239393E+03    0.1961037786E+03
        7.2155213579    0.5582956767E-01    0.7824731895E+00    0.3523252115E+01    0.9225513691E+01    0.1796871793E+02    0.2931519627E+02    0.4270152858E+02    0.5763579568E+02    0.7375135352E+02    0.9079451236E+02    0.1085957412E+03    0.1270458013E+03    0.1460818660E+03    0.1656807322E+03    0.1858549141E+03    0.2066507420E+03
        7.9001947124    0.6112513565E-01    0.8480599208E+00    0.3793910608E+01    0.9885883494E+01    0.1917720990E+02    0.3117869056E+02    0.4528157179E+02    0.6096496873E+02    0.7784807425E+02    0.9567292082E+02    0.1142712190E+03    0.1335377861E+03    0.1534153653E+03    0.1738873672E+03    0.1949738992E+03    0.2167310363E+03
        8.6498360130    0.6643840281E-01    0.9141413466E+00    0.4066176395E+01    0.1054609511E+02    0.2037584357E+02    0.3301200380E+02    0.4780058588E+02    0.6419335047E+02    0.8179732589E+02    0.1003520749E+03    0.1196919813E+03    0.1397169771E+03    0.1603761314E+03    0.1816599790E+03    0.2035965532E+03    0.2262524033E+03
        9.4706100008    0.7178956362E-01    0.9807909579E+00    0.4339048266E+01    0.1120136497E+02    0.2155333034E+02    0.3479562056E+02    0.5023013278E+02    0.6728357429E+02    0.8555316570E+02    0.1047779345E+03    0.1247963602E+03    0.1455144645E+03    0.1668882718E+03    0.1889158277E+03    0.2116332484E+03    0.2351183479E+03
       10.3692663829    0.7719639409E-01    0.1047818925E+01    0.4610342649E+01    0.1184449267E+02    0.2269487972E+02    0.3650572852E+02    0.5253692294E+02    0.7019301773E+02    0.8906406922E+02    0.1088906042E+03    0.1295165954E+03    0.1508550909E+03    0.1728695692E+03    0.1955658854E+03    0.2189883044E+03    0.2432266706E+03
       11.3531953391    0.8265700048E-01    0.1114706752E+01    0.4876820059E+01    0.1246652656E+02    0.2378358731E+02    0.3811636324E+02    0.5468566521E+02    0.7287725121E+02    0.9227683464E+02    0.1126285116E+03    0.1337831235E+03    0.1556615814E+03    0.1782353932E+03    0.2015182244E+03    0.2255627311E+03    0.2504716555E+03
       12.4304882957    0.8814018128E-01    0.1180649057E+01    0.5134575209E+01    0.1305776445E+02    0.2480215520E+02    0.3960188194E+02    0.5664230993E+02    0.7529404433E+02    0.9514135784E+02    0.1159338465E+03    0.1375306444E+03    0.1598611133E+03    0.1829053641E+03    0.2066851258E+03    0.2312608553E+03    0.2567503430E+03
       13.6100044661    0.9358638462E-01    0.1244664495E+01    0.5379490089E+01    0.1360866918E+02    0.2573428892E+02    0.4093884887E+02    0.5837644948E+02    0.7740637726E+02    0.9761427487E+02    0.1187571416E+03    0.1407032994E+03    0.1633917329E+03    0.1868105478E+03    0.2109906247E+03    0.2359997453E+03    0.2619711524E+03
       14.9014437053    0.9891659535E-01    0.1305715466E+01    0.5607581867E+01    0.1411045320E+02    0.2656548389E+02    0.4210699793E+02    0.5986244643E+02    0.7918380466E+02    0.9966060431E+02    0.1210592262E+03    0.1432577185E+03    0.1662050969E+03    0.1898986511E+03    0.2143758710E+03    0.2397148750E+03    0.2660638852E+03
       16.3154262774    0.1040432719E+00    0.1362793140E+01    0.5815193901E+01    0.1455534881E+02    0.2728333928E+02    0.4308953734E+02    0.6107979948E+02    0.8060257143E+02    0.1012542717E+03    0.1228111036E+03    0.1451632833E+03    0.1682678141E+03    0.1921327460E+03    0.2168029448E+03    0.2423615823E+03    0.2689806599E+03
       17.8635801925    0.1088788437E+00    0.1414959935E+01    0.5999073576E+01    0.1493671387E+02    0.2787766337E+02    0.4387327201E+02    0.6201308273E+02    0.8164583775E+02    0.1023772265E+03    0.1239949885E+03    0.1463999578E+03    0.1695615977E+03    0.1934921170E+03    0.2182488842E+03    0.2439197923E+03    0.2706931938E+03
       19.5586368304    0.1133414299E+00    0.1461369706E+01    0.6156404701E+01    0.1524907883E+02    0.2834054820E+02    0.4444872236E+02    0.6265186890E+02    0.8230373203E+02    0.1030196500E+03    0.1246021859E+03    0.1469616044E+03    0.1700775713E+03    0.1939742695E+03    0.2187080343E+03    0.2443819181E+03    0.2712027044E+03
       21.4145356385    0.1173597683E+00    0.1501294845E+01    0.6284857859E+01    0.1548820252E+02    0.2866646928E+02    0.4480986260E+02    0.6299142593E+02    0.8257193175E+02    0.1031815146E+03    0.1246324198E+03    0.1468521349E+03    0.1698245817E+03    0.1935823067E+03    0.2181970682E+03    0.2437601808E+03    0.2705160208E+03
       23.4465387640    0.1208767862E+00    0.1534172704E+01    0.6382714028E+01    0.1565125744E+02    0.2885224134E+02    0.4495456346E+02    0.6303137502E+02    0.8245406555E+02    0.1028671096E+03    0.1240995566E+03    0.1460820811E+03    0.1688212910E+03    0.1923450407E+03    0.2167284403E+03    0.2420951041E+03    0.2686674796E+03
       25.6713565631    0.1238479944E+00    0.1559636914E+01    0.6449028443E+01    0.1573705746E+02    0.2889741486E+02    0.4488484236E+02    0.6277603708E+02    0.8195933491E+02    0.1020916255E+03    0.1230165625E+03    0.1446852547E+03    0.1670864437E+03    0.1902971806E+03    0.2143594945E+03    0.2393982299E+03    0.2657299085E+03
       28.1072850208    0.1262347331E+00    0.1577478748E+01    0.6483612410E+01    0.1574623355E+02    0.2880509049E+02    0.4460580520E+02    0.6223763023E+02    0.8110010434E+02    0.1008780725E+03    0.1214136112E+03    0.1426785968E+03    0.1646875819E+03    0.1874539441E+03    0.2111441331E+03    0.2357702522E+03    0.2616906349E+03
       30.7743562090    0.1279995556E+00    0.1587558804E+01    0.6486787910E+01    0.1568111818E+02    0.2858032552E+02    0.4412903514E+02    0.6142854488E+02    0.7990620925E+02    0.9924167421E+02    0.1193383264E+03    0.1401058983E+03    0.1616363205E+03    0.1839437622E+03    0.2070672967E+03    0.2312918173E+03    0.2567196687E+03
       33.6945030221    0.1291134008E+00    0.1589769076E+01    0.6459100553E+01    0.1554433708E+02    0.2823053616E+02    0.4346685022E+02    0.6037205209E+02    0.7839389987E+02    0.9724464011E+02    0.1167864109E+03    0.1370690096E+03    0.1579741687E+03    0.1797615480E+03    0.2023627245E+03    0.2258720064E+03    0.2509327831E+03
       36.8917395444    0.1295747105E+00    0.1584126948E+01    0.6401116076E+01    0.1533889205E+02    0.2776405692E+02    0.4263046038E+02    0.5909444669E+02    0.7659161791E+02    0.9490702401E+02    0.1138695889E+03    0.1335009194E+03    0.1539118686E+03    0.1749103186E+03    0.1969922946E+03    0.2199165504E+03    0.2441007097E+03
       40.3923585315    0.1294092159E+00    0.1570993461E+01    0.6314355756E+01    0.1506927460E+02    0.2718556437E+02    0.4164443884E+02    0.5759197362E+02    0.7457105266E+02    0.9222137858E+02    0.1106386153E+03    0.1295680051E+03    0.1492618593E+03    0.1697868558E+03    0.1908711114E+03    0.2133181943E+03    0.2368926101E+03
       44.2251476316    0.1286318908E+00    0.1550995188E+01    0.6201618291E+01    0.1473989675E+02    0.2651220543E+02    0.4050786091E+02    0.5592819048E+02    0.7227476297E+02    0.8937099024E+02    0.1069645861E+03    0.1254159968E+03    0.1442355552E+03    0.1640120364E+03    0.1846748136E+03    0.2058638090E+03    0.2290571268E+03
       48.4216261230    0.1272477235E+00    0.1524453807E+01    0.6065158102E+01    0.1436129447E+02    0.2575439214E+02    0.3924519314E+02    0.5411722020E+02    0.6979936027E+02    0.8622248728E+02    0.1032214650E+03    0.1206849353E+03    0.1391594288E+03    0.1578401026E+03    0.1777387662E+03    0.1986049635E+03    0.2202515337E+03
       53.0163041156    0.1253085367E+00    0.1491778998E+01    0.5907840171E+01    0.1393882559E+02    0.2491224381E+02    0.3792143439E+02    0.5210950237E+02    0.6727005087E+02    0.8282879640E+02    0.9921974085E+02    0.1160116964E+03    0.1333335790E+03    0.1518526385E+03    0.1704023804E+03    0.1904658344E+03    0.2119868175E+03
       58.0469663481    0.1228660295E+00    0.1453835594E+01    0.5730952948E+01    0.1346909292E+02    0.2403440129E+02    0.3645681775E+02    0.5011563429E+02    0.6442631959E+02    0.7956927105E+02    0.9483612975E+02    0.1111799639E+03    0.1277284988E+03    0.1449141563E+03    0.1635286406E+03    0.1819884560E+03    0.2026180938E+03
       63.5549829136    0.1199527216E+00    0.1411066537E+01    0.5537312651E+01    0.1298070980E+02    0.2308758624E+02    0.3495164263E+02    0.4797865829E+02    0.6166630099E+02    0.7586738344E+02    0.9084685599E+02    0.1057682729E+03    0.1220811103E+03    0.1384119286E+03    0.1554637789E+03    0.1742522499E+03    0.1930945514E+03
       69.5856494710    0.1166353167E+00    0.1364658823E+01    0.5335592126E+01    0.1246212569E+02    0.2208255976E+02    0.3347155584E+02    0.4569414046E+02    0.5888140050E+02    0.7227321720E+02    0.8630397933E+02    0.1010723318E+03    0.1156354463E+03    0.1319378927E+03    0.1481323778E+03    0.1650433128E+03    0.1845130548E+03
       76.1885597370    0.1129512983E+00    0.1314696302E+01    0.5117415484E+01    0.1190553348E+02    0.2113302103E+02    0.3179165821E+02    0.4365202142E+02    0.5573734730E+02    0.6887572811E+02    0.8184924143E+02    0.9570653975E+02    0.1102891989E+03    0.1244897429E+03    0.1407943077E+03    0.1569849657E+03    0.1741717660E+03
       83.4180133251    0.1090138676E+00    0.1261370204E+01    0.4891447429E+01    0.1138355246E+02    0.2006445755E+02    0.3028028851E+02    0.4128217174E+02    0.5310859143E+02    0.6486711582E+02    0.7787033817E+02    0.9041036733E+02    0.1040899691E+03    0.1185704483E+03    0.1324151339E+03    0.1487213744E+03    0.1655383424E+03
       91.3334622825    0.1048212230E+00    0.1208561074E+01    0.4674893389E+01    0.1080529579E+02    0.1903762916E+02    0.2871730198E+02    0.3907458877E+02    0.5009175972E+02    0.6165113913E+02    0.7303466745E+02    0.8588085517E+02    0.9801993241E+02    0.1114930566E+03    0.1259924219E+03    0.1395143880E+03    0.1562674733E+03
      100.0000000000    0.1003574714E+00    0.1151594292E+01    0.4430380398E+01    0.1023507203E+02    0.1809295745E+02    0.2699169267E+02    0.3705165687E+02    0.4711896020E+02    0.5800137044E+02    0.6925569588E+02    0.8026500639E+02    0.9295946386E+02    0.1047716216E+03    0.1179867939E+03    0.1326267194E+03    0.1463777957E+03
