               #####        0.2000000000        0.2533333333        0.3066666667        0.3600000000        0.4133333333        0.4666666667        0.5200000000        0.5733333333        0.6266666667        0.6800000000        0.7333333333        0.7866666667        0.8400000000        0.8933333333        0.9466666667        1.0000000000
        0.0010000000    0.1513146576E-07    0.2412285952E-07    0.3501195282E-07    0.4761395583E-07    0.6169242482E-07    0.7696889924E-07    0.9313909696E-07    0.1098914287E-06    0.1269263295E-06    0.1439715719E-06    0.1607935307E-06    0.1772021792E-06    0.1930518909E-06    0.2082390047E-06    0.2226963077E-06    0.2363868982E-06
        0.0010948890    0.2156301513E-07    0.3437615365E-07    0.4989360237E-07    0.6785203553E-07    0.8791452341E-07    0.1096842635E-06    0.1327276567E-06    0.1566006884E-06    0.1808764753E-06    0.2051670854E-06    0.2291395921E-06    0.2525231935E-06    0.2751103568E-06    0.2967533497E-06    0.3173563789E-06    0.3368668464E-06
        0.0011987818    0.3071394139E-07    0.4896472866E-07    0.7106748880E-07    0.9664715882E-07    0.1252238441E-06    0.1562323734E-06    0.1890551636E-06    0.2230597923E-06    0.2576382309E-06    0.2922379246E-06    0.3263846580E-06    0.3596926978E-06    0.3918664242E-06    0.4226953928E-06    0.4520431381E-06    0.4798347210E-06
        0.0013125330    0.4372368041E-07    0.6970509446E-07    0.1011701004E-06    0.1375847884E-06    0.1782660265E-06    0.2224092933E-06    0.2691354555E-06    0.3175442485E-06    0.3667701232E-06    0.4160264870E-06    0.4646382560E-06    0.5120562951E-06    0.5578597436E-06    0.6017489887E-06    0.6435297297E-06    0.6830952531E-06
        0.0014370779    0.6220892832E-07    0.9917461824E-07    0.1439422370E-06    0.1957521867E-06    0.2536325827E-06    0.3164388437E-06    0.3829202343E-06    0.4517959431E-06    0.5218345324E-06    0.5919168788E-06    0.6610824874E-06    0.7285500403E-06    0.7937207103E-06    0.8561681685E-06    0.9156159175E-06    0.9719120761E-06
        0.0015734408    0.8845017807E-07    0.1410089047E-06    0.2046606297E-06    0.2783253963E-06    0.3606214491E-06    0.4499215118E-06    0.5444473766E-06    0.6423780562E-06    0.7419627330E-06    0.8416102429E-06    0.9399549260E-06    0.1035885848E-05    0.1128551521E-05    0.1217345702E-05    0.1301875177E-05    0.1381923910E-05
        0.0017227429    0.1256692248E-06    0.2003442003E-06    0.2907800499E-06    0.3954424747E-06    0.5123684439E-06    0.6392461291E-06    0.7735492629E-06    0.9126907685E-06    0.1054183215E-05    0.1195765946E-05    0.1335498634E-05    0.1471802815E-05    0.1603468599E-05    0.1729634516E-05    0.1849741753E-05    0.1963483230E-05
        0.0018862122    0.1784072048E-06    0.2844200709E-06    0.4128080396E-06    0.5613930870E-06    0.7273886359E-06    0.9075129953E-06    0.1098180049E-05    0.1295717308E-05    0.1496593660E-05    0.1697599835E-05    0.1895981223E-05    0.2089496844E-05    0.2276428905E-05    0.2455554207E-05    0.2626079199E-05    0.2787567709E-05
        0.0020651929    0.2530524096E-06    0.4034208520E-06    0.5855262014E-06    0.7962794051E-06    0.1031728402E-05    0.1287218959E-05    0.1557665056E-05    0.1837858083E-05    0.2122789828E-05    0.2407908409E-05    0.2689306672E-05    0.2963805850E-05    0.3228969158E-05    0.3483061277E-05    0.3724956266E-05    0.3954035087E-05
        0.0022611570    0.3585593020E-06    0.5716219203E-06    0.8296539085E-06    0.1128278686E-05    0.1461897107E-05    0.1823915252E-05    0.2207127400E-05    0.2604154001E-05    0.3007899235E-05    0.3411913603E-05    0.3810660876E-05    0.4199636673E-05    0.4575387780E-05    0.4935454807E-05    0.5278241762E-05    0.5602870903E-05
        0.0024757158    0.5074814164E-06    0.8090363618E-06    0.1174238300E-05    0.1596893575E-05    0.2069078628E-05    0.2581462219E-05    0.3123847221E-05    0.3685790282E-05    0.4257249256E-05    0.4829096317E-05    0.5393495785E-05    0.5944072010E-05    0.6475936812E-05    0.6985608430E-05    0.7470827018E-05    0.7930349287E-05
        0.0027106339    0.7174163368E-06    0.1143718586E-05    0.1659997776E-05    0.2257499155E-05    0.2925023145E-05    0.3649380583E-05    0.4416158251E-05    0.5210594505E-05    0.6018494291E-05    0.6826954389E-05    0.7624897543E-05    0.8403309901E-05    0.9155279955E-05    0.9875884134E-05    0.1056192614E-04    0.1121164674E-04
        0.0029678432    0.1012757657E-05    0.1614557338E-05    0.2343375825E-05    0.3186856053E-05    0.4129190810E-05    0.5151764930E-05    0.6234235323E-05    0.7355766493E-05    0.8496321807E-05    0.9637687108E-05    0.1076422474E-04    0.1186320890E-04    0.1292488085E-04    0.1394228771E-04    0.1491091475E-04    0.1582827589E-04
        0.0032494587    0.1427641600E-05    0.2275973252E-05    0.3303359132E-05    0.4492382913E-05    0.5820766619E-05    0.7262275141E-05    0.8788237658E-05    0.1036928833E-04    0.1197718584E-04    0.1358625605E-04    0.1517445489E-04    0.1672384138E-04    0.1822065589E-04    0.1965509333E-04    0.2102078519E-04    0.2231422271E-04
        0.0035577965    0.2009155481E-05    0.3203033857E-05    0.4648901618E-05    0.6322253053E-05    0.8191743592E-05    0.1022046152E-04    0.1236806738E-04    0.1459324213E-04    0.1685624673E-04    0.1912095184E-04    0.2135633374E-04    0.2353714045E-04    0.2564400256E-04    0.2766311473E-04    0.2958550749E-04    0.3140623595E-04
        0.0038953921    0.2822597736E-05    0.4499839217E-05    0.6531095539E-05    0.8881947082E-05    0.1150837151E-04    0.1435852835E-04    0.1737576175E-04    0.2050203728E-04    0.2368153595E-04    0.2686350488E-04    0.3000435891E-04    0.3306861711E-04    0.3602905959E-04    0.3886628134E-04    0.4156767021E-04    0.4412626803E-04
        0.0042650218    0.3957510213E-05    0.6309138726E-05    0.9157129597E-05    0.1245323616E-04    0.1613575607E-04    0.2013203007E-04    0.2436264768E-04    0.2874626149E-04    0.3320462352E-04    0.3766658060E-04    0.4207102118E-04    0.4636818955E-04    0.5051990755E-04    0.5449895094E-04    0.5828761824E-04    0.6187613538E-04
        0.0046697254    0.5537310594E-05    0.8827687308E-05    0.1281257737E-04    0.1742449460E-04    0.2257713893E-04    0.2816888724E-04    0.3408867045E-04    0.4022270296E-04    0.4646152464E-04    0.5270558898E-04    0.5886938645E-04    0.6488328534E-04    0.7069384483E-04    0.7626294575E-04    0.8156579084E-04    0.8658867494E-04
        0.0051128308    0.7729456651E-05    0.1232244946E-04    0.1788491651E-04    0.2432268727E-04    0.3151535046E-04    0.3932111811E-04    0.4758501723E-04    0.5614827230E-04    0.6485812750E-04    0.7357564362E-04    0.8218145419E-04    0.9057833830E-04    0.9869166247E-04    0.1064681724E-03    0.1138732063E-03    0.1208875859E-03
        0.0055979820    0.1076268103E-04    0.1715807526E-04    0.2490340845E-04    0.3386760775E-04    0.4388309655E-04    0.5475255304E-04    0.6626029687E-04    0.7818533577E-04    0.9031502987E-04    0.1024559428E-03    0.1144418573E-03    0.1261373634E-03    0.1374384807E-03    0.1482709852E-03    0.1585865360E-03    0.1683583524E-03
        0.0061291687    0.1494496441E-04    0.2382555342E-04    0.3458068694E-04    0.4702844280E-04    0.6093626588E-04    0.7603032961E-04    0.9201131566E-04    0.1085725015E-03    0.1254187148E-03    0.1422813923E-03    0.1589297117E-03    0.1751755825E-03    0.1908745235E-03    0.2059233522E-03    0.2202548189E-03    0.2338316134E-03
        0.0067107592    0.2069068746E-04    0.3298549726E-04    0.4787558550E-04    0.6510922407E-04    0.8436467583E-04    0.1052631172E-03    0.1273904331E-03    0.1503222116E-03    0.1736499544E-03    0.1970019102E-03    0.2200584902E-03    0.2425591910E-03    0.2643038301E-03    0.2851493695E-03    0.3050025055E-03    0.3238113868E-03
        0.0073475362    0.2855151946E-04    0.4551738763E-04    0.6606461173E-04    0.8984604435E-04    0.1164180764E-03    0.1452584077E-03    0.1757960389E-03    0.2074456874E-03    0.2396439042E-03    0.2718778014E-03    0.3037063282E-03    0.3347698476E-03    0.3647918747E-03    0.3935747286E-03    0.4209893381E-03    0.4469638373E-03
        0.0080447363    0.3926019686E-04    0.6258936457E-04    0.9084324751E-04    0.1235448433E-03    0.1600847423E-03    0.1997454632E-03    0.2417425593E-03    0.2852718223E-03    0.3295588637E-03    0.3738985832E-03    0.4176844325E-03    0.4604216222E-03    0.5017295663E-03    0.5413359595E-03    0.5790628092E-03    0.6148107923E-03
        0.0088080930    0.5377479206E-04    0.8572880009E-04    0.1244283844E-03    0.1692207489E-03    0.2192721141E-03    0.2736008880E-03    0.3311337521E-03    0.3907701232E-03    0.4514499357E-03    0.5122076483E-03    0.5722123418E-03    0.6307858710E-03    0.6874062995E-03    0.7416998794E-03    0.7934219977E-03    0.8424358108E-03
        0.0096438838    0.7334487567E-04    0.1169277722E-03    0.1697114172E-03    0.2308063282E-03    0.2990767761E-03    0.3731857656E-03    0.4516711833E-03    0.5330334084E-03    0.6158275582E-03    0.6987370656E-03    0.7806283973E-03    0.8605759130E-03    0.9378666909E-03    0.1011989734E-02    0.1082610110E-02    0.1149539902E-02
        0.0105589819    0.9956475193E-04    0.1587279281E-03    0.2303814242E-03    0.3133191816E-03    0.4060018266E-03    0.5066173082E-03    0.6131837058E-03    0.7236676645E-03    0.8361092923E-03    0.9487219120E-03    0.1059966389E-02    0.1168585045E-02    0.1273608429E-02    0.1374340907E-02    0.1470325746E-02    0.1561305843E-02
        0.0115609128    0.1344664581E-03    0.2143687464E-03    0.3111403857E-03    0.4231547676E-03    0.5483366617E-03    0.6842434276E-03    0.8282029586E-03    0.9774728434E-03    0.1129408533E-02    0.1281597862E-02    0.1431961519E-02    0.1578799113E-02    0.1720798694E-02    0.1857017645E-02    0.1986835859E-02    0.2109902931E-02
        0.0126579159    0.1805710507E-03    0.2878692718E-03    0.4178218124E-03    0.5682478674E-03    0.7363666334E-03    0.9189052679E-03    0.1112282685E-02    0.1312822031E-02    0.1516975702E-02    0.1721505693E-02    0.1923618658E-02    0.2121028222E-02    0.2311968334E-02    0.2495168215E-02    0.2669789968E-02    0.2835358044E-02
        0.0138590124    0.2409475389E-03    0.3841220456E-03    0.5575270988E-03    0.7582582600E-03    0.9826143574E-03    0.1226239779E-02    0.1484367411E-02    0.1752100165E-02    0.2024709960E-02    0.2297877920E-02    0.2567874854E-02    0.2831645111E-02    0.3086825336E-02    0.3331711978E-02    0.3565178819E-02    0.3786583448E-02
        0.0151740797    0.3192667071E-03    0.5089788384E-03    0.7387499236E-03    0.1004740159E-02    0.1302060191E-02    0.1624956834E-02    0.1967131299E-02    0.2322109057E-02    0.2683634026E-02    0.3045986153E-02    0.3404220994E-02    0.3754281986E-02    0.4093026779E-02    0.4418185670E-02    0.4728253557E-02    0.5022366922E-02
        0.0166139325    0.4197818809E-03    0.6692198473E-03    0.9713314318E-03    0.1321081541E-02    0.1712064850E-02    0.2136745485E-02    0.2586869585E-02    0.3053946620E-02    0.3529764570E-02    0.4006806450E-02    0.4478566066E-02    0.4939697477E-02    0.5386051982E-02    0.5814625802E-02    0.6223419939E-02    0.6611279856E-02
        0.0181904113    0.5471967120E-03    0.8723426952E-03    0.1266153792E-02    0.1722087751E-02    0.2231831604E-02    0.2785606929E-02    0.3372698373E-02    0.3982073185E-02    0.4603047918E-02    0.5225829814E-02    0.5841929625E-02    0.6444359405E-02    0.7027684439E-02    0.7587958719E-02    0.8122545264E-02    0.8629909338E-02
        0.0199164806    0.7065470879E-03    0.1126373772E-02    0.1634865957E-02    0.2223608860E-02    0.2881925649E-02    0.3597260269E-02    0.4355845229E-02    0.5143489198E-02    0.5946430290E-02    0.6752032742E-02    0.7549321943E-02    0.8329244535E-02    0.9084741304E-02    0.9810669614E-02    0.1050357605E-01    0.1116143282E-01
        0.0218063349    0.9029479792E-03    0.1439464246E-02    0.2089297001E-02    0.2841742733E-02    0.3683245396E-02    0.4597867759E-02    0.5568121805E-02    0.6575955863E-02    0.7603833319E-02    0.8635619334E-02    0.9657267830E-02    0.1065716129E-01    0.1162621306E-01    0.1255777720E-01    0.1344736512E-01    0.1429231398E-01
        0.0238755154    0.1141145755E-02    0.1819176418E-02    0.2640421024E-02    0.3591430451E-02    0.4655210694E-02    0.5811790420E-02    0.7039234265E-02    0.8314860043E-02    0.9616583694E-02    0.1092403438E-01    0.1221942787E-01    0.1348800758E-01    0.1471818824E-01    0.1590145584E-01    0.1703202080E-01    0.1810640706E-01
        0.0261410384    0.1425395952E-02    0.2272289534E-02    0.3298077335E-02    0.4486081910E-02    0.5815292034E-02    0.7261027432E-02    0.8796147840E-02    0.1039252601E-01    0.1202269912E-01    0.1366125318E-01    0.1528592209E-01    0.1687815685E-01    0.1842332738E-01    0.1991061938E-01    0.2133261857E-01    0.2268481019E-01
        0.0286215345    0.1759609156E-02    0.2805034108E-02    0.4071314928E-02    0.5538055523E-02    0.7179656316E-02    0.8966065611E-02    0.1086418363E-01    0.1283960697E-01    0.1485862283E-01    0.1688990491E-01    0.1890588312E-01    0.2088347492E-01    0.2280436957E-01    0.2465493492E-01    0.2642573168E-01    0.2811091536E-01
        0.0313374022    0.2147903984E-02    0.3423976466E-02    0.4969683379E-02    0.6760431333E-02    0.8765501614E-02    0.1094885927E-01    0.1327072921E-01    0.1568961059E-01    0.1816464226E-01    0.2065765264E-01    0.2313485217E-01    0.2556777102E-01    0.2793366134E-01    0.3021543697E-01    0.3240112381E-01    0.3448316096E-01
        0.0343109759    0.2596671820E-02    0.4139311866E-02    0.6008017970E-02    0.8173537187E-02    0.1059955864E-01    0.1324352397E-01    0.1605831950E-01    0.1899453364E-01    0.2200320979E-01    0.2503829368E-01    0.2805871165E-01    0.3102957521E-01    0.3392275402E-01    0.3671688753E-01    0.3939678830E-01    0.4195264630E-01
        0.0375667089    0.3117596795E-02    0.4969676385E-02    0.7213423397E-02    0.9814461398E-02    0.1273046726E-01    0.1591188629E-01    0.1930363647E-01    0.2284754524E-01    0.2648549082E-01    0.3016229354E-01    0.3382826254E-01    0.3744075371E-01    0.4096499458E-01    0.4437423092E-01    0.4764911694E-01    0.5077683608E-01
        0.0411313750    0.3735341244E-02    0.5954371683E-02    0.8642975344E-02    0.1176108731E-01    0.1525991160E-01    0.1908238680E-01    0.2316473100E-01    0.2743894586E-01    0.3183633150E-01    0.3629088158E-01    0.4074241803E-01    0.4513863487E-01    0.4943630199E-01    0.5360164827E-01    0.5760979556E-01    0.6144382072E-01
        0.0450342886    0.4484229905E-02    0.7148063117E-02    0.1037600722E-01    0.1412161212E-01    0.1832911961E-01    0.2293343302E-01    0.2786122188E-01    0.3303329965E-01    0.3836846898E-01    0.4378750136E-01    0.4921704131E-01    0.5459234649E-01    0.5985907522E-01    0.6497406977E-01    0.6990492725E-01    0.7462904217E-01
        0.0493075457    0.5423280621E-02    0.8644610199E-02    0.1254848263E-01    0.1708102132E-01    0.2217881419E-01    0.2776799767E-01    0.3376446846E-01    0.4007581754E-01    0.4660542944E-01    0.5325717841E-01    0.5994040338E-01    0.6657369618E-01    0.7308760911E-01    0.7942609770E-01    0.8554636638E-01    0.9141793626E-01
        0.0539862877    0.6631634254E-02    0.1056962453E-01    0.1534194243E-01    0.2088575667E-01    0.2712908294E-01    0.3398835033E-01    0.4136697275E-01    0.4915630821E-01    0.5723988442E-01    0.6549904972E-01    0.7381954460E-01    0.8209694229E-01    0.9024082816E-01    0.9817729650E-01    0.1058492506E+00    0.1132155159E+00
        0.0591089906    0.8163507428E-02    0.1300872218E-01    0.1887951916E-01    0.2570263441E-01    0.3339721722E-01    0.4186980342E-01    0.5100994718E-01    0.6068927083E-01    0.7076558518E-01    0.8108993419E-01    0.9151568859E-01    0.1019066664E+00    0.1121436538E+00    0.1221285066E+00    0.1317850885E+00    0.1410583640E+00
        0.0647177816    0.1003288562E-01    0.1598317022E-01    0.2319073109E-01    0.3157134138E-01    0.4103692159E-01    0.5148605395E-01    0.6279442050E-01    0.7481036720E-01    0.8735862544E-01    0.1002496645E+00    0.1132929611E+00    0.1263094682E+00    0.1391417063E+00    0.1516600800E+00    0.1637645001E+00    0.1753831739E+00
        0.0708587849    0.1215398020E-01    0.1935574667E-01    0.2807630519E-01    0.3822301837E-01    0.4970681153E-01    0.6242496451E-01    0.7624254571E-01    0.9098206830E-01    0.1064267508E+00    0.1223341181E+00    0.1384562410E+00    0.1545589386E+00    0.1704368132E+00    0.1859221490E+00    0.2008868928E+00    0.2152405407E+00
        0.0775825017    0.1428712620E-01    0.2274631173E-01    0.3298893289E-01    0.4492327202E-01    0.5847414491E-01    0.7355237394E-01    0.9002121239E-01    0.1076770224E+00    0.1262530895E+00    0.1454412131E+00    0.1649229758E+00    0.1843983128E+00    0.2036063796E+00    0.2223367308E+00    0.2404308661E+00    0.2577784282E+00
        0.0849442250    0.1617348138E-01    0.2574690927E-01    0.3734619403E-01    0.5089890902E-01    0.6636902956E-01    0.8370405497E-01    0.1027781595E+00    0.1233615028E+00    0.1451282977E+00    0.1676924428E+00    0.1906543666E+00    0.2136406559E+00    0.2363303987E+00    0.2584675675E+00    0.2798611728E+00    0.3003792160E+00
        0.0930044946    0.1785618690E-01    0.2842903155E-01    0.4125868473E-01    0.5631618811E-01    0.7363554311E-01    0.9322492613E-01    0.1149771993E+00    0.1386289262E+00    0.1637808119E+00    0.1899550854E+00    0.2166611967E+00    0.2434460966E+00    0.2699243918E+00    0.2957906167E+00    0.3208174071E+00    0.3448471582E+00
        0.1018295948    0.1981573032E-01    0.3155177723E-01    0.4581943989E-01    0.6265669131E-01    0.8219598909E-01    0.1045201973E+00    0.1295324338E+00    0.1569126984E+00    0.1861635497E+00    0.2166964279E+00    0.2479166371E+00    0.2792818699E+00    0.3103341485E+00    0.3407111591E+00    0.3701423887E+00    0.3984387224E+00
        0.1114920997    0.2291793679E-01    0.3646931655E-01    0.5295452807E-01    0.7249461757E-01    0.9533880822E-01    0.1216382732E+00    0.1512725613E+00    0.1838212912E+00    0.2186507772E+00    0.2550335387E+00    0.2922501680E+00    0.3296530491E+00    0.3666986047E+00    0.4029573679E+00    0.4381080196E+00    0.4719248195E+00
        0.1220714697    0.2748068963E-01    0.4366046796E-01    0.6332014129E-01    0.8668280607E-01    0.1141297298E+00    0.1458603038E+00    0.1816841585E+00    0.2210332254E+00    0.2631013534E+00    0.3069955450E+00    0.3518506226E+00    0.3968961087E+00    0.4414885671E+00    0.4851206652E+00    0.5274130464E+00    0.5680992396E+00
        0.1336547051    0.3227775636E-01    0.5119369795E-01    0.7416362931E-01    0.1015650493E+00    0.1339467608E+00    0.1715530258E+00    0.2141065590E+00    0.2608815796E+00    0.3108948850E+00    0.3630813186E+00    0.4164184249E+00    0.4699977929E+00    0.5230599509E+00    0.5750044013E+00    0.6253804118E+00    0.6738698248E+00
        0.1463370617    0.3542088793E-01    0.5614787351E-01    0.8140393869E-01    0.1118198566E+00    0.1481771510E+00    0.1908016868E+00    0.2393681314E+00    0.2930340268E+00    0.3506670780E+00    0.4110376941E+00    0.4729560199E+00    0.5353537695E+00    0.5973274649E+00    0.6581537819E+00    0.7172820684E+00    0.7743166482E+00
        0.1602228341    0.3731675930E-01    0.5918847389E-01    0.8604120993E-01    0.1188519204E+00    0.1586891596E+00    0.2060011604E+00    0.2604595429E+00    0.3211391948E+00    0.3867689061E+00    0.4559417448E+00    0.5272717389E+00    0.5994938497E+00    0.6715214615E+00    0.7424709914E+00    0.8116583716E+00    0.8785818768E+00
        0.1754262130    0.4126793026E-01    0.6537197290E-01    0.9509302491E-01    0.1317790293E+00    0.1767794140E+00    0.2306440150E+00    0.2930142944E+00    0.3628447151E+00    0.4386804247E+00    0.5188930496E+00    0.6018624929E+00    0.6860971165E+00    0.7703054361E+00    0.8534289664E+00    0.9346412249E+00    0.1013329739E+01
        0.1920722248    0.4730193408E-01    0.7464927980E-01    0.1083677739E+00    0.1501962040E+00    0.2017589151E+00    0.2636919643E+00    0.3355841526E+00    0.4162402595E+00    0.5039923323E+00    0.5969660680E+00    0.6932892171E+00    0.7912310227E+00    0.8892865308E+00    0.9862163161E+00    0.1081047030E+01    0.1173052059E+01
        0.2102977595    0.5030980264E-01    0.7928771577E-01    0.1152840270E+00    0.1605413520E+00    0.2170610052E+00    0.2856840160E+00    0.3660531465E+00    0.4568941075E+00    0.5563548269E+00    0.6623073849E+00    0.7725924550E+00    0.8851883644E+00    0.9983172021E+00    0.1110498484E+01    0.1220555893E+01    0.1327599178E+01
        0.2302526962    0.5093226450E-01    0.8033341512E-01    0.1173720458E+00    0.1648833090E+00    0.2253458918E+00    0.2999202442E+00    0.3883957848E+00    0.4894706341E+00    0.6011172309E+00    0.7209278475E+00    0.8464066932E+00    0.9751799224E+00    0.1105132597E+01    0.1234482520E+01    0.1361796678E+01    0.1485975874E+01
        0.2521011363    0.5378491977E-01    0.8454847042E-01    0.1235631502E+00    0.1742438558E+00    0.2395512627E+00    0.3209737001E+00    0.4184578536E+00    0.5306910425E+00    0.6554923908E+00    0.7901969813E+00    0.9319904143E+00    0.1078156561E+01    0.1226244726E+01    0.1374164899E+01    0.1520216009E+01    0.1663075541E+01
        0.2760227522    0.5338654440E-01    0.8387955060E-01    0.1231368290E+00    0.1752336204E+00    0.2437420726E+00    0.3306375004E+00    0.4361646642E+00    0.5590918361E+00    0.6971191288E+00    0.8473088001E+00    0.1006477094E+01    0.1171495355E+01    0.1339500228E+01    0.1508019289E+01    0.1675016277E+01    0.1838888031E+01
        0.3022142655    0.4978222628E-01    0.7852067124E-01    0.1164828799E+00    0.1684695860E+00    0.2387978579E+00    0.3300942314E+00    0.4430382170E+00    0.5765561613E+00    0.7282439246E+00    0.8948576815E+00    0.1072782155E+01    0.1258401644E+01    0.1448364779E+01    0.1639747291E+01    0.1830117344E+01    0.2017540616E+01
        0.3308910644    0.4581323544E-01    0.7253136752E-01    0.1088057479E+00    0.1601687884E+00    0.2317617811E+00    0.3269832771E+00    0.4470713861E+00    0.5912100881E+00    0.7569542908E+00    0.9407808879E+00    0.1138639410E+01    0.1346401195E+01    0.1560186865E+01    0.1776573267E+01    0.1992684246E+01    0.2206207520E+01
        0.3622889751    0.3844285833E-01    0.6185046590E-01    0.9519639239E-01    0.1447850014E+00    0.2167240642E+00    0.3153635735E+00    0.4426354911E+00    0.5980411767E+00    0.7790893236E+00    0.9819317247E+00    0.1202017373E+01    0.1434632836E+01    0.1675299427E+01    0.1920027967E+01    0.2165436849E+01    0.2408781692E+01
        0.3966662010    0.3162123449E-01    0.5197442560E-01    0.8254777283E-01    0.1304034023E+00    0.2027043190E+00    0.3049040139E+00    0.4397941754E+00    0.6073384789E+00    0.8051040504E+00    0.1028973507E+01    0.1273903092E+01    0.1534562001E+01    0.1805811202E+01    0.2083018812E+01    0.2362216214E+01    0.2640148243E+01
        0.4343054463    0.2522498455E-01    0.4279478951E-01    0.7081859888E-01    0.1171275449E+00    0.1900752090E+00    0.2964303923E+00    0.4400675064E+00    0.6215965150E+00    0.8387585410E+00    0.1087204870E+01    0.1361367072E+01    0.1655213814E+01    0.1962833036E+01    0.2278827197E+01    0.2598521220E+01    0.2918041429E+01
        0.4755162407    0.2123712188E-01    0.3678851321E-01    0.6283968877E-01    0.1080670259E+00    0.1822253628E+00    0.2937295362E+00    0.4479015572E+00    0.6462914229E+00    0.8869727776E+00    0.1165381648E+01    0.1475330369E+01    0.1809926372E+01    0.2162297421E+01    0.2526094799E+01    0.2895769037E+01    0.3266684719E+01
        0.5206374847    0.1919796190E-01    0.3322470256E-01    0.5769093599E-01    0.1023056093E+00    0.1785712222E+00    0.2970193677E+00    0.4648659221E+00    0.6848862322E+00    0.9555668388E+00    0.1272038138E+01    0.1627296856E+01    0.2013346165E+01    0.2422105439E+01    0.2846045707E+01    0.3278544433E+01    0.3714039614E+01
        0.5700402368    0.1793398039E-01    0.3062954727E-01    0.5380008925E-01    0.9845632132E-01    0.1783122848E+00    0.3065806066E+00    0.4928327233E+00    0.7413016369E+00    0.1050887693E+01    0.1416250769E+01    0.1829315838E+01    0.2280691167E+01    0.2760799576E+01    0.3260668233E+01    0.3772373367E+01    0.4289237347E+01
        0.6241307649    0.1602935411E-01    0.2752517708E-01    0.4985085545E-01    0.9558485895E-01    0.1811845296E+00    0.3231629776E+00    0.5339281295E+00    0.8194047199E+00    0.1178902356E+01    0.1606429388E+01    0.2092552679E+01    0.2626153402E+01    0.3195823601E+01    0.3790839174E+01    0.4401709732E+01    0.5020424097E+01
        0.6833538873    0.1389957125E-01    0.2446719119E-01    0.4646944882E-01    0.9436961412E-01    0.1880206492E+00    0.3480104277E+00    0.5902021578E+00    0.9225261320E+00    0.1344708844E+01    0.1849887451E+01    0.2426920143E+01    0.3062559794E+01    0.3743171955E+01    0.4455925167E+01    0.5189461942E+01    0.5934196573E+01
        0.7481966305    0.1248038894E-01    0.2226922104E-01    0.4422914520E-01    0.9515554342E-01    0.1991242077E+00    0.3817647032E+00    0.6631398737E+00    0.1053530227E+01    0.1553048526E+01    0.2153670510E+01    0.2842119413E+01    0.3602552424E+01    0.4418662022E+01    0.5275118469E+01    0.6158376109E+01    0.7057024618E+01
        0.8191922345    0.1112137682E-01    0.2027137556E-01    0.4250854587E-01    0.9744140239E-01    0.2143327764E+00    0.4249714598E+00    0.7544605944E+00    0.1215796744E+01    0.1809409284E+01    0.2525753548E+01    0.3348920356E+01    0.4259945909E+01    0.5239363785E+01    0.6268934040E+01    0.7332596070E+01    0.8416870675E+01
        0.8969245379    0.9910204981E-02    0.1851782747E-01    0.4130671643E-01    0.1012803210E+00    0.2340382172E+00    0.4788259087E+00    0.8667128224E+00    0.1413756274E+01    0.2120547057E+01    0.2975560465E+01    0.3959673105E+01    0.5050218540E+01    0.6224057175E+01    0.7459621517E+01    0.8738021073E+01    0.1004348720E+02
        0.9820327791    0.8836174953E-02    0.1698450043E-01    0.4061221535E-01    0.1068116153E+00    0.2588707103E+00    0.5449612968E+00    0.1003093914E+01    0.1652662760E+01    0.2494141714E+01    0.3513447675E+01    0.4687577233E+01    0.5989536458E+01    0.7391989973E+01    0.8869642834E+01    0.1040049460E+02    0.1196631228E+02
        1.0752168532    0.7872304947E-02    0.1565863943E-01    0.4045958613E-01    0.1142865627E+00    0.2896864947E+00    0.6253775666E+00    0.1167278439E+01    0.1938267176E+01    0.2938260311E+01    0.4149908245E+01    0.5545588714E+01    0.7093335935E+01    0.8761116594E+01    0.1051955484E+02    0.1234332204E+02    0.1421161570E+02
        1.1772430677    0.7024526939E-02    0.1454782694E-01    0.4090214005E-01    0.1240020381E+00    0.3274376995E+00    0.7221924173E+00    0.1362973680E+01    0.2276096820E+01    0.3460289937E+01    0.4894105190E+01    0.6544517906E+01    0.8373964196E+01    0.1034526908E+02    0.1242470261E+02    0.1458347975E+02    0.1679821613E+02
        1.2889504441    0.6287857096E-02    0.1365181833E-01    0.4199383745E-01    0.1362794673E+00    0.3731145553E+00    0.8374867155E+00    0.1593594754E+01    0.2670891735E+01    0.4066084844E+01    0.5752699705E+01    0.7691526300E+01    0.9838842147E+01    0.1215198662E+02    0.1459271464E+02    0.1712876979E+02    0.1973428238E+02
        1.4112576178    0.5656350107E-02    0.1296652240E-01    0.4378804123E-01    0.1514465531E+00    0.4276709529E+00    0.9731093759E+00    0.1861879773E+01    0.3125979078E+01    0.4759077282E+01    0.6728701000E+01    0.8988732944E+01    0.1148884923E+02    0.1418069652E+02    0.1702148855E+02    0.1997560680E+02    0.2301490500E+02
        1.5451703927    0.5123929887E-02    0.1248545238E-01    0.4633919244E-01    0.1698233971E+00    0.4919529679E+00    0.1130490124E+01    0.2169540924E+01    0.3642750994E+01    0.5539607222E+01    0.7820696614E+01    0.1043240106E+02    0.1331751561E+02    0.1642194693E+02    0.1969848121E+02    0.2310836407E+02    0.2662147895E+02
        1.6917900122    0.4683191219E-02    0.1220126008E-01    0.4970295452E-01    0.1917020125E+00    0.5666163570E+00    0.1310453189E+01    0.2516967378E+01    0.4220300081E+01    0.6404572449E+01    0.9022613924E+01    0.1201290087E+02    0.1531125638E+02    0.1885795771E+02    0.2260159724E+02    0.2650059838E+02    0.3052324473E+02
        1.8523222157    0.4325797853E-02    0.1210648596E-01    0.5393182591E-01    0.2173153011E+00    0.6520339334E+00    0.1513051330E+01    0.2903033355E+01    0.4855307856E+01    0.7347533499E+01    0.1032417381E+02    0.1371561868E+02    0.1745080954E+02    0.2146462908E+02    0.2570178417E+02    0.3011822833E+02    0.3468103175E+02
        2.0280871538    0.4043384986E-02    0.1219485620E-01    0.5907174125E-01    0.2468112789E+00    0.7482335671E+00    0.1737505569E+01    0.3325153792E+01    0.5542382044E+01    0.8359502766E+01    0.1171227012E+02    0.1552301985E+02    0.1971403326E+02    0.2421509313E+02    0.2896733897E+02    0.3392458686E+02    0.3905304505E+02
        2.2205302450    0.3827923280E-02    0.1246097169E-01    0.6515542304E-01    0.2802271724E+00    0.8548666735E+00    0.1982258910E+01    0.3779590634E+01    0.6274805482E+01    0.9430292022E+01    0.1317301151E+02    0.1741742386E+02    0.2207941523E+02    0.2708394008E+02    0.3236883171E+02    0.3788603031E+02    0.4360116008E+02
        2.4312340620    0.3393207780E-02    0.1224078855E-01    0.7032044489E-01    0.3129098763E+00    0.9622013828E+00    0.2229939934E+01    0.4239073152E+01    0.7013781612E+01    0.1050858173E+02    0.1464200745E+02    0.1932107693E+02    0.2445566478E+02    0.2996620798E+02    0.3578749087E+02    0.4186981132E+02    0.4817844320E+02
        2.6619313461    0.3331548808E-02    0.1292355976E-01    0.7847890996E-01    0.3541708788E+00    0.1088128303E+01    0.2510015079E+01    0.4747413933E+01    0.7819972656E+01    0.1167397599E+02    0.1621935444E+02    0.2135554092E+02    0.2698625536E+02    0.3302729730E+02    0.3941033428E+02    0.4608402357E+02    0.5301336489E+02
        2.9145192568    0.3309888021E-02    0.1375698173E-01    0.8753817046E-01    0.3987530554E+00    0.1221800804E+01    0.2803746183E+01    0.5276318756E+01    0.8654513925E+01    0.1287642723E+02    0.1784338593E+02    0.2344715802E+02    0.2958519967E+02    0.3616858899E+02    0.4312584788E+02    0.5040402870E+02    0.5796795368E+02
        3.1910749729    0.3322475324E-02    0.1473028425E-01    0.9743011130E-01    0.4462865963E+00    0.1362209429E+01    0.3109417977E+01    0.5823665708E+01    0.9515297326E+01    0.1411412645E+02    0.1951264835E+02    0.2559469254E+02    0.3225122543E+02    0.3938846979E+02    0.4693176486E+02    0.5482660468E+02    0.6303774552E+02
        3.4938727747    0.3365139778E-02    0.1583364591E-01    0.1080814710E+00    0.4964405159E+00    0.1508631300E+01    0.3426098028E+01    0.6388678913E+01    0.1040194541E+02    0.1538706739E+02    0.2122725804E+02    0.2779803037E+02    0.3498362798E+02    0.4268533026E+02    0.5082531999E+02    0.5934763961E+02    0.6821713839E+02
        3.8254027466    0.3433023225E-02    0.1705297978E-01    0.1194080628E+00    0.5489309153E+00    0.1660600335E+01    0.3753358152E+01    0.6971101068E+01    0.1131419434E+02    0.1669453077E+02    0.2298548708E+02    0.3005392296E+02    0.3777724148E+02    0.4605182314E+02    0.5479683952E+02    0.6395508218E+02    0.7349171993E+02
        4.1883912545    0.3522728282E-02    0.1837667403E-01    0.1313440884E+00    0.6035872124E+00    0.1817918426E+01    0.4091015255E+01    0.7570470780E+01    0.1225064830E+02    0.1803337229E+02    0.2478168298E+02    0.3235361965E+02    0.4061982613E+02    0.4947201025E+02    0.5882662500E+02    0.6862552368E+02    0.7883450140E+02
        4.5858233661    0.3630247251E-02    0.1979102110E-01    0.1438312775E+00    0.6602885421E+00    0.1980383171E+01    0.4438472742E+01    0.8185029760E+01    0.1320734526E+02    0.1939638721E+02    0.2660453782E+02    0.3468108347E+02    0.4349021341E+02    0.5291937685E+02    0.6288275048E+02    0.7332167799E+02    0.8420297622E+02
        5.0209673996    0.3753388651E-02    0.2128805542E-01    0.1568405506E+00    0.7189645122E+00    0.2147681023E+01    0.4794503232E+01    0.8811542857E+01    0.1417782533E+02    0.2077279786E+02    0.2843808598E+02    0.3701451622E+02    0.4636032079E+02    0.5635926059E+02    0.6692380335E+02    0.7799531315E+02    0.8954210785E+02
        5.4974018001    0.3889165454E-02    0.2285844626E-01    0.1703402900E+00    0.7794711474E+00    0.2319121898E+01    0.5156929427E+01    0.9445112379E+01    0.1515325247E+02    0.2214879042E+02    0.3026270423E+02    0.3932783259E+02    0.4919708809E+02    0.5975122020E+02    0.7090163713E+02    0.8259031854E+02    0.9478761770E+02
        6.0190445678    0.4033347635E-02    0.2448957540E-01    0.1842791768E+00    0.8415303378E+00    0.2493579988E+01    0.5522716456E+01    0.1007958267E+02    0.1612323598E+02    0.2350880957E+02    0.3205691603E+02    0.4159300934E+02    0.5196541032E+02    0.6305259293E+02    0.7476559106E+02    0.8704761426E+02    0.9987159414E+02
        6.5901854779    0.4181641489E-02    0.2616817328E-01    0.1985871770E+00    0.9047437380E+00    0.2669611035E+01    0.5888316008E+01    0.1070818978E+02    0.1707681621E+02    0.2483689709E+02    0.3379911170E+02    0.4378223450E+02    0.5463078046E+02    0.6622170789E+02    0.7846636066E+02    0.9130977295E+02    0.1047279643E+03
        7.2155213579    0.4333779871E-02    0.2789244119E-01    0.2132137374E+00    0.9687134511E+00    0.2845756080E+01    0.6250232304E+01    0.1132441849E+02    0.1800361553E+02    0.2611814024E+02    0.3546931080E+02    0.4587001862E+02    0.5716180263E+02    0.6922087011E+02    0.8195953412E+02    0.9532520162E+02    0.1092974272E+03
        7.9001947124    0.4489849624E-02    0.2966042760E-01    0.2280925071E+00    0.1032978827E+01    0.3020450969E+01    0.6604881657E+01    0.1192177585E+02    0.1889349363E+02    0.2733818312E+02    0.3704850848E+02    0.4783236178E+02    0.5952917877E+02    0.7201518691E+02    0.8520430093E+02    0.9904679653E+02    0.1135261342E+03
        8.6498360130    0.4649951618E-02    0.3146866294E-01    0.2431409577E+00    0.1097030655E+01    0.3192065960E+01    0.6948659348E+01    0.1249388848E+02    0.1973668216E+02    0.2848340417E+02    0.3851889199E+02    0.4964699044E+02    0.6170593115E+02    0.7457273439E+02    0.8816352915E+02    0.1024319143E+03    0.1173655785E+03
        9.4706100008    0.4814171195E-02    0.3331209149E-01    0.2582639045E+00    0.1160328707E+01    0.3358948782E+01    0.7278021986E+01    0.1303464139E+02    0.2052399716E+02    0.2954121705E+02    0.3986424441E+02    0.5129387357E+02    0.6366803807E+02    0.7686528602E+02    0.9080455069E+02    0.1054431377E+03    0.1207732414E+03
       10.3692663829    0.4982559095E-02    0.3518423560E-01    0.2733570303E+00    0.1222317622E+01    0.3519467575E+01    0.7589575607E+01    0.1353832641E+02    0.2124705751E+02    0.3050036293E+02    0.4107031837E+02    0.5275568252E+02    0.6539499901E+02    0.7886902978E+02    0.9310001921E+02    0.1080493757E+03    0.1237138653E+03
       11.3531953391    0.5155124387E-02    0.3707747604E-01    0.2883104020E+00    0.1282442898E+01    0.3672055072E+01    0.7880164914E+01    0.1399978964E+02    0.2189849409E+02    0.3135118517E+02    0.4212515211E+02    0.5401817856E+02    0.6687021332E+02    0.8056501727E+02    0.9502842095E+02    0.1102263333E+03    0.1261602675E+03
       12.4304882957    0.5331836886E-02    0.3898338339E-01    0.3030120920E+00    0.1340167044E+01    0.3815251300E+01    0.8146955790E+01    0.1441456165E+02    0.2247212766E+02    0.3208586047E+02    0.4301934866E+02    0.5507049449E+02    0.6808142154E+02    0.8193938940E+02    0.9657457984E+02    0.1119569141E+03    0.1280933857E+03
       13.6100044661    0.5512635369E-02    0.4089306280E-01    0.3173517851E+00    0.1394985435E+01    0.3947743552E+01    0.8387507913E+01    0.1477895646E+02    0.2296311897E+02    0.3269851229E+02    0.4374632519E+02    0.5590525299E+02    0.6902088344E+02    0.8298387618E+02    0.9772936060E+02    0.1132320216E+03    0.1295025358E+03
       14.9014437053    0.5697438559E-02    0.4279748959E-01    0.3312241097E+00    0.1446440514E+01    0.4068402709E+01    0.8599834122E+01    0.1509016233E+02    0.2336803417E+02    0.3318538813E+02    0.4430216591E+02    0.5651902907E+02    0.6968490937E+02    0.8369599190E+02    0.9849027675E+02    0.1140490267E+03    0.1303869985E+03
       16.3154262774    0.5886156948E-02    0.4468782881E-01    0.3445316259E+00    0.1494133358E+01    0.4176307747E+01    0.8782439538E+01    0.1534632753E+02    0.2368485010E+02    0.3354495250E+02    0.4468574349E+02    0.5691170017E+02    0.7007510091E+02    0.8407713853E+02    0.9886224189E+02    0.1144126884E+03    0.1307520432E+03
       17.8635801925    0.6078704332E-02    0.4655574058E-01    0.3571874742E+00    0.1537732993E+01    0.4270759470E+01    0.8934368877E+01    0.1554643868E+02    0.2391323501E+02    0.3377730383E+02    0.4489942442E+02    0.5708603540E+02    0.7019703508E+02    0.8413557912E+02    0.9885270004E+02    0.1143373372E+03    0.1306109948E+03
       19.5586368304    0.6275008261E-02    0.4839367598E-01    0.3691177054E+00    0.1576981981E+01    0.4351306184E+01    0.9055162534E+01    0.1569048312E+02    0.2405403775E+02    0.3388511026E+02    0.4494664343E+02    0.5705021802E+02    0.7005815303E+02    0.8388426992E+02    0.9847843247E+02    0.1138366617E+03    0.1299894164E+03
       21.4145356385    0.6475018672E-02    0.5019513419E-01    0.3802635781E+00    0.1611707668E+01    0.4417737202E+01    0.9144816537E+01    0.1577949674E+02    0.2410915104E+02    0.3387287273E+02    0.4483439653E+02    0.5681195001E+02    0.6967465971E+02    0.8333517388E+02    0.9776029345E+02    0.1129386755E+03    0.1289053847E+03
       23.4465387640    0.6678715530E-02    0.5195482118E-01    0.3905834468E+00    0.1641821602E+01    0.4470037960E+01    0.9204057347E+01    0.1581471936E+02    0.2408292632E+02    0.3374493815E+02    0.4457263818E+02    0.5638373779E+02    0.6905756177E+02    0.8251690523E+02    0.9671290578E+02    0.1116721973E+03    0.1274038532E+03
       25.6713565631    0.6886117147E-02    0.5366875182E-01    0.4000506233E+00    0.1667304329E+01    0.4508550876E+01    0.9233711573E+01    0.1579914918E+02    0.2397842364E+02    0.3351161541E+02    0.4416683667E+02    0.5578437558E+02    0.6822566286E+02    0.8143940548E+02    0.9538651128E+02    0.1100466377E+03    0.1255211545E+03
       28.1072850208    0.7097285900E-02    0.5533454854E-01    0.4086567003E+00    0.1688250510E+01    0.4533670344E+01    0.9235308303E+01    0.1573559374E+02    0.2380246178E+02    0.3317696976E+02    0.4363909493E+02    0.5501255682E+02    0.6721632776E+02    0.8012452753E+02    0.9378209992E+02    0.1081532155E+03    0.1232447023E+03
       30.7743562090    0.7312328791E-02    0.5695149679E-01    0.4164135242E+00    0.1704773554E+01    0.4546030337E+01    0.9211002604E+01    0.1562647817E+02    0.2356304096E+02    0.3275013482E+02    0.4299410305E+02    0.5411174811E+02    0.6600305419E+02    0.7865127977E+02    0.9191262282E+02    0.1059710107E+03    0.1207396857E+03
       33.6945030221    0.7531402741E-02    0.5852009038E-01    0.4233397117E+00    0.1717109071E+01    0.4546782845E+01    0.9161282002E+01    0.1548061651E+02    0.2325622463E+02    0.3225815901E+02    0.4222800288E+02    0.5309741427E+02    0.6465812605E+02    0.7693697978E+02    0.8993905651E+02    0.1034832356E+03    0.1179419366E+03
       36.8917395444    0.7754717115E-02    0.6004302780E-01    0.4294886273E+00    0.1725600500E+01    0.4536048341E+01    0.9091449036E+01    0.1529480095E+02    0.2290752749E+02    0.3167304619E+02    0.4141863876E+02    0.5191283950E+02    0.6323807607E+02    0.7508553963E+02    0.8767884595E+02    0.1009897803E+03    0.1147803449E+03
       40.3923585315    0.7982540324E-02    0.6152356561E-01    0.4348974254E+00    0.1730314433E+01    0.4515990637E+01    0.9002638214E+01    0.1507505281E+02    0.2251745987E+02    0.3103566546E+02    0.4049800590E+02    0.5073064230E+02    0.6157129221E+02    0.7324182322E+02    0.8527182441E+02    0.9814592986E+02    0.1117634998E+03
       44.2251476316    0.8215185829E-02    0.6296753831E-01    0.4396317965E+00    0.1732018971E+01    0.4488126387E+01    0.8891262554E+01    0.1484493227E+02    0.2205829703E+02    0.3039285987E+02    0.3948844779E+02    0.4944309377E+02    0.5997245880E+02    0.7104339725E+02    0.8299832186E+02    0.9515399990E+02    0.1082977073E+03
       48.4216261230    0.8452997236E-02    0.6438228773E-01    0.4438242061E+00    0.1731047927E+01    0.4449721366E+01    0.8776312723E+01    0.1456773443E+02    0.2162156333E+02    0.2961794917E+02    0.3855964096E+02    0.4799149749E+02    0.5830126986E+02    0.6900444057E+02    0.8022745984E+02    0.9245006285E+02    0.1047174294E+03
       53.0163041156    0.8696410813E-02    0.6577212462E-01    0.4474463077E+00    0.1726818914E+01    0.4409267622E+01    0.8642527823E+01    0.1428788281E+02    0.2112452742E+02    0.2890874992E+02    0.3741803031E+02    0.4675511463E+02    0.5635857211E+02    0.6693222755E+02    0.7775368031E+02    0.8907070389E+02    0.1015778843E+03
       58.0469663481    0.8945831728E-02    0.6714965094E-01    0.4506562193E+00    0.1722082942E+01    0.4362536412E+01    0.8493629959E+01    0.1401384918E+02    0.2059133366E+02    0.2816140916E+02    0.3638185679E+02    0.4521424990E+02    0.5480932738E+02    0.6447451482E+02    0.7524927142E+02    0.8619825529E+02    0.9756245791E+02
       63.5549829136    0.9201743511E-02    0.6852595189E-01    0.4537193078E+00    0.1714701706E+01    0.4306672147E+01    0.8364218864E+01    0.1367214515E+02    0.2014241489E+02    0.2730072211E+02    0.3536128240E+02    0.4381910911E+02    0.5283774090E+02    0.6262378297E+02    0.7228339390E+02    0.8320775610E+02    0.9435176478E+02
       69.5856494710    0.9464687792E-02    0.6989376084E-01    0.4561490267E+00    0.1705678947E+01    0.4261799760E+01    0.8190547196E+01    0.1341173181E+02    0.1954423935E+02    0.2665226809E+02    0.3413180852E+02    0.4250267515E+02    0.5108419012E+02    0.6018142375E+02    0.7014676747E+02    0.7977835133E+02    0.9079638715E+02
       76.1885597370    0.9735035643E-02    0.7129982375E-01    0.4590057656E+00    0.1699200827E+01    0.4196718924E+01    0.8057283983E+01    0.1306765239E+02    0.1909821058E+02    0.2575222958E+02    0.3326810673E+02    0.4089745460E+02    0.4944525410E+02    0.5810734299E+02    0.6719404787E+02    0.7735411000E+02    0.8699037254E+02
       83.4180133251    0.1001335917E-01    0.7270439178E-01    0.4613198661E+00    0.1686528467E+01    0.4149765231E+01    0.7894940435E+01    0.1277408976E+02    0.1854574109E+02    0.2507883122E+02    0.3202324571E+02    0.3980395470E+02    0.4748590232E+02    0.5610286562E+02    0.6486409229E+02    0.7387818071E+02    0.8423581365E+02
       91.3334622825    0.1030035959E-01    0.7415683952E-01    0.4638504115E+00    0.1681584806E+01    0.4090727992E+01    0.7740873424E+01    0.1249202625E+02    0.1804446904E+02    0.2429468921E+02    0.3111704209E+02    0.3818110447E+02    0.4614607002E+02    0.5384417119E+02    0.6242701097E+02    0.7135576744E+02    0.8028472636E+02
      100.0000000000    0.1059552251E-01    0.7566749597E-01    0.4669032175E+00    0.1668992230E+01    0.4036578368E+01    0.7616069683E+01    0.1216582753E+02    0.1761743236E+02    0.2357203598E+02    0.3007763181E+02    0.3706787394E+02    0.4413550432E+02    0.5223019582E+02    0.5996339548E+02    0.6840804119E+02    0.7759339301E+02
