               #####        0.2000000000        0.2533333333        0.3066666667        0.3600000000        0.4133333333        0.4666666667        0.5200000000        0.5733333333        0.6266666667        0.6800000000        0.7333333333        0.7866666667        0.8400000000        0.8933333333        0.9466666667        1.0000000000
        0.0010000000    0.1369837048E-07    0.2183652842E-07    0.3168999731E-07    0.4308972625E-07    0.5581964330E-07    0.6962565378E-07    0.8423060993E-07    0.9935133704E-07    0.1147162779E-06    0.1300793696E-06    0.1452301473E-06    0.1599980747E-06    0.1742530775E-06    0.1879031520E-06    0.2008892206E-06    0.2131794831E-06
        0.0010948890    0.1955953094E-07    0.3117978550E-07    0.4524928594E-07    0.6152664909E-07    0.7970335169E-07    0.9941657886E-07    0.1202705988E-06    0.1418610741E-06    0.1638002556E-06    0.1857367967E-06    0.2073701804E-06    0.2284569027E-06    0.2488112337E-06    0.2683018041E-06    0.2868442586E-06    0.3043931904E-06
        0.0011987818    0.2791447682E-07    0.4449837791E-07    0.6457773182E-07    0.8780804741E-07    0.1137490142E-06    0.1418828394E-06    0.1716447523E-06    0.2024577010E-06    0.2337683072E-06    0.2650751453E-06    0.2959493309E-06    0.3260433460E-06    0.3550921255E-06    0.3829081850E-06    0.4093711363E-06    0.4344161770E-06
        0.0013125330    0.3981595946E-07    0.6347049318E-07    0.9211078425E-07    0.1252454659E-06    0.1622464991E-06    0.2023753272E-06    0.2448263867E-06    0.2887765966E-06    0.3334366429E-06    0.3780913145E-06    0.4221288700E-06    0.4650536252E-06    0.5064875032E-06    0.5461630844E-06    0.5839086529E-06    0.6196317772E-06
        0.0014370779    0.5675937538E-07    0.9047993813E-07    0.1313079140E-06    0.1785428384E-06    0.2312894144E-06    0.2884947975E-06    0.3490106222E-06    0.4116635507E-06    0.4753283817E-06    0.5389855509E-06    0.6017629943E-06    0.6629540926E-06    0.7220198809E-06    0.7785791410E-06    0.8323870842E-06    0.8833119456E-06
        0.0015734408    0.8085524746E-07    0.1288910905E-06    0.1870516334E-06    0.2543390459E-06    0.3294779534E-06    0.4109685507E-06    0.4971749607E-06    0.5864257319E-06    0.6771179856E-06    0.7677993245E-06    0.8572274707E-06    0.9443958259E-06    0.1028536620E-05    0.1109106798E-05    0.1185757651E-05    0.1258301477E-05
        0.0017227429    0.1150963111E-06    0.1834746601E-06    0.2662653775E-06    0.3620480656E-06    0.4690072469E-06    0.5850079696E-06    0.7077215854E-06    0.8347688068E-06    0.9638679580E-06    0.1092951572E-05    0.1220251284E-05    0.1344334216E-05    0.1464107456E-05    0.1578797974E-05    0.1687909389E-05    0.1791174508E-05
        0.0018862122    0.1637021620E-06    0.2609570911E-06    0.3787108167E-06    0.5149430989E-06    0.6670717732E-06    0.8320602852E-06    0.1006596585E-05    0.1187296597E-05    0.1370915081E-05    0.1554511467E-05    0.1735570597E-05    0.1912054482E-05    0.2082408668E-05    0.2245533667E-05    0.2400723475E-05    0.2547598062E-05
        0.0020651929    0.2326192659E-06    0.3708176253E-06    0.5381445859E-06    0.7317294054E-06    0.9479028517E-06    0.1182350009E-05    0.1430364484E-05    0.1687137538E-05    0.1948057714E-05    0.2208946489E-05    0.2466229847E-05    0.2717011822E-05    0.2959083552E-05    0.3190882675E-05    0.3411405962E-05    0.3620113398E-05
        0.0022611570    0.3301985824E-06    0.5263685005E-06    0.7638859090E-06    0.1038675844E-05    0.1345529901E-05    0.1678323140E-05    0.2030374926E-05    0.2394859347E-05    0.2765230527E-05    0.3135557133E-05    0.3500765920E-05    0.3856746118E-05    0.4200362290E-05    0.4529396693E-05    0.4842425265E-05    0.5138681462E-05
        0.0024757158    0.4681544470E-06    0.7462835014E-06    0.1083034890E-05    0.1472631141E-05    0.1907687798E-05    0.2379520940E-05    0.2878658785E-05    0.3395423578E-05    0.3920534599E-05    0.4445582422E-05    0.4963374218E-05    0.5468081751E-05    0.5955259609E-05    0.6421763483E-05    0.6865574343E-05    0.7285605385E-05
        0.0027106339    0.6629274863E-06    0.1056770578E-05    0.1533625498E-05    0.2085311091E-05    0.2701370636E-05    0.3369507316E-05    0.4076308670E-05    0.4808070564E-05    0.5551651085E-05    0.6295142116E-05    0.7028358289E-05    0.7743046564E-05    0.8432912039E-05    0.9093502235E-05    0.9721958114E-05    0.1031674072E-04
        0.0029678432    0.9373470744E-06    0.1494221963E-05    0.2168471520E-05    0.2948527992E-05    0.3819606087E-05    0.4764318706E-05    0.5763701283E-05    0.6798376844E-05    0.7849763365E-05    0.8901023349E-05    0.9937755185E-05    0.1094828948E-04    0.1192372554E-04    0.1285776779E-04    0.1374637369E-04    0.1458736721E-04
        0.0032494587    0.1323348836E-05    0.2109546132E-05    0.3061453265E-05    0.4162738852E-05    0.5392528984E-05    0.6726276512E-05    0.8137207215E-05    0.9597964634E-05    0.1108231463E-04    0.1256648597E-04    0.1403014644E-04    0.1545682115E-04    0.1683394409E-04    0.1815262715E-04    0.1940716305E-04    0.2059447969E-04
        0.0035577965    0.1865088349E-05    0.2973131350E-05    0.4314720849E-05    0.5866839883E-05    0.7600069384E-05    0.9479813334E-05    0.1146833695E-04    0.1352708484E-04    0.1561908340E-04    0.1771083017E-04    0.1977366952E-04    0.2178438225E-04    0.2372525819E-04    0.2558377069E-04    0.2735187611E-04    0.2902524470E-04
        0.0038953921    0.2623725376E-05    0.4182472200E-05    0.6069762103E-05    0.8253215822E-05    0.1069144789E-04    0.1333579012E-04    0.1613315886E-04    0.1902931606E-04    0.2197224885E-04    0.2491482743E-04    0.2781674029E-04    0.3064532367E-04    0.3337566369E-04    0.3599013839E-04    0.3847743231E-04    0.4083145457E-04
        0.0042650218    0.3683285036E-05    0.5871512852E-05    0.8520961884E-05    0.1158617689E-04    0.1500905939E-04    0.1872128713E-04    0.2264833927E-04    0.2671407439E-04    0.3084547484E-04    0.3497637801E-04    0.3905019311E-04    0.4302106548E-04    0.4685402008E-04    0.5052431854E-04    0.5401607580E-04    0.5732074125E-04
        0.0046697254    0.5158800491E-05    0.8223627302E-05    0.1193443948E-04    0.1622757251E-04    0.2102165379E-04    0.2622099135E-04    0.3172121144E-04    0.3741567057E-04    0.4320210038E-04    0.4898783370E-04    0.5469360955E-04    0.6025520403E-04    0.6562363118E-04    0.7076424249E-04    0.7565478939E-04    0.8028329591E-04
        0.0051128308    0.7207563216E-05    0.1148955338E-04    0.1667407512E-04    0.2267218025E-04    0.2937017987E-04    0.3663437898E-04    0.4431895288E-04    0.5227490576E-04    0.6035935445E-04    0.6844283000E-04    0.7641459376E-04    0.8418491602E-04    0.9168535655E-04    0.9886750656E-04    0.1057002817E-03    0.1121669499E-03
        0.0055979820    0.1004246632E-04    0.1600866331E-04    0.2323237864E-04    0.3158967871E-04    0.4092215811E-04    0.5104353646E-04    0.6175063279E-04    0.7283584772E-04    0.8410009880E-04    0.9536299389E-04    0.1064702383E-03    0.1172968094E-03    0.1277473479E-03    0.1377544047E-03    0.1472746692E-03    0.1562848283E-03
        0.0061291687    0.1395045445E-04    0.2223837464E-04    0.3227317170E-04    0.4388268372E-04    0.5684686243E-04    0.7090693708E-04    0.8578065958E-04    0.1011796440E-03    0.1168273357E-03    0.1324731435E-03    0.1479027296E-03    0.1629424193E-03    0.1774597446E-03    0.1913610088E-03    0.2045860473E-03    0.2171024745E-03
        0.0067107592    0.1931577316E-04    0.3079121196E-04    0.4468537319E-04    0.6075988177E-04    0.7871005924E-04    0.9817761206E-04    0.1187717400E-03    0.1400931445E-03    0.1617589082E-03    0.1834220634E-03    0.2047858380E-03    0.2256097626E-03    0.2457104220E-03    0.2649580842E-03    0.2832694452E-03    0.3005996644E-03
        0.0073475362    0.2664654733E-04    0.4247717551E-04    0.6164448611E-04    0.8381963528E-04    0.1085823121E-03    0.1354382424E-03    0.1638483084E-03    0.1932616685E-03    0.2231500797E-03    0.2530348917E-03    0.2825067009E-03    0.3112337742E-03    0.3389630864E-03    0.3655156690E-03    0.3907766026E-03    0.4146840284E-03
        0.0080447363    0.3661257521E-04    0.5836398850E-04    0.8470003082E-04    0.1151688679E-03    0.1491929891E-03    0.1860932574E-03    0.2251289205E-03    0.2655431171E-03    0.3066100371E-03    0.3476720110E-03    0.3881665147E-03    0.4276377442E-03    0.4657380409E-03    0.5022215006E-03    0.5369302232E-03    0.5697792144E-03
        0.0088080930    0.5008342874E-04    0.7983783276E-04    0.1158636868E-03    0.1575429134E-03    0.2040855181E-03    0.2545624894E-03    0.3079605295E-03    0.3632443055E-03    0.4194209598E-03    0.4755908466E-03    0.5309844725E-03    0.5849783296E-03    0.6370968453E-03    0.6870036405E-03    0.7344827187E-03    0.7794178141E-03
        0.0096438838    0.6817325665E-04    0.1086747692E-03    0.1577129409E-03    0.2144464483E-03    0.2777999555E-03    0.3465088971E-03    0.4191939783E-03    0.4944459095E-03    0.5709132188E-03    0.6473713135E-03    0.7227727637E-03    0.7962688544E-03    0.8672122391E-03    0.9351450407E-03    0.9997732468E-03    0.1060938597E-02
        0.0105589819    0.9228369497E-04    0.1471091275E-03    0.2134903128E-03    0.2902883740E-03    0.3760476606E-03    0.4690563696E-03    0.5674473945E-03    0.6693130287E-03    0.7728238330E-03    0.8763221227E-03    0.9783900339E-03    0.1077878697E-02    0.1173911828E-02    0.1265869621E-02    0.1353354090E-02    0.1436151007E-02
        0.0115609128    0.1241475543E-03    0.1979031533E-03    0.2872044389E-03    0.3905192779E-03    0.5058893882E-03    0.6310118941E-03    0.7633749987E-03    0.9004122937E-03    0.1039662670E-02    0.1178896084E-02    0.1316205123E-02    0.1450044252E-02    0.1579234643E-02    0.1702942504E-02    0.1820632447E-02    0.1932016296E-02
        0.0126579159    0.1658327372E-03    0.2643533122E-03    0.3836393253E-03    0.5216441780E-03    0.6757520351E-03    0.8428867656E-03    0.1019693172E-02    0.1202743113E-02    0.1388749111E-02    0.1574732344E-02    0.1758144956E-02    0.1936922478E-02    0.2109490284E-02    0.2274734632E-02    0.2431940385E-02    0.2580722619E-02
        0.0138590124    0.2197706404E-03    0.3503354321E-03    0.5084196251E-03    0.6913109141E-03    0.8955426106E-03    0.1117038023E-02    0.1351350635E-02    0.1593937275E-02    0.1840441198E-02    0.2086914720E-02    0.2329981306E-02    0.2566905043E-02    0.2795599182E-02    0.3014587769E-02    0.3222923098E-02    0.3420095080E-02
        0.0151740797    0.2884827582E-03    0.4598689639E-03    0.6673784213E-03    0.9074507300E-03    0.1175535249E-02    0.1466280625E-02    0.1773850074E-02    0.2092279963E-02    0.2415851400E-02    0.2739382469E-02    0.3058441002E-02    0.3369435754E-02    0.3669627617E-02    0.3957079246E-02    0.4230546702E-02    0.4489360477E-02
        0.0166139325    0.3753639729E-03    0.5983653598E-03    0.8683684572E-03    0.1180740325E-02    0.1529559566E-02    0.1907862967E-02    0.2308055756E-02    0.2722378192E-02    0.3143389072E-02    0.3564345970E-02    0.3979482068E-02    0.4384124770E-02    0.4774710273E-02    0.5148718005E-02    0.5504529614E-02    0.5841274158E-02
        0.0181904113    0.4825498303E-03    0.7692284719E-03    0.1116328803E-02    0.1517894334E-02    0.1966312225E-02    0.2452630424E-02    0.2967085131E-02    0.3499700663E-02    0.4040911032E-02    0.4582048747E-02    0.5115700646E-02    0.5635860344E-02    0.6137946913E-02    0.6618720550E-02    0.7076101276E-02    0.7508969900E-02
        0.0199164806    0.6104391146E-03    0.9730934601E-03    0.1412180275E-02    0.1920163318E-02    0.2487411067E-02    0.3102598040E-02    0.3753372156E-02    0.4427113655E-02    0.5111721412E-02    0.5796231264E-02    0.6471266065E-02    0.7129228456E-02    0.7764324396E-02    0.8372456414E-02    0.8950994192E-02    0.9498522745E-02
        0.0218063349    0.7586035904E-03    0.1209276432E-02    0.1754928197E-02    0.2386191347E-02    0.3091094601E-02    0.3855561905E-02    0.4664241982E-02    0.5501451577E-02    0.6352152650E-02    0.7202720713E-02    0.8041503983E-02    0.8859062766E-02    0.9648198540E-02    0.1040382114E-01    0.1112266356E-01    0.1180296893E-01
        0.0238755154    0.9215536386E-03    0.1469025527E-02    0.2131869994E-02    0.2898703964E-02    0.3754981488E-02    0.4683600280E-02    0.5665909783E-02    0.6682857218E-02    0.7716174734E-02    0.8749312653E-02    0.9768118532E-02    0.1076112768E-01    0.1171959824E-01    0.1263734957E-01    0.1351041568E-01    0.1433666476E-01
        0.0261410384    0.1094301830E-02    0.1744387435E-02    0.2531458488E-02    0.3441992251E-02    0.4458710502E-02    0.5561300450E-02    0.6727612334E-02    0.7935020646E-02    0.9161833873E-02    0.1038840250E-01    0.1159792496E-01    0.1277679216E-01    0.1391462863E-01    0.1500410026E-01    0.1604050239E-01    0.1702130794E-01
        0.0286215345    0.1261162419E-02    0.2010357869E-02    0.2917407055E-02    0.3966717178E-02    0.5138367705E-02    0.6408942148E-02    0.7752909049E-02    0.9144191249E-02    0.1055779066E-01    0.1197106498E-01    0.1336465594E-01    0.1472288578E-01    0.1603380399E-01    0.1728896517E-01    0.1848295389E-01    0.1961286368E-01
        0.0313374022    0.1396912421E-02    0.2226735748E-02    0.3231386301E-02    0.4393585502E-02    0.5691261551E-02    0.7098471583E-02    0.8586932020E-02    0.1012775719E-01    0.1169325909E-01    0.1325836123E-01    0.1480162642E-01    0.1630569521E-01    0.1775733716E-01    0.1914720423E-01    0.2046930414E-01    0.2172042300E-01
        0.0343109759    0.1471047812E-02    0.2344910984E-02    0.3402880018E-02    0.4626759429E-02    0.5993306053E-02    0.7475200128E-02    0.9042656862E-02    0.1066525735E-01    0.1231384386E-01    0.1396200881E-01    0.1558717704E-01    0.1717106767E-01    0.1869974797E-01    0.2016337377E-01    0.2155563477E-01    0.2287314662E-01
        0.0375667089    0.1453255128E-02    0.2316589524E-02    0.3361852162E-02    0.4571087867E-02    0.5921353647E-02    0.7385675662E-02    0.8934639376E-02    0.1053819721E-01    0.1216754083E-01    0.1379657283E-01    0.1540297746E-01    0.1696867840E-01    0.1847989381E-01    0.1992688109E-01    0.2130339004E-01    0.2260606278E-01
        0.0411313750    0.1323406765E-02    0.2109724478E-02    0.3061862576E-02    0.4163530964E-02    0.5393893925E-02    0.6728434493E-02    0.8140396742E-02    0.9602428532E-02    0.1108828613E-01    0.1257417673E-01    0.1403973768E-01    0.1546845843E-01    0.1684773550E-01    0.1816864433E-01    0.1942544415E-01    0.2061503349E-01
        0.0450342886    0.1074992885E-02    0.1713987753E-02    0.2488009074E-02    0.3383961362E-02    0.4385048970E-02    0.5471462239E-02    0.6621536060E-02    0.7813076599E-02    0.9024745145E-02    0.1023715372E-01    0.1143367015E-01    0.1260077195E-01    0.1372810205E-01    0.1480829291E-01    0.1583657106E-01    0.1681031902E-01
        0.0493075457    0.7472834867E-03    0.1191983866E-02    0.1731153170E-02    0.2355937321E-02    0.3054895726E-02    0.3814449155E-02    0.4619661435E-02    0.5455147841E-02    0.6306035669E-02    0.7158735253E-02    0.8001517148E-02    0.8824778570E-02    0.9621102246E-02    0.1038515143E-01    0.1111340705E-01    0.1180387095E-01
        0.0539862877    0.4238923824E-03    0.6769058857E-03    0.9844220040E-03    0.1341795139E-02    0.1742890474E-02    0.2180293994E-02    0.2645720151E-02    0.3130506288E-02    0.3626155559E-02    0.4124788678E-02    0.4619497988E-02    0.5104529532E-02    0.5575346902E-02    0.6028597726E-02    0.6461982765E-02    0.6874099208E-02
        0.0591089906    0.1873759667E-03    0.3001826526E-03    0.4382446081E-03    0.5999862831E-03    0.7831453058E-03    0.9848094036E-03    0.1201551352E-02    0.1429621282E-02    0.1665184488E-02    0.1904539658E-02    0.2144309446E-02    0.2381560316E-02    0.2613869430E-02    0.2839342803E-02    0.3056580416E-02    0.3264621565E-02
        0.0647177816    0.7111965384E-04    0.1148837128E-03    0.1693745109E-03    0.2344619669E-03    0.3097265952E-03    0.3944186960E-03    0.4874653863E-03    0.5875181888E-03    0.6930415461E-03    0.8024142011E-03    0.9140351759E-03    0.1026407967E-02    0.1138203816E-02    0.1248300795E-02    0.1355792906E-02    0.1459983479E-02
        0.0708587849    0.4056471723E-04    0.6593373488E-04    0.9791041866E-04    0.1366201458E-03    0.1820100133E-03    0.2338020785E-03    0.2914786627E-03    0.3542990181E-03    0.4213495524E-03    0.4916100473E-03    0.5640288323E-03    0.6375875231E-03    0.7113533058E-03    0.7845148530E-03    0.8563968631E-03    0.9264621082E-03
        0.0775825017    0.4644350931E-04    0.7491928713E-04    0.1102736298E-03    0.1523675729E-03    0.2008746388E-03    0.2552603239E-03    0.3147920606E-03    0.3785739098E-03    0.4456054865E-03    0.5148469449E-03    0.5852850152E-03    0.6559839135E-03    0.7261223552E-03    0.7950151620E-03    0.8621162768E-03    0.9270124079E-03
        0.0849442250    0.4022958875E-04    0.6471028465E-04    0.9492585536E-04    0.1306637237E-03    0.1715540491E-03    0.2170627134E-03    0.2665087330E-03    0.3190995016E-03    0.3739824260E-03    0.4302978086E-03    0.4872296089E-03    0.5440420174E-03    0.6001040670E-03    0.6549019496E-03    0.7080371284E-03    0.7592179357E-03
        0.0930044946    0.1618440488E-04    0.2625906736E-04    0.3891187172E-04    0.5416682673E-04    0.7197661053E-04    0.9220678392E-04    0.1146326558E-03    0.1389480196E-03    0.1647861906E-03    0.1917462897E-03    0.2194220522E-03    0.2474258795E-03    0.2754076480E-03    0.3030670475E-03    0.3301577936E-03    0.3564872568E-03
        0.1018295948    0.4166068776E-06    0.1055043076E-05    0.2214236628E-05    0.4078351590E-05    0.6816117295E-05    0.1055869076E-04    0.1538260176E-04    0.2130089315E-04    0.2826414879E-04    0.3616960403E-04    0.4487597069E-04    0.5421971735E-04    0.6403047776E-04    0.7414372946E-04    0.8440921556E-04    0.9469595948E-04
        0.1114920997    0.2387304400E-05    0.4062257005E-05    0.6343288820E-05    0.9324325731E-05    0.1308139062E-04    0.1765951288E-04    0.2306401939E-04    0.2925761254E-04    0.3616405701E-04    0.4367654539E-04    0.5166913457E-04    0.6000813656E-04    0.6856225268E-04    0.7721039699E-04    0.8584627667E-04    0.9438065865E-04
        0.1220714697    0.1001878058E-04    0.1606530560E-04    0.2347905258E-04    0.3218123675E-04    0.4205481078E-04    0.5294568595E-04    0.6466962191E-04    0.7702266988E-04    0.8979447259E-04    0.1027807443E-03    0.1157943047E-03    0.1286721786E-03    0.1412796420E-03    0.1535114272E-03    0.1652898826E-03    0.1765619471E-03
        0.1336547051    0.1752129749E-04    0.2786034386E-04    0.4030944348E-04    0.5461884757E-04    0.7048146750E-04    0.8754837183E-04    0.1054509712E-03    0.1238243264E-03    0.1423294681E-03    0.1606694579E-03    0.1785996345E-03    0.1959302444E-03    0.2125244051E-03    0.2282928338E-03    0.2431858140E-03    0.2571851213E-03
        0.1463370617    0.6483848761E-05    0.1037907269E-04    0.1513743884E-04    0.2069889817E-04    0.2697906101E-04    0.3387104272E-04    0.4125080667E-04    0.4898447094E-04    0.5693701765E-04    0.6498007221E-04    0.7299843419E-04    0.8089393926E-04    0.8858733789E-04    0.9601842982E-04    0.1031444120E-03    0.1099376164E-03
        0.1602228341    0.4347212931E-06    0.8241051926E-06    0.1423214057E-05    0.2286882936E-05    0.3461921251E-05    0.4980124255E-05    0.6853561502E-05    0.9072960875E-05    0.1160947046E-04    0.1441885076E-04    0.1744712567E-04    0.2063619554E-04    0.2392873220E-04    0.2727187316E-04    0.3061936535E-04    0.3393257725E-04
        0.1754262130    0.9922302216E-06    0.1691893773E-05    0.2645761911E-05    0.3891243714E-05    0.5456348543E-05    0.7354309773E-05    0.9580518151E-05    0.1211222707E-04    0.1491112562E-04    0.1792771373E-04    0.2110661787E-04    0.2439149799E-04    0.2772908628E-04    0.3107202958E-04    0.3438029346E-04    0.3762160549E-04
        0.1920722248    0.5645821276E-05    0.8969375932E-05    0.1296378918E-04    0.1754556526E-04    0.2261346113E-04    0.2805385837E-04    0.3374808304E-04    0.3957985682E-04    0.4544223010E-04    0.5124239214E-04    0.5690458768E-04    0.6237064459E-04    0.6759909104E-04    0.7256333078E-04    0.7724902047E-04    0.8165149206E-04
        0.2102977595    0.2824864597E-05    0.4531870557E-05    0.6626067097E-05    0.9084750548E-05    0.1187352722E-04    0.1494667371E-04    0.1824932428E-04    0.2172083018E-04    0.2529897992E-04    0.2892392125E-04    0.3254152213E-04    0.3610544614E-04    0.3957821359E-04    0.4293135995E-04    0.4614469834E-04    0.4920525104E-04
        0.2302526962    0.5970318055E-06    0.1049644677E-05    0.1690495615E-05    0.2552905267E-05    0.3661062285E-05    0.5025453279E-05    0.6640651510E-05    0.8485752585E-05    0.1052728089E-04    0.1272347114E-04    0.1502902896E-04    0.1739924824E-04    0.1979314327E-04    0.2217543324E-04    0.2451731597E-04    0.2679647772E-04
        0.2521011363    0.2684116652E-05    0.4273288604E-05    0.6192113870E-05    0.8404962191E-05    0.1086724197E-04    0.1352745395E-04    0.1633033516E-04    0.1922029066E-04    0.2214481684E-04    0.2505708542E-04    0.2791772092E-04    0.3069543457E-04    0.3336693066E-04    0.3591627849E-04    0.3833380092E-04    0.4061490828E-04
        0.2760227522    0.1889481970E-05    0.3033420790E-05    0.4438153386E-05    0.6088223243E-05    0.7959635182E-05    0.1002015163E-04    0.1223099610E-04    0.1454945379E-04    0.1693205385E-04    0.1933746178E-04    0.2172885465E-04    0.2407529813E-04    0.2635234393E-04    0.2854197154E-04    0.3063192689E-04    0.3261486166E-04
        0.3022142655    0.1220147472E-05    0.2002790437E-05    0.3003027629E-05    0.4226289092E-05    0.5668038774E-05    0.7312207196E-05    0.9131778175E-05    0.1109118229E-04    0.1314998941E-04    0.1526677054E-04    0.1740253998E-04    0.1952309435E-04    0.2160032389E-04    0.2361261337E-04    0.2554444072E-04    0.2738562085E-04
        0.3308910644    0.2181348691E-05    0.3457052981E-05    0.4983158577E-05    0.6725434612E-05    0.8644048885E-05    0.1069580647E-04    0.1283681724E-04    0.1502497080E-04    0.1722210298E-04    0.1939538328E-04    0.2151810075E-04    0.2356969493E-04    0.2553538408E-04    0.2740552759E-04    0.2917473429E-04    0.3084099925E-04
        0.3622889751    0.1363824541E-05    0.2223116058E-05    0.3306334165E-05    0.4611075872E-05    0.6124220810E-05    0.7821444033E-05    0.9668941535E-05    0.1162669537E-04    0.1365255527E-04    0.1570596499E-04    0.1775087172E-04    0.1975734590E-04    0.2170217638E-04    0.2356868125E-04    0.2534590429E-04    0.2702762959E-04
        0.3966662010    0.1925128183E-05    0.3058463510E-05    0.4421305978E-05    0.5986272622E-05    0.7720321069E-05    0.9586373960E-05    0.1154553865E-04    0.1355938501E-04    0.1559213064E-04    0.1761221619E-04    0.1959334469E-04    0.2151477886E-04    0.2336119177E-04    0.2512219621E-04    0.2679157365E-04    0.2836648527E-04
        0.4343054463    0.1667986591E-05    0.2682668944E-05    0.3930334239E-05    0.5394953596E-05    0.7051085772E-05    0.8864912977E-05    0.1079690787E-04    0.1280525416E-04    0.1484937951E-04    0.1689268902E-04    0.1890437400E-04    0.2086008023E-04    0.2274183106E-04    0.2453745506E-04    0.2623963838E-04    0.2784495196E-04
        0.4755162407    0.1790143007E-05    0.2865793891E-05    0.4177059530E-05    0.5702869247E-05    0.7413743323E-05    0.9273289120E-05    0.1124098355E-04    0.1327537427E-04    0.1533718484E-04    0.1739156913E-04    0.1940952212E-04    0.2136829002E-04    0.2325117359E-04    0.2504693746E-04    0.2674890217E-04    0.2835403447E-04
        0.5206374847    0.1905309982E-05    0.3037158395E-05    0.4406433746E-05    0.5987942980E-05    0.7749401906E-05    0.9653113143E-05    0.1165856382E-04    0.1372519826E-04    0.1581503749E-04    0.1789453626E-04    0.1993575781E-04    0.2191669783E-04    0.2382110563E-04    0.2563796071E-04    0.2736064132E-04    0.2898608114E-04
        0.5700402368    0.1914833542E-05    0.3062375671E-05    0.4457529217E-05    0.6075442749E-05    0.7882611717E-05    0.9839081794E-05    0.1190174063E-04    0.1402764755E-04    0.1617694536E-04    0.1831476850E-04    0.2041233632E-04    0.2244715027E-04    0.2440270160E-04    0.2626786499E-04    0.2803600952E-04    0.2970412006E-04
        0.6241307649    0.1993043947E-05    0.3184511652E-05    0.4630186651E-05    0.6303052912E-05    0.8167640563E-05    0.1018253507E-04    0.1230374803E-04    0.1448790599E-04    0.1669493855E-04    0.1888980145E-04    0.2104348330E-04    0.2313319459E-04    0.2514211078E-04    0.2705880984E-04    0.2887641347E-04    0.3059172466E-04
        0.6833538873    0.2075343311E-05    0.3312901412E-05    0.4811629866E-05    0.6542482720E-05    0.8468293770E-05    0.1054649076E-04    0.1273240143E-04    0.1498220860E-04    0.1725542045E-04    0.1951648556E-04    0.2173580536E-04    0.2388998208E-04    0.2596162961E-04    0.2793886012E-04    0.2981444514E-04    0.3158495384E-04
        0.7481966305    0.2157479199E-05    0.3442058724E-05    0.4995661111E-05    0.6787380630E-05    0.8778503189E-05    0.1092537334E-04    0.1318256090E-04    0.1550556828E-04    0.1785314430E-04    0.2018887820E-04    0.2248228364E-04    0.2470913366E-04    0.2685133875E-04    0.2889646775E-04    0.3083691036E-04    0.3266900005E-04
        0.8191922345    0.2242267427E-05    0.3575560499E-05    0.5186155221E-05    0.7041412483E-05    0.9101289580E-05    0.1132121276E-04    0.1365497943E-04    0.1605721617E-04    0.1848562468E-04    0.2090264976E-04    0.2327669036E-04    0.2558253591E-04    0.2780130241E-04    0.2991997090E-04    0.3193053524E-04    0.3382909773E-04
        0.8969245379    0.2329177264E-05    0.3712625001E-05    0.5382038496E-05    0.7303198018E-05    0.9434950870E-05    0.1173190544E-04    0.1414698284E-04    0.1663368717E-04    0.1914839626E-04    0.2165218121E-04    0.2411216981E-04    0.2650207635E-04    0.2880217729E-04    0.3099885024E-04    0.3308369457E-04    0.3505259192E-04
        0.9820327791    0.2418477988E-05    0.3853336468E-05    0.5583040706E-05    0.7572040707E-05    0.9778336416E-05    0.1215577138E-04    0.1465621864E-04    0.1723179156E-04    0.1983729912E-04    0.2243226680E-04    0.2498245073E-04    0.2746043999E-04    0.2984565189E-04    0.3212385772E-04    0.3428626818E-04    0.3632855451E-04
        1.0752168532    0.2509603927E-05    0.3996882186E-05    0.5788143937E-05    0.7846799262E-05    0.1013019047E-04    0.1259132175E-04    0.1518077250E-04    0.1784900835E-04    0.2054908490E-04    0.2323887674E-04    0.2588271799E-04    0.2845205283E-04    0.3092543493E-04    0.3328803225E-04    0.3553067343E-04    0.3764882802E-04
        1.1772430677    0.2602948867E-05    0.4143424162E-05    0.5997255456E-05    0.8127209754E-05    0.1049009091E-04    0.1303787299E-04    0.1571955486E-04    0.1848373073E-04    0.2128157594E-04    0.2406925560E-04    0.2680965894E-04    0.2947307805E-04    0.3203720250E-04    0.3448659979E-04    0.3681172139E-04    0.3900784153E-04
        1.2889504441    0.2697920998E-05    0.4292298678E-05    0.6209851547E-05    0.8412984150E-05    0.1085787434E-04    0.1349517671E-04    0.1627205651E-04    0.1913509496E-04    0.2203352669E-04    0.2492178523E-04    0.2776130686E-04    0.3052122835E-04    0.3317837425E-04    0.3571671261E-04    0.3812632045E-04    0.4040228076E-04
        1.4112576178    0.2794252462E-05    0.4443262622E-05    0.6425844727E-05    0.8704159696E-05    0.1123352746E-04    0.1396299547E-04    0.1683772189E-04    0.1980220328E-04    0.2280370911E-04    0.2579493153E-04    0.2873584778E-04    0.3159443475E-04    0.3434664896E-04    0.3697585783E-04    0.3947176463E-04    0.4182926344E-04
        1.5451703927    0.2891891679E-05    0.4596307198E-05    0.6645342991E-05    0.9000864963E-05    0.1161703307E-04    0.1444105840E-04    0.1741599424E-04    0.2048422175E-04    0.2359103389E-04    0.2668737329E-04    0.2973175047E-04    0.3269097567E-04    0.3554013228E-04    0.3826198405E-04    0.4084585942E-04    0.4328646439E-04
        1.6917900122    0.2990820958E-05    0.4751545708E-05    0.6868610802E-05    0.9303372604E-05    0.1200853683E-04    0.1492933302E-04    0.1800666607E-04    0.2118078832E-04    0.2439500645E-04    0.2759850285E-04    0.3074831063E-04    0.3381006375E-04    0.3675796493E-04    0.3957416917E-04    0.4224762752E-04    0.4477285746E-04
        1.8523222157    0.3090978704E-05    0.4909020381E-05    0.7095730312E-05    0.9611644527E-05    0.1240779113E-04    0.1542734786E-04    0.1860905598E-04    0.2189103067E-04    0.2521458156E-04    0.2852711809E-04    0.3178418313E-04    0.3495022306E-04    0.3799855090E-04    0.4091070676E-04    0.4367526071E-04    0.4628654051E-04
        2.0280871538    0.3192385802E-05    0.5068920500E-05    0.7326927172E-05    0.9925815382E-05    0.1281480744E-04    0.1593500444E-04    0.1922297688E-04    0.2261469239E-04    0.2604944910E-04    0.2947286719E-04    0.3283898357E-04    0.3611104333E-04    0.3926145919E-04    0.4227114886E-04    0.4512829704E-04    0.4782703987E-04
        2.2205302450    0.3295171069E-05    0.5231482224E-05    0.7562415472E-05    0.1024601358E-04    0.1322963374E-04    0.1645229230E-04    0.1984838074E-04    0.2335170458E-04    0.2689953167E-04    0.3043567300E-04    0.3391264092E-04    0.3729246356E-04    0.4054664115E-04    0.4365546060E-04    0.4660671604E-04    0.4939434964E-04
        2.4312340620    0.3387099497E-05    0.5377108874E-05    0.7773711445E-05    0.1053351724E-04    0.1360219099E-04    0.1691689074E-04    0.2041006579E-04    0.2401359122E-04    0.2766291948E-04    0.3130024221E-04    0.3487670628E-04    0.3835324945E-04    0.4170055422E-04    0.4489834214E-04    0.4793405736E-04    0.5080146833E-04
        2.6619313461    0.3492138939E-05    0.5544185306E-05    0.8016213381E-05    0.1086330142E-04    0.1402924736E-04    0.1744912987E-04    0.2105320776E-04    0.2477116839E-04    0.2853640119E-04    0.3228925463E-04    0.3597932005E-04    0.3956629239E-04    0.4301992180E-04    0.4631928517E-04    0.4945142754E-04    0.5240991934E-04
        2.9145192568    0.3599319954E-05    0.5714896551E-05    0.8264035844E-05    0.1120023846E-04    0.1446542561E-04    0.1799257909E-04    0.2170973901E-04    0.2554437090E-04    0.2942776588E-04    0.3329839631E-04    0.3710426945E-04    0.4080381428E-04    0.4436583115E-04    0.4776874009E-04    0.5099917957E-04    0.5405051830E-04
        3.1910749729    0.3707772877E-05    0.5887782669E-05    0.8515001768E-05    0.1154134765E-04    0.1490687124E-04    0.1854245296E-04    0.2237390082E-04    0.2632644058E-04    0.3032924601E-04    0.3431889532E-04    0.3824179599E-04    0.4205509830E-04    0.4572664313E-04    0.4923418699E-04    0.5256395757E-04    0.5570911980E-04
        3.4938727747    0.3817783840E-05    0.6063224666E-05    0.8769617868E-05    0.1188730269E-04    0.1535445917E-04    0.1909985294E-04    0.2304703862E-04    0.2711897754E-04    0.3124270135E-04    0.3535287125E-04    0.3939427539E-04    0.4332276955E-04    0.4710522320E-04    0.5071872107E-04    0.5414907496E-04    0.5738924346E-04
        3.8254027466    0.3929172504E-05    0.6240876970E-05    0.9027359067E-05    0.1223739069E-04    0.1580727907E-04    0.1966366164E-04    0.2372782021E-04    0.2792042988E-04    0.3216635855E-04    0.3639833070E-04    0.4055949822E-04    0.4460440881E-04    0.4849895032E-04    0.5221952856E-04    0.5575153507E-04    0.5908771990E-04
        4.1883912545    0.4042187317E-05    0.6421091933E-05    0.9288724137E-05    0.1259229387E-04    0.1626622508E-04    0.2023500629E-04    0.2441762061E-04    0.2873242938E-04    0.3310211011E-04    0.3745742635E-04    0.4173987321E-04    0.4590267385E-04    0.4991072208E-04    0.5373973623E-04    0.5737468222E-04    0.6080809896E-04
        4.5858233661    0.4156756511E-05    0.6603729236E-05    0.9553509070E-05    0.1295174561E-04    0.1673096632E-04    0.2081348919E-04    0.2511597304E-04    0.2955443871E-04    0.3404934759E-04    0.3852947911E-04    0.4293465192E-04    0.4721674885E-04    0.5133965783E-04    0.5527840151E-04    0.5901751511E-04    0.6254932382E-04
        5.0209673996    0.4272638631E-05    0.6788391753E-05    0.9821144267E-05    0.1331498512E-04    0.1720053279E-04    0.2139791599E-04    0.2582144752E-04    0.3038478523E-04    0.3500615280E-04    0.3961232614E-04    0.4414143100E-04    0.4854399671E-04    0.5278289543E-04    0.5683244727E-04    0.6067675248E-04    0.6430792045E-04
        5.4974018001    0.4390083282E-05    0.6975471767E-05    0.1009220532E-04    0.1368280416E-04    0.1767595887E-04    0.2198958415E-04    0.2653561923E-04    0.3122533081E-04    0.3597467806E-04    0.4070840933E-04    0.4536293708E-04    0.4988742085E-04    0.5424370479E-04    0.5840539798E-04    0.6235616050E-04    0.6608788328E-04
        6.0190445678    0.4508710870E-05    0.7164367894E-05    0.1036583148E-04    0.1405404639E-04    0.1815576085E-04    0.2258665691E-04    0.2725627958E-04    0.3207348341E-04    0.3695194307E-04    0.4181436137E-04    0.4659542232E-04    0.5124290353E-04    0.5571761201E-04    0.5999243953E-04    0.6405060204E-04    0.6788377008E-04
        6.5901854779    0.4628634144E-05    0.7355264454E-05    0.1064229873E-04    0.1442909551E-04    0.1864044300E-04    0.2318976908E-04    0.2798420113E-04    0.3293015771E-04    0.3793900646E-04    0.4293138438E-04    0.4784022993E-04    0.5261192509E-04    0.5720622947E-04    0.6159531039E-04    0.6576193528E-04    0.6969755212E-04
        7.2155213579    0.4749783274E-05    0.7548057308E-05    0.1092146515E-04    0.1480776727E-04    0.1912977446E-04    0.2379863969E-04    0.2871905011E-04    0.3379496553E-04    0.3893542490E-04    0.4405898007E-04    0.4909680757E-04    0.5399388064E-04    0.5870890166E-04    0.6321330670E-04    0.6748941046E-04    0.7152843625E-04
        7.9001947124    0.4872334450E-05    0.7743033730E-05    0.1120375418E-04    0.1519064272E-04    0.1962451187E-04    0.2441421508E-04    0.2946197283E-04    0.3466925946E-04    0.3994275989E-04    0.4519891814E-04    0.5036712962E-04    0.5539094354E-04    0.6022799350E-04    0.6484897639E-04    0.6923574923E-04    0.7337930819E-04
        8.6498360130    0.4995773677E-05    0.7939383904E-05    0.1148800077E-04    0.1557614805E-04    0.2012262689E-04    0.2503397599E-04    0.3020993265E-04    0.3554946910E-04    0.4095690047E-04    0.4634654883E-04    0.5164601657E-04    0.5679741925E-04    0.6175731461E-04    0.6649565536E-04    0.7099383777E-04    0.7524262937E-04
        9.4706100008    0.5120569647E-05    0.8137859054E-05    0.1177529760E-04    0.1596576950E-04    0.2062604357E-04    0.2566031937E-04    0.3096582489E-04    0.3643900390E-04    0.4198177673E-04    0.4750632117E-04    0.5293842762E-04    0.5821876298E-04    0.6330279769E-04    0.6815973248E-04    0.7277049801E-04    0.7712563075E-04
       10.3692663829    0.5245691810E-05    0.8336826961E-05    0.1206328760E-04    0.1635631510E-04    0.2113064141E-04    0.2628812171E-04    0.3172346897E-04    0.3733059274E-04    0.4300901317E-04    0.4866875886E-04    0.5423380415E-04    0.5964336393E-04    0.6485181895E-04    0.6982761618E-04    0.7455121967E-04    0.7901293423E-04
       11.3531953391    0.5372097182E-05    0.8537813328E-05    0.1235418234E-04    0.1675078658E-04    0.2164030091E-04    0.2692221276E-04    0.3248869501E-04    0.3823109777E-04    0.4404651704E-04    0.4984281080E-04    0.5554211927E-04    0.6108219084E-04    0.6641630568E-04    0.7151214954E-04    0.7634971512E-04    0.8091907336E-04
       12.4304882957    0.5499392302E-05    0.8740196843E-05    0.1264708595E-04    0.1714797182E-04    0.2215345821E-04    0.2756064868E-04    0.3325915873E-04    0.3913776154E-04    0.4509111248E-04    0.5102488413E-04    0.5685937004E-04    0.6253084215E-04    0.6799147253E-04    0.7320818052E-04    0.7816048430E-04    0.8283821927E-04
       13.6100044661    0.5626877799E-05    0.8942869287E-05    0.1294039740E-04    0.1754570205E-04    0.2266731315E-04    0.2819994722E-04    0.3403065901E-04    0.4004564136E-04    0.4613710577E-04    0.5220853655E-04    0.5817837813E-04    0.6398142405E-04    0.6956873680E-04    0.7490646832E-04    0.7997366161E-04    0.8475991626E-04
       14.9014437053    0.5755800880E-05    0.9147815564E-05    0.1323699095E-04    0.1794787605E-04    0.2318690388E-04    0.2884637734E-04    0.3481076190E-04    0.4096364137E-04    0.4719475616E-04    0.5340537793E-04    0.5951208144E-04    0.6544816534E-04    0.7116357023E-04    0.7662367207E-04    0.8180703342E-04    0.8670301539E-04
       16.3154262774    0.5884042503E-05    0.9351670033E-05    0.1353199814E-04    0.1834789407E-04    0.2370370522E-04    0.2948933390E-04    0.3558667024E-04    0.4187670307E-04    0.4824671506E-04    0.5459577714E-04    0.6083860447E-04    0.6690700889E-04    0.7274981513E-04    0.7833162736E-04    0.8363053029E-04    0.8863564786E-04
       17.8635801925    0.6013320507E-05    0.9557164664E-05    0.1382937350E-04    0.1875111904E-04    0.2422464640E-04    0.3013743809E-04    0.3636878836E-04    0.4279707029E-04    0.4930708917E-04    0.5579569762E-04    0.6217573632E-04    0.6837751843E-04    0.7434874391E-04    0.8005323895E-04    0.8546860659E-04    0.9058373170E-04
       19.5586368304    0.6142047679E-05    0.9761778275E-05    0.1412546990E-04    0.1915260668E-04    0.2474334057E-04    0.3078274473E-04    0.3714752873E-04    0.4371346126E-04    0.5036288093E-04    0.5699043165E-04    0.6350708776E-04    0.6984167018E-04    0.7594075899E-04    0.8176740578E-04    0.8729873400E-04    0.9252339046E-04
       21.4145356385    0.6271526259E-05    0.9967581702E-05    0.1442328472E-04    0.1955642180E-04    0.2526503957E-04    0.3143178795E-04    0.3793077690E-04    0.4463515564E-04    0.5142478182E-04    0.5819207790E-04    0.6484614107E-04    0.7131429142E-04    0.7754198263E-04    0.8349148722E-04    0.8913944628E-04    0.9447426721E-04
       23.4465387640    0.6403854293E-05    0.1017791037E-04    0.1472764508E-04    0.1996910996E-04    0.2579820010E-04    0.3209508896E-04    0.3873122976E-04    0.4557709476E-04    0.5251000618E-04    0.5942011623E-04    0.6621460372E-04    0.7281925495E-04    0.7917837250E-04    0.8525343270E-04    0.9102058365E-04    0.9646798812E-04
       25.6713565631    0.6538979823E-05    0.1039268245E-04    0.1503843310E-04    0.2039051177E-04    0.2634261658E-04    0.3277239225E-04    0.3954857923E-04    0.4653891628E-04    0.5361813672E-04    0.6067407456E-04    0.6761194979E-04    0.7435598253E-04    0.8084929994E-04    0.8705256538E-04    0.9294142359E-04    0.9850378747E-04
       28.1072850208    0.6676960850E-05    0.1061199071E-04    0.1535578347E-04    0.2082081017E-04    0.2689852562E-04    0.3346399241E-04    0.4038318099E-04    0.4752103892E-04    0.5474965597E-04    0.6195449905E-04    0.6903878798E-04    0.7592514363E-04    0.8255549297E-04    0.8888966921E-04    0.9490280310E-04    0.1005825525E-03
       30.7743562090    0.6817856819E-05    0.1083593008E-04    0.1567983390E-04    0.2126019216E-04    0.2746616902E-04    0.3417019045E-04    0.4123539841E-04    0.4852389039E-04    0.5590505682E-04    0.6326194755E-04    0.7049573998E-04    0.7752742205E-04    0.8429769516E-04    0.9076554486E-04    0.9690557708E-04    0.1027051891E-03
       33.6945030221    0.6961728599E-05    0.1106459769E-04    0.1601072518E-04    0.2170884885E-04    0.2804579384E-04    0.3489129386E-04    0.4210560269E-04    0.4954790761E-04    0.5708484271E-04    0.6459698980E-04    0.7198344078E-04    0.7916351615E-04    0.8607666589E-04    0.9268101003E-04    0.9895061857E-04    0.1048726228E-03
       36.8917395444    0.7108638481E-05    0.1129809282E-04    0.1634860121E-04    0.2216697551E-04    0.2863765247E-04    0.3562761675E-04    0.4299417298E-04    0.5059353681E-04    0.5828952784E-04    0.6596020773E-04    0.7350253887E-04    0.8083413914E-04    0.8789318071E-04    0.9463689979E-04    0.1010388191E-03    0.1070857985E-03
       40.3923585315    0.7258650179E-05    0.1153651696E-04    0.1669360902E-04    0.2263477162E-04    0.2924200274E-04    0.3637947996E-04    0.4390149652E-04    0.5166123374E-04    0.5951963731E-04    0.6735219559E-04    0.7505369650E-04    0.8254001937E-04    0.8974803160E-04    0.9663406691E-04    0.1031710893E-03    0.1093456812E-03
       44.2251476316    0.7411828833E-05    0.1177997382E-04    0.1704589880E-04    0.2311244095E-04    0.2985910798E-04    0.3714721115E-04    0.4482796880E-04    0.5275146383E-04    0.6077570742E-04    0.6877356028E-04    0.7663759000E-04    0.8428190065E-04    0.9164202733E-04    0.9867338223E-04    0.1053483588E-03    0.1116532563E-03
       48.4216261230    0.7568241029E-05    0.1202856938E-04    0.1740562401E-04    0.2360019163E-04    0.3048923715E-04    0.3793114500E-04    0.4577399371E-04    0.5386470240E-04    0.6205828580E-04    0.7022492154E-04    0.7825490998E-04    0.8606054251E-04    0.9357599378E-04    0.1007557350E-03    0.1075715771E-03    0.1140095301E-03
       53.0163041156    0.7727954808E-05    0.1228241189E-04    0.1777294137E-04    0.2409823623E-04    0.3113266490E-04    0.3873162324E-04    0.4673998370E-04    0.5500143485E-04    0.6336793172E-04    0.7170691223E-04    0.7990636171E-04    0.8787672058E-04    0.9555077433E-04    0.1028820334E-03    0.1098417137E-03    0.1164155301E-03
       58.0469663481    0.7891039689E-05    0.1254161192E-04    0.1814801096E-04    0.2460679185E-04    0.3178967177E-04    0.3954899491E-04    0.4772635998E-04    0.5616215685E-04    0.6470521627E-04    0.7322017863E-04    0.8159266536E-04    0.8973122686E-04    0.9756723016E-04    0.1050532046E-03    0.1121597587E-03    0.1188723057E-03
       63.5549829136    0.8057566692E-05    0.1280628243E-04    0.1853099627E-04    0.2512608020E-04    0.3246054420E-04    0.4038361638E-04    0.4873355266E-04    0.5734737455E-04    0.6607072260E-04    0.7476538065E-04    0.8331455633E-04    0.9162487013E-04    0.9962624068E-04    0.1072701955E-03    0.1145267229E-03    0.1213809283E-03
       69.5856494710    0.8227608361E-05    0.1307653876E-04    0.1892206425E-04    0.2565632769E-04    0.3314557471E-04    0.4123585163E-04    0.4976200096E-04    0.5855760482E-04    0.6746504623E-04    0.7634319217E-04    0.8507278555E-04    0.9355847622E-04    0.1017287039E-03    0.1095339731E-03    0.1169436387E-03    0.1239424919E-03
       76.1885597370    0.8401238792E-05    0.1335249873E-04    0.1932138541E-04    0.2619776553E-04    0.3384506204E-04    0.4210607228E-04    0.5081215339E-04    0.5979337545E-04    0.6888879523E-04    0.7795430130E-04    0.8686811982E-04    0.9553288844E-04    0.1038755366E-03    0.1118455245E-03    0.1194115602E-03    0.1265581138E-03
       83.4180133251    0.8578533660E-05    0.1363428264E-04    0.1972913385E-04    0.2675062982E-04    0.3455931121E-04    0.4299465785E-04    0.5188446791E-04    0.6105522538E-04    0.7034259053E-04    0.7959941068E-04    0.8870134216E-04    0.9754896789E-04    0.1060676753E-03    0.1142058580E-03    0.1219315636E-03    0.1292289347E-03
       91.3334622825    0.8759570250E-05    0.1392201335E-04    0.2014548739E-04    0.2731516164E-04    0.3528863370E-04    0.4390199586E-04    0.5297941220E-04    0.6234370493E-04    0.7182706617E-04    0.8127923781E-04    0.9057325208E-04    0.9960759385E-04    0.1083060760E-03    0.1166160029E-03    0.1245047482E-03    0.1319561194E-03
      100.0000000000    0.8944427489E-05    0.1421581632E-04    0.2057062758E-04    0.2789160720E-04    0.3603334759E-04    0.4482848201E-04    0.5409746379E-04    0.6365937605E-04    0.7334286959E-04    0.8299451533E-04    0.9248466600E-04    0.1017096642E-03    0.1105917149E-03    0.1190770106E-03    0.1271322361E-03    0.1347408574E-03
