               #####        0.2000000000        0.2533333333        0.3066666667        0.3600000000        0.4133333333        0.4666666667        0.5200000000        0.5733333333        0.6266666667        0.6800000000        0.7333333333        0.7866666667        0.8400000000        0.8933333333        0.9466666667        1.0000000000
        0.0010000000    0.1513179683E-07    0.2412338550E-07    0.3501270016E-07    0.4761490994E-07    0.6169350523E-07    0.7696994341E-07    0.9313985773E-07    0.1098915847E-06    0.1269255056E-06    0.1439693640E-06    0.1607895318E-06    0.1771960013E-06    0.1930431827E-06    0.2082274624E-06    0.2226816809E-06    0.2363689913E-06
        0.0010948890    0.2156344095E-07    0.3437682956E-07    0.4989455715E-07    0.6785323220E-07    0.8791581892E-07    0.1096853825E-06    0.1327281877E-06    0.1566001008E-06    0.1808741523E-06    0.2051623653E-06    0.2291318101E-06    0.2525117176E-06    0.2750946158E-06    0.2967328514E-06    0.3173307190E-06    0.3368357104E-06
        0.0011987818    0.3071404088E-07    0.4896488252E-07    0.7106766929E-07    0.9664723790E-07    0.1252235294E-06    0.1562311671E-06    0.1890523568E-06    0.2230544932E-06    0.2576294189E-06    0.2922245161E-06    0.3263655735E-06    0.3596669190E-06    0.3918330383E-06    0.4226536202E-06    0.4519923459E-06    0.4797744249E-06
        0.0013125330    0.4372364904E-07    0.6970503678E-07    0.1011699468E-06    0.1375843077E-06    0.1782647216E-06    0.2224063342E-06    0.2691296708E-06    0.3175341718E-06    0.3667540806E-06    0.4160027051E-06    0.4646049714E-06    0.5120118467E-06    0.5578026452E-06    0.6016779732E-06    0.6434437712E-06    0.6829935693E-06
        0.0014370779    0.6220896685E-07    0.9917466729E-07    0.1439421944E-06    0.1957516847E-06    0.2536308173E-06    0.3164344649E-06    0.3829113314E-06    0.4517801210E-06    0.5218090548E-06    0.5918788451E-06    0.6610290118E-06    0.7284784037E-06    0.7936284786E-06    0.8560532657E-06    0.9154766617E-06    0.9717471835E-06
        0.0015734408    0.8844881200E-07    0.1410067070E-06    0.2046572547E-06    0.2783200814E-06    0.3606127413E-06    0.4499070913E-06    0.5444240354E-06    0.6423418236E-06    0.7419091087E-06    0.8415344836E-06    0.9398523353E-06    0.1035752020E-05    0.1128382530E-05    0.1217138217E-05    0.1301626517E-05    0.1381632051E-05
        0.0017227429    0.1256658070E-06    0.2003387197E-06    0.2907717938E-06    0.3954300641E-06    0.5123493898E-06    0.6392165477E-06    0.7735038424E-06    0.9126229751E-06    0.1054085673E-05    0.1195630903E-05    0.1335318436E-05    0.1471570294E-05    0.1603177385E-05    0.1729279220E-05    0.1849318055E-05    0.1962987883E-05
        0.0018862122    0.1784006800E-06    0.2844096175E-06    0.4127923774E-06    0.5613698589E-06    0.7273536868E-06    0.9074599090E-06    0.1098100096E-05    0.1295599781E-05    0.1496426496E-05    0.1697370375E-05    0.1895676978E-05    0.2089106138E-05    0.2275941372E-05    0.2454961092E-05    0.2625373496E-05    0.2786744166E-05
        0.0020651929    0.2530382872E-06    0.4033982559E-06    0.5854926091E-06    0.7962305799E-06    0.1031657226E-05    0.1287114688E-05    0.1557513238E-05    0.1837641110E-05    0.2122487948E-05    0.2407500958E-05    0.2688773321E-05    0.2963127643E-05    0.3228129311E-05    0.3482045657E-05    0.3723753614E-05    0.3952637015E-05
        0.0022611570    0.3585331041E-06    0.5715800244E-06    0.8295918088E-06    0.1128189120E-05    0.1461768162E-05    0.1823729159E-05    0.2206860403E-05    0.2603777260E-05    0.3007380478E-05    0.3411219129E-05    0.3809757583E-05    0.4198493739E-05    0.4573977958E-05    0.4933755201E-05    0.5276234175E-05    0.5600541829E-05
        0.0024757158    0.5074322289E-06    0.8089577386E-06    0.1174122092E-05    0.1596727223E-05    0.2068842094E-05    0.2581126034E-05    0.3123372293E-05    0.3685129365E-05    0.4256349636E-05    0.4827903076E-05    0.5391955084E-05    0.5942133814E-05    0.6473556981E-05    0.6982749960E-05    0.7467460595E-05    0.7926453255E-05
        0.0027106339    0.7172880061E-06    0.1143513671E-05    0.1659696973E-05    0.2257076569E-05    0.2924441457E-05    0.3648588003E-05    0.4415088278E-05    0.5209168358E-05    0.6016625242E-05    0.6824552994E-05    0.7621876873E-05    0.8399589833E-05    0.9150790441E-05    0.9870567082E-05    0.1055573619E-04    0.1120455114E-04
        0.0029678432    0.1012588175E-05    0.1614286630E-05    0.2342977444E-05    0.3186292349E-05    0.4128404935E-05    0.5150675760E-05    0.6232737010E-05    0.7353732399E-05    0.8493611592E-05    0.9634155324E-05    0.1075972944E-04    0.1185761874E-04    0.1291808050E-04    0.1393418106E-04    0.1490142621E-04    0.1581735025E-04
        0.0032494587    0.1427306061E-05    0.2275437520E-05    0.3302572737E-05    0.4491277920E-05    0.5819244824E-05    0.7260199980E-05    0.8785433585E-05    0.1036554725E-04    0.1197227859E-04    0.1357994628E-04    0.1516651290E-04    0.1671405549E-04    0.1820884107E-04    0.1964109617E-04    0.2100448595E-04    0.2229553490E-04
        0.0035577965    0.2008631345E-05    0.3202197008E-05    0.4647672791E-05    0.6320524388E-05    0.8189357763E-05    0.1021719852E-04    0.1236364351E-04    0.1458732042E-04    0.1684845563E-04    0.1911090781E-04    0.2134366381E-04    0.2352150068E-04    0.2562509213E-04    0.2764068403E-04    0.2955936152E-04    0.3137623360E-04
        0.0038953921    0.2821633237E-05    0.4498299645E-05    0.6528838145E-05    0.8878784170E-05    0.1150403696E-04    0.1435265648E-04    0.1736788589E-04    0.2049160675E-04    0.2366794636E-04    0.2684613455E-04    0.2998260518E-04    0.3304192595E-04    0.3599694808E-04    0.3882835044E-04    0.4152360991E-04    0.4407585602E-04
        0.0042650218    0.3955988189E-05    0.6306709297E-05    0.9153566869E-05    0.1244824101E-04    0.1612890172E-04    0.2012272779E-04    0.2435014430E-04    0.2872966711E-04    0.3318296057E-04    0.3763884297E-04    0.4203623318E-04    0.4632545396E-04    0.5046844206E-04    0.5443810887E-04    0.5821689694E-04    0.6179517404E-04
        0.0046697254    0.5534605094E-05    0.8823369615E-05    0.1280625204E-04    0.1741565082E-04    0.2256506327E-04    0.2815260875E-04    0.3406695725E-04    0.4019410715E-04    0.4642446166E-04    0.5265843285E-04    0.5881056460E-04    0.6481135547E-04    0.7060755313E-04    0.7616125953E-04    0.8144791141E-04    0.8645403346E-04
        0.0051128308    0.7725124432E-05    0.1231553617E-04    0.1787478903E-04    0.2430852592E-04    0.3149600781E-04    0.3929503021E-04    0.4755019811E-04    0.5610238673E-04    0.6479861937E-04    0.7349988996E-04    0.8208691847E-04    0.9046269454E-04    0.9855288909E-04    0.1063046049E-03    0.1136835577E-03    0.1206709400E-03
        0.0055979820    0.1075527928E-04    0.1714626524E-04    0.2488611865E-04    0.3384347126E-04    0.4385022470E-04    0.5470839334E-04    0.6620162512E-04    0.7810837387E-04    0.9021565296E-04    0.1023299269E-03    0.1142851259E-03    0.1259461854E-03    0.1372096208E-03    0.1480017866E-03    0.1582749527E-03    0.1680029364E-03
        0.0061291687    0.1493303487E-04    0.2380652069E-04    0.3455282706E-04    0.4698955726E-04    0.6088331694E-04    0.7595921172E-04    0.9191684319E-04    0.1084485991E-03    0.1252587512E-03    0.1420785796E-03    0.1586775018E-03    0.1748679855E-03    0.1905063487E-03    0.2054903408E-03    0.2197536944E-03    0.2332600610E-03
        0.0067107592    0.2067078929E-04    0.3295375499E-04    0.4782914240E-04    0.6504447128E-04    0.8427666849E-04    0.1051452092E-03    0.1272342596E-03    0.1501179963E-03    0.1733870461E-03    0.1966694238E-03    0.2196459414E-03    0.2420570050E-03    0.2637037251E-03    0.2844445660E-03    0.3041878045E-03    0.3228831336E-03
        0.0073475362    0.2851829146E-04    0.4546438763E-04    0.6598710180E-04    0.8973809931E-04    0.1162716515E-03    0.1450627570E-03    0.1755376906E-03    0.2071089395E-03    0.2392116859E-03    0.2713326984E-03    0.3030315971E-03    0.3339502255E-03    0.3638141878E-03    0.3924282215E-03    0.4196657927E-03    0.4454575104E-03
        0.0080447363    0.3920492209E-04    0.6250120986E-04    0.9071438248E-04    0.1233655687E-03    0.1598420045E-03    0.1994219300E-03    0.2413165873E-03    0.2847182540E-03    0.3288504071E-03    0.3730074490E-03    0.4165839515E-03    0.4590875303E-03    0.5001409670E-03    0.5394758402E-03    0.5769182215E-03    0.6123727441E-03
        0.0088080930    0.5368441902E-04    0.8558468610E-04    0.1242177879E-03    0.1689279804E-03    0.2188761710E-03    0.2730739869E-03    0.3304412854E-03    0.3898719383E-03    0.4503025408E-03    0.5107668219E-03    0.5704357083E-03    0.6286349367E-03    0.6848479757E-03    0.7387072903E-03    0.7899747548E-03    0.8385198298E-03
        0.0096438838    0.7319549780E-04    0.1166895953E-03    0.1693635117E-03    0.2303231543E-03    0.2984244352E-03    0.3723196819E-03    0.4505360531E-03    0.5315652503E-03    0.6139572275E-03    0.6963944013E-03    0.7777463044E-03    0.8570935742E-03    0.9337319612E-03    0.1007160395E-02    0.1077054277E-02    0.1143235715E-02
        0.0105589819    0.9932475055E-04    0.1583453001E-03    0.2298226586E-03    0.3125435102E-03    0.4049552802E-03    0.5052290498E-03    0.6113659716E-03    0.7213190388E-03    0.8331202981E-03    0.9449815916E-03    0.1055368771E-02    0.1163034209E-02    0.1267022276E-02    0.1366653110E-02    0.1461486368E-02    0.1551280814E-02
        0.0115609128    0.1340707183E-03    0.2137378978E-03    0.3102195171E-03    0.4218777202E-03    0.5466166723E-03    0.6819673810E-03    0.8252313520E-03    0.9736450099E-03    0.1124551500E-02    0.1275536743E-02    0.1424529693E-02    0.1569846156E-02    0.1710196248E-02    0.1844662420E-02    0.1972650522E-02    0.2093835211E-02
        0.0126579159    0.1799258105E-03    0.2868408174E-03    0.4163211072E-03    0.5661684703E-03    0.7335700063E-03    0.9152117887E-03    0.1107471677E-02    0.1306640068E-02    0.1509150603E-02    0.1711762874E-02    0.1911697120E-02    0.2106692914E-02    0.2295019288E-02    0.2475445123E-02    0.2647173466E-02    0.2809768193E-02
        0.0138590124    0.2399044845E-03    0.3824597071E-03    0.5551022635E-03    0.7549008518E-03    0.9781044383E-03    0.1220293542E-02    0.1476637365E-02    0.1742188290E-02    0.2012189742E-02    0.2282320001E-02    0.2548872039E-02    0.2808831591E-02    0.3059890825E-02    0.3300408676E-02    0.3529323241E-02    0.3746053877E-02
        0.0151740797    0.3175933522E-03    0.5063122882E-03    0.7348614855E-03    0.9993598092E-03    0.1294840703E-02    0.1615452033E-02    0.1954796561E-02    0.2306322084E-02    0.2663729402E-02    0.3021295426E-02    0.3374111643E-02    0.3718187176E-02    0.4050467159E-02    0.4368779913E-02    0.4671720911E-02    0.4958522979E-02
        0.0166139325    0.4170621625E-03    0.6648863661E-03    0.9650147200E-03    0.1312349454E-02    0.1700367029E-02    0.2121379877E-02    0.2566983659E-02    0.3028570046E-02    0.3497863152E-02    0.3967344394E-02    0.4430566297E-02    0.4882287331E-02    0.5318496501E-02    0.5736343436E-02    0.6133985919E-02    0.6510419097E-02
        0.0181904113    0.5427944330E-03    0.8653290553E-03    0.1255934248E-02    0.1707973393E-02    0.2212953602E-02    0.2760865293E-02    0.3340764537E-02    0.3941441196E-02    0.4552118206E-02    0.5163005446E-02    0.5765709185E-02    0.6353406755E-02    0.6920879258E-02    0.7464419688E-02    0.7981634305E-02    0.8471219801E-02
        0.0199164806    0.6994570273E-03    0.1115079169E-02    0.1618414663E-02    0.2200907682E-02    0.2851609287E-02    0.3557613331E-02    0.4304807358E-02    0.5078734858E-02    0.5865498222E-02    0.6652473958E-02    0.7428841982E-02    0.8185809334E-02    0.8916653424E-02    0.9616602142E-02    0.1028257757E-01    0.1091290788E-01
        0.0218063349    0.8914653504E-03    0.1421173844E-02    0.2062666155E-02    0.2805031148E-02    0.3634305948E-02    0.4534028893E-02    0.5486197400E-02    0.6472369012E-02    0.7474815195E-02    0.8477435246E-02    0.9466433523E-02    0.1043060228E-01    0.1136137846E-01    0.1225268845E-01    0.1310062082E-01    0.1390305762E-01
        0.0238755154    0.1122644765E-02    0.1789708742E-02    0.2597531017E-02    0.3532359769E-02    0.4576597455E-02    0.5709493124E-02    0.6908350073E-02    0.8149915778E-02    0.9411839627E-02    0.1067382752E-01    0.1191849885E-01    0.1313173885E-01    0.1430277279E-01    0.1542396633E-01    0.1649041251E-01    0.1749946491E-01
        0.0261410384    0.1395624291E-02    0.2224872369E-02    0.3229083695E-02    0.4391145357E-02    0.5689159800E-02    0.7097299113E-02    0.8587308532E-02    0.1013023957E-01    0.1169826958E-01    0.1326614280E-01    0.1481224212E-01    0.1631902088E-01    0.1777309919E-01    0.1916500927E-01    0.2048868044E-01    0.2174085499E-01
        0.0286215345    0.1711725029E-02    0.2728769880E-02    0.3960378093E-02    0.5385536716E-02    0.6977359044E-02    0.8704122258E-02    0.1053111464E-01    0.1242276916E-01    0.1434490637E-01    0.1626651058E-01    0.1816105415E-01    0.2000701717E-01    0.2178801197E-01    0.2349246064E-01    0.2511296125E-01    0.2664556552E-01
        0.0313374022    0.2071073863E-02    0.3301607275E-02    0.4791720285E-02    0.6515959030E-02    0.8441755476E-02    0.1053066654E-01    0.1274061335E-01    0.1502847431E-01    0.1735281564E-01    0.1967605331E-01    0.2196607048E-01    0.2419683035E-01    0.2634853712E-01    0.2840723028E-01    0.3036401489E-01    0.3221417912E-01
        0.0343109759    0.2473999788E-02    0.3943919609E-02    0.5723906601E-02    0.7783524014E-02    0.1008382763E-01    0.1257881975E-01    0.1521812938E-01    0.1795012612E-01    0.2072520643E-01    0.2349839496E-01    0.2623129922E-01    0.2889281675E-01    0.3145934365E-01    0.3391426661E-01    0.3624704009E-01    0.3845212022E-01
        0.0375667089    0.2922766221E-02    0.4659334022E-02    0.6762236685E-02    0.9195492011E-02    0.1191305675E-01    0.1486050293E-01    0.1797819055E-01    0.2120496867E-01    0.2448209286E-01    0.2775632473E-01    0.3098227414E-01    0.3412319549E-01    0.3715125942E-01    0.4004691814E-01    0.4279781199E-01    0.4539749359E-01
        0.0411313750    0.3426947562E-02    0.5463129328E-02    0.7928916473E-02    0.1078210680E-01    0.1396869231E-01    0.1742476185E-01    0.2108022878E-01    0.2486320153E-01    0.2870462544E-01    0.3254195234E-01    0.3632193278E-01    0.4000148795E-01    0.4354806601E-01    0.4693884700E-01    0.5015945843E-01    0.5320245803E-01
        0.0450342886    0.4001667815E-02    0.6379423053E-02    0.9258967696E-02    0.1259102113E-01    0.1631251443E-01    0.2034871969E-01    0.2461761408E-01    0.2903502565E-01    0.3352011977E-01    0.3799972851E-01    0.4241167188E-01    0.4670567797E-01    0.5084385329E-01    0.5479967978E-01    0.5855651528E-01    0.6210579519E-01
        0.0493075457    0.4681934945E-02    0.7463940143E-02    0.1083312784E-01    0.1473180523E-01    0.1908616237E-01    0.2380863719E-01    0.2880304377E-01    0.3397065338E-01    0.3921670076E-01    0.4445549896E-01    0.4961439720E-01    0.5463469963E-01    0.5947228781E-01    0.6409633690E-01    0.6848756601E-01    0.7263610204E-01
        0.0539862877    0.5512327227E-02    0.8787515794E-02    0.1275381195E-01    0.1734311062E-01    0.2246838562E-01    0.2802631466E-01    0.3390336611E-01    0.3998304761E-01    0.4615367610E-01    0.5231444242E-01    0.5838014255E-01    0.6428200397E-01    0.6996850832E-01    0.7540371750E-01    0.8056522645E-01    0.8544161241E-01
        0.0591089906    0.6518865161E-02    0.1039130040E-01    0.1508018876E-01    0.2050453788E-01    0.2656111628E-01    0.3312736050E-01    0.4006866651E-01    0.4724708437E-01    0.5453063172E-01    0.6180047610E-01    0.6895658200E-01    0.7591828478E-01    0.8262538078E-01    0.8903592018E-01    0.9512382094E-01    0.1008758214E+00
        0.0647177816    0.7697762400E-02    0.1226887938E-01    0.1780233844E-01    0.2420169406E-01    0.3134454043E-01    0.3908568931E-01    0.4726592255E-01    0.5572239937E-01    0.6429976225E-01    0.7285855147E-01    0.8128188641E-01    0.8947553954E-01    0.9736940791E-01    0.1049146182E+00    0.1120808011E+00    0.1188524838E+00
        0.0708587849    0.8981449766E-02    0.1431251003E-01    0.2076395985E-01    0.2822230862E-01    0.3654438700E-01    0.4556066001E-01    0.5508558019E-01    0.6492980960E-01    0.7491319522E-01    0.8487438747E-01    0.9467862772E-01    0.1042170161E+00    0.1134085970E+00    0.1221966767E+00    0.1305458584E+00    0.1384378730E+00
        0.0775825017    0.1018493915E-01    0.1622877908E-01    0.2354205936E-01    0.3199604242E-01    0.4142948991E-01    0.5165162767E-01    0.6245381109E-01    0.7362318674E-01    0.8495720883E-01    0.9627421038E-01    0.1074223670E+00    0.1182779459E+00    0.1287484947E+00    0.1387684574E+00    0.1482962543E+00    0.1573096643E+00
        0.0849442250    0.1108181797E-01    0.1766034282E-01    0.2562470457E-01    0.3483792434E-01    0.4512966060E-01    0.5629771475E-01    0.6811996787E-01    0.8036839648E-01    0.9282436049E-01    0.1052898169E+00    0.1175977706E+00    0.1296096455E+00    0.1412204317E+00    0.1523539297E+00    0.1629603243E+00    0.1730113201E+00
        0.0930044946    0.1168268877E-01    0.1862682773E-01    0.2704562428E-01    0.3680279109E-01    0.4772998973E-01    0.5962509995E-01    0.7226280138E-01    0.8540754962E-01    0.9882904954E-01    0.1123143367E+00    0.1256806352E+00    0.1387723558E+00    0.1514692348E+00    0.1636814901E+00    0.1753482270E+00    0.1864324195E+00
        0.1018295948    0.1241959223E-01    0.1981288743E-01    0.2879185932E-01    0.3922315576E-01    0.5094375995E-01    0.6375383810E-01    0.7742456229E-01    0.9170946224E-01    0.1063608250E+00    0.1211440100E+00    0.1358542401E+00    0.1503134159E+00    0.1643819115E+00    0.1779532693E+00    0.1909533240E+00    0.2033347701E+00
        0.1114920997    0.1393023355E-01    0.2222145260E-01    0.3229605067E-01    0.4401238156E-01    0.5720132179E-01    0.7165110746E-01    0.8711204922E-01    0.1033076411E+00    0.1199547474E+00    0.1367824671E+00    0.1535541869E+00    0.1700629542E+00    0.1861467700E+00    0.2016814538E+00    0.2165799132E+00    0.2307857082E+00
        0.1220714697    0.1637258315E-01    0.2609264984E-01    0.3788824327E-01    0.5159296357E-01    0.6701530366E-01    0.8391140383E-01    0.1019872655E+00    0.1209131600E+00    0.1403518822E+00    0.1599839702E+00    0.1795349125E+00    0.1987662131E+00    0.2174935790E+00    0.2355763340E+00    0.2529164345E+00    0.2694505929E+00
        0.1336547051    0.1883461497E-01    0.2999038517E-01    0.4351820586E-01    0.5923345322E-01    0.7693015327E-01    0.9633438843E-01    0.1171047953E+00    0.1388547247E+00    0.1611917220E+00    0.1837487171E+00    0.2062149133E+00    0.2283203609E+00    0.2498574724E+00    0.2706668812E+00    0.2906368649E+00    0.3096943826E+00
        0.1463370617    0.2006071987E-01    0.3196416671E-01    0.4644636766E-01    0.6335100561E-01    0.8250276650E-01    0.1036322200E+00    0.1263765330E+00    0.1503129775E+00    0.1750094741E+00    0.2000597153E+00    0.2251172185E+00    0.2498745597E+00    0.2740906627E+00    0.2975751321E+00    0.3201897535E+00    0.3418394725E+00
        0.1602228341    0.2050704326E-01    0.3274949934E-01    0.4775552748E-01    0.6543797383E-01    0.8568494640E-01    0.1082518416E+00    0.1327691832E+00    0.1587897258E+00    0.1858473199E+00    0.2134940750E+00    0.2413388312E+00    0.2690232243E+00    0.2962576359E+00    0.3228056421E+00    0.3484887961E+00    0.3731780568E+00
        0.1754262130    0.2248648009E-01    0.3592961805E-01    0.5247275320E-01    0.7206447235E-01    0.9461519685E-01    0.1198611874E+00    0.1473927498E+00    0.1767155699E+00    0.2073140218E+00    0.2386877721E+00    0.2703947236E+00    0.3020215389E+00    0.3332292792E+00    0.3637363555E+00    0.3933263205E+00    0.4218390545E+00
        0.1920722248    0.2601647056E-01    0.4149614772E-01    0.6053260940E-01    0.8306413700E-01    0.1089776243E+00    0.1379526725E+00    0.1695177839E+00    0.2031202741E+00    0.2381894981E+00    0.2741710013E+00    0.3105738941E+00    0.3469325593E+00    0.3828628205E+00    0.4180416252E+00    0.4522178861E+00    0.4852031003E+00
        0.2102977595    0.2793926857E-01    0.4462542110E-01    0.6528404670E-01    0.8990682309E-01    0.1184180619E+00    0.1504993108E+00    0.1856629340E+00    0.2233212681E+00    0.2628507882E+00    0.3036295211E+00    0.3450949865E+00    0.3867014184E+00    0.4279903686E+00    0.4685693210E+00    0.5081271922E+00    0.5464250793E+00
        0.2302526962    0.2903063805E-01    0.4655689201E-01    0.6852121360E-01    0.9501230638E-01    0.1260383457E+00    0.1613220749E+00    0.2003797992E+00    0.2425878588E+00    0.2872535079E+00    0.3336618773E+00    0.3811499879E+00    0.4290617411E+00    0.4768363293E+00    0.5239865698E+00    0.5701199918E+00    0.6149297063E+00
        0.2521011363    0.3258093555E-01    0.5222132786E-01    0.7689599905E-01    0.1067047394E+00    0.1416897297E+00    0.1815795256E+00    0.2258722971E+00    0.2739005214E+00    0.3249072488E+00    0.3780973786E+00    0.4327237801E+00    0.4880326840E+00    0.5433709951E+00    0.5981623523E+00    0.6519350522E+00    0.7043136640E+00
        0.2760227522    0.3528988098E-01    0.5668256548E-01    0.8376328902E-01    0.1167016488E+00    0.1556403274E+00    0.2003588166E+00    0.2503581471E+00    0.3049276106E+00    0.3632312108E+00    0.4243676754E+00    0.4874739216E+00    0.5516627749E+00    0.6161539504E+00    0.6802491138E+00    0.7433683997E+00    0.8050431778E+00
        0.3022142655    0.3752052648E-01    0.6053474320E-01    0.9000391489E-01    0.1262256305E+00    0.1694984433E+00    0.2196816075E+00    0.2762856293E+00    0.3385461419E+00    0.4055255552E+00    0.4761860346E+00    0.5495152922E+00    0.6244569042E+00    0.7000695453E+00    0.7755013259E+00    0.8500364400E+00    0.9230892497E+00
        0.3308910644    0.4136040397E-01    0.6678201652E-01    0.9949684943E-01    0.1399085472E+00    0.1884806092E+00    0.2451681118E+00    0.3095170000E+00    0.3807382366E+00    0.4578167608E+00    0.5395912335E+00    0.6249017486E+00    0.7125097912E+00    0.8012924538E+00    0.8902178856E+00    0.9784063266E+00    0.1065127723E+01
        0.3622889751    0.4409973150E-01    0.7158586455E-01    0.1074008822E+00    0.1521566119E+00    0.2065566682E+00    0.2706895120E+00    0.3441411453E+00    0.4260758817E+00    0.5153614072E+00    0.6106630114E+00    0.7106208888E+00    0.8137601117E+00    0.9187257486E+00    0.1024259458E+01    0.1129276756E+01    0.1232868255E+01
        0.3966662010    0.4804399035E-01    0.7818385273E-01    0.1177852392E+00    0.1676863518E+00    0.2288833834E+00    0.3016565509E+00    0.3856884115E+00    0.4801389350E+00    0.5837792879E+00    0.6950980645E+00    0.8125131558E+00    0.9342722458E+00    0.1058739916E+01    0.1184378966E+01    0.1309849581E+01    0.1434016725E+01
        0.4343054463    0.5157634359E-01    0.8438961183E-01    0.1280478881E+00    0.1837040754E+00    0.2527269687E+00    0.3356403559E+00    0.4322471854E+00    0.5417007619E+00    0.6626518789E+00    0.7933713500E+00    0.9320036384E+00    0.1076457062E+01    0.1224752454E+01    0.1375010792E+01    0.1525578691E+01    0.1675043525E+01
        0.4755162407    0.5571825417E-01    0.9158889757E-01    0.1398753423E+00    0.2021217662E+00    0.2801777542E+00    0.3749074689E+00    0.4863070103E+00    0.6135612624E+00    0.7552024101E+00    0.9092521070E+00    0.1073527505E+01    0.1245523580E+01    0.1422838070E+01    0.1603169628E+01    0.1784476328E+01    0.1965001122E+01
        0.5206374847    0.6000058201E-01    0.9919980854E-01    0.1526677049E+00    0.2224506609E+00    0.3110081581E+00    0.4196484187E+00    0.5486299226E+00    0.6971976333E+00    0.8637540449E+00    0.1046025815E+01    0.1241433988E+01    0.1446970277E+01    0.1659714502E+01    0.1876847676E+01    0.2095851018E+01    0.2314544656E+01
        0.5700402368    0.6452679942E-01    0.1073937905E+00    0.1667041194E+00    0.2451436676E+00    0.3459450736E+00    0.4709952158E+00    0.6209073127E+00    0.7950268512E+00    0.9916158799E+00    0.1208050599E+01    0.1441271074E+01    0.1687655213E+01    0.1943648774E+01    0.2205799300E+01    0.2471004660E+01    0.2736568430E+01
        0.6241307649    0.6937800445E-01    0.1163060589E+00    0.1822250536E+00    0.2706366727E+00    0.3857552532E+00    0.5302183011E+00    0.7051103126E+00    0.9099264246E+00    0.1142772149E+01    0.1400601723E+01    0.1679767273E+01    0.1975896508E+01    0.2284659619E+01    0.2601831425E+01    0.2923599933E+01    0.3246642188E+01
        0.6833538873    0.7453117685E-01    0.1259586167E+00    0.1993798522E+00    0.2993317411E+00    0.4312654449E+00    0.5987786634E+00    0.8035671727E+00    0.1045331504E+01    0.1321995590E+01    0.1629999352E+01    0.1964972783E+01    0.2321626320E+01    0.2694683908E+01    0.3078982382E+01    0.3469852016E+01    0.3863216830E+01
        0.7481966305    0.8000761637E-01    0.1364356390E+00    0.2184075699E+00    0.3317681033E+00    0.4835199076E+00    0.6784780883E+00    0.9191173038E+00    0.1205403565E+01    0.1535038359E+01    0.1903825230E+01    0.2306502124E+01    0.2736657504E+01    0.3187864549E+01    0.3653828346E+01    0.4128851572E+01    0.4607963052E+01
        0.8191922345    0.8583738046E-01    0.1478427762E+00    0.2396006836E+00    0.3686021849E+00    0.5437884958E+00    0.7715043959E+00    0.1055198457E+01    0.1395159609E+01    0.1788799307E+01    0.2231121389E+01    0.2715756300E+01    0.3234921181E+01    0.3780796197E+01    0.4345731340E+01    0.4922810991E+01    0.5506013679E+01
        0.8969245379    0.9205113227E-01    0.1603019943E+00    0.2633082203E+00    0.4106260979E+00    0.6136082684E+00    0.8805023930E+00    0.1215949535E+01    0.1620604574E+01    0.2091479329E+01    0.2622558692E+01    0.3206093434E+01    0.3832628473E+01    0.4492668428E+01    0.5176956199E+01    0.5877149812E+01    0.6586014697E+01
        0.9820327791    0.9868621138E-01    0.1739606296E+00    0.2899521950E+00    0.4587992266E+00    0.6948390030E+00    0.1008659324E+01    0.1406326256E+01    0.1888870857E+01    0.2452732834E+01    0.3090585068E+01    0.3792957682E+01    0.4548365130E+01    0.5345313399E+01    0.6172661555E+01    0.7020422409E+01    0.7879985927E+01
        1.0752168532    0.1057847481E+00    0.1889944159E+00    0.3200416190E+00    0.5142817443E+00    0.7897242968E+00    0.1159796796E+01    0.1632219203E+01    0.2208349535E+01    0.2883793220E+01    0.3649523690E+01    0.4493929078E+01    0.5403074633E+01    0.6363107531E+01    0.7360709339E+01    0.8384028208E+01    0.9422928079E+01
        1.1772430677    0.1134009732E+00    0.2056170077E+00    0.3541924968E+00    0.5784756996E+00    0.9009617212E+00    0.1338469900E+01    0.1900570882E+01    0.2588804538E+01    0.3397557632E+01    0.4315600936E+01    0.5328670038E+01    0.6419903310E+01    0.7572700476E+01    0.8771267642E+01    0.1000168236E+02    0.1125215809E+02
        1.2889504441    0.1215960787E+00    0.2240852569E+00    0.3931507455E+00    0.6530743468E+00    0.1031783486E+01    0.1550073245E+01    0.2219487616E+01    0.3041460679E+01    0.4008617644E+01    0.5106888463E+01    0.6318753507E+01    0.7623896324E+01    0.9002567228E+01    0.1043621238E+02    0.1190866384E+02    0.1340640258E+02
        1.4112576178    0.1304447553E+00    0.2447085777E+00    0.4378145771E+00    0.7401081637E+00    0.1186027965E+01    0.1800923837E+01    0.2598303821E+01    0.3579010592E+01    0.4733170518E+01    0.6043087605E+01    0.7487299149E+01    0.9041473802E+01    0.1068231967E+02    0.1238827449E+02    0.1414080069E+02    0.1592462410E+02
        1.5451703927    0.1400355912E+00    0.2678580408E+00    0.4892625772E+00    0.8420002216E+00    0.1368217883E+01    0.2098337812E+01    0.3047616967E+01    0.4215563072E+01    0.5588842839E+01    0.7145203263E+01    0.8858486157E+01    0.1069978214E+02    0.1264190283E+02    0.1466009080E+02    0.1673338532E+02    0.1884480853E+02
        1.6917900122    0.1504794258E+00    0.2939878683E+00    0.5488015183E+00    0.9616482631E+00    0.1583665961E+01    0.2450725413E+01    0.3579323857E+01    0.4966575165E+01    0.6594487956E+01    0.8435195199E+01    0.1045706308E+02    0.1262607754E+02    0.1491087201E+02    0.1728339496E+02    0.1972029654E+02    0.2220303117E+02
        1.8523222157    0.1619050638E+00    0.3236380129E+00    0.6179850777E+00    0.1102459263E+01    0.1838500140E+01    0.2867557464E+01    0.4206472647E+01    0.5848548509E+01    0.7769710754E+01    0.9935339833E+01    0.1230757203E+02    0.1484684602E+02    0.1751744311E+02    0.2028802946E+02    0.2313299867E+02    0.2603246200E+02
        2.0280871538    0.1744704498E+00    0.3574619896E+00    0.6986723860E+00    0.1268435941E+01    0.2139744592E+01    0.3359385427E+01    0.4943171034E+01    0.6878801736E+01    0.9134513119E+01    0.1166778245E+02    0.1443385355E+02    0.1738730845E+02    0.2048804059E+02    0.2370157223E+02    0.2700027440E+02    0.3036322505E+02
        2.2205302450    0.1883644785E+00    0.3962423663E+00    0.7930658888E+00    0.1464222144E+01    0.2495323302E+01    0.3937740336E+01    0.5804339074E+01    0.8075076685E+01    0.1070879008E+02    0.1365398010E+02    0.1685849679E+02    0.2027093225E+02    0.2384691480E+02    0.2754909410E+02    0.3134814871E+02    0.3522250944E+02
        2.4312340620    0.2038005845E+00    0.4408911294E+00    0.9037200511E+00    0.1695089089E+01    0.2913958699E+01    0.4614880626E+01    0.6805284432E+01    0.9454970467E+01    0.1251168154E+02    0.1591404455E+02    0.1960223682E+02    0.2351893135E+02    0.2761577960E+02    0.3185296037E+02    0.3619987446E+02    0.4063475750E+02
        2.6619313461    0.2210605077E+00    0.4925412401E+00    0.1033696275E+01    0.1967129634E+01    0.3405351998E+01    0.5403924399E+01    0.7961806480E+01    0.1103607790E+02    0.1456183452E+02    0.1846719349E+02    0.2268464108E+02    0.2715121338E+02    0.3181503249E+02    0.3663433108E+02    0.4157771916E+02    0.4662374718E+02
        2.9145192568    0.2404782465E+00    0.5525325873E+00    0.1186536149E+01    0.2287157573E+01    0.3979931620E+01    0.6318417429E+01    0.9289624154E+01    0.1283535887E+02    0.1687678605E+02    0.2133119827E+02    0.2612364369E+02    0.3118600559E+02    0.3646347236E+02    0.4191297402E+02    0.4750288102E+02    0.5321262576E+02
        3.1910749729    0.2624291975E+00    0.6224037001E+00    0.1366229348E+01    0.2662577697E+01    0.4648557998E+01    0.7371876931E+01    0.1080383034E+02    0.1486858867E+02    0.1947246511E+02    0.2452195489E+02    0.2993517874E+02    0.3563953748E+02    0.4157802392E+02    0.4770703388E+02    0.5399531275E+02    0.6042380459E+02
        3.4938727747    0.2873917057E+00    0.7040162479E+00    0.1577395318E+01    0.3101575590E+01    0.5422704065E+01    0.8578024924E+01    0.1251927973E+02    0.1715097474E+02    0.2236405869E+02    0.2805458074E+02    0.3413447800E+02    0.4052751742E+02    0.4717538601E+02    0.5403485781E+02    0.6107573396E+02    0.6828116927E+02
        3.8254027466    0.3158846187E+00    0.7994441718E+00    0.1825046162E+01    0.3612647774E+01    0.6313713123E+01    0.9949826837E+01    0.1444948058E+02    0.1969592960E+02    0.2556464748E+02    0.3194188119E+02    0.3873435027E+02    0.4586323110E+02    0.5326997480E+02    0.6091281699E+02    0.6876335971E+02    0.7680773435E+02
        4.1883912545    0.3485984977E+00    0.9112250281E+00    0.2114961979E+01    0.4205093999E+01    0.7333482969E+01    0.1150049353E+02    0.1660799579E+02    0.2251687258E+02    0.2908736631E+02    0.3619683053E+02    0.4374797235E+02    0.5166065717E+02    0.5987738943E+02    0.6835914025E+02    0.7708010033E+02    0.8603018757E+02
        4.5858233661    0.3862889691E+00    0.1042149987E+01    0.2453250903E+01    0.4888245933E+01    0.8493370517E+01    0.1324211163E+02    0.1900679938E+02    0.2562526583E+02    0.3294307815E+02    0.4082988382E+02    0.4918588038E+02    0.5793120174E+02    0.6701094764E+02    0.7639027956E+02    0.8604675055E+02    0.9597486498E+02
        5.0209673996    0.4298335988E+00    0.1195354104E+01    0.2846420475E+01    0.5671522807E+01    0.9804329171E+01    0.1518593800E+02    0.2165671923E+02    0.2903115907E+02    0.3714099981E+02    0.4584971069E+02    0.5505687066E+02    0.6468482354E+02    0.7468305817E+02    0.8502249575E+02    0.9568470942E+02    0.1066694949E+03
        5.4974018001    0.4803088658E+00    0.1374443416E+01    0.3301519272E+01    0.6564631938E+01    0.1127727575E+02    0.1734297276E+02    0.2456817811E+02    0.3274405868E+02    0.4168970880E+02    0.5126439943E+02    0.6136947415E+02    0.7193181913E+02    0.8290728897E+02    0.9427410183E+02    0.1060182522E+03    0.1181453389E+03
        6.0190445678    0.5390800761E+00    0.1583646209E+01    0.3826332747E+01    0.7577884130E+01    0.1292361763E+02    0.1972469636E+02    0.2775208994E+02    0.3677396529E+02    0.4659836651E+02    0.5708294980E+02    0.6813378538E+02    0.7968498031E+02    0.9170074491E+02    0.1041678684E+03    0.1170767704E+03    0.1304391080E+03
        6.5901854779    0.6076910443E+00    0.1827544253E+01    0.4428838177E+01    0.8721369454E+01    0.1475413926E+02    0.2234159257E+02    0.3121796015E+02    0.4112906791E+02    0.5187409597E+02    0.6331244588E+02    0.7535847969E+02    0.8795638458E+02    0.1010804439E+03    0.1147267535E+03    0.1288897065E+03    0.1435870634E+03
        7.2155213579    0.6878861379E+00    0.2111054963E+01    0.5117123860E+01    0.1000488259E+02    0.1677894513E+02    0.2520305999E+02    0.3497375044E+02    0.4581562065E+02    0.5752198302E+02    0.6995827017E+02    0.8305120056E+02    0.9675775476E+02    0.1110633634E+03    0.1259734216E+03    0.1414855351E+03    0.1576236323E+03
        7.9001947124    0.7815853704E+00    0.2439309498E+01    0.5899146528E+01    0.1143760308E+02    0.1900703209E+02    0.2831682564E+02    0.3902514803E+02    0.5083716232E+02    0.6354437510E+02    0.7702352522E+02    0.9121795047E+02    0.1060995070E+03    0.1216648705E+03    0.1379280426E+03    0.1548892116E+03    0.1725789598E+03
        8.6498360130    0.8909512709E+00    0.2817723304E+01    0.6782859175E+01    0.1302834680E+02    0.2144664479E+02    0.3168938869E+02    0.4337615155E+02    0.5619536659E+02    0.6994210955E+02    0.8451058123E+02    0.9986465273E+02    0.1159919639E+03    0.1328994916E+03    0.1506089732E+03    0.1691233452E+03    0.1884811276E+03
        9.4706100008    0.1018395812E+01    0.3251948574E+01    0.7776144761E+01    0.1478549552E+02    0.2410515589E+02    0.3532584988E+02    0.4802893187E+02    0.6189007667E+02    0.7671479494E+02    0.9242140397E+02    0.1089971121E+03    0.1264447248E+03    0.1447800128E+03    0.1640323556E+03    0.1842089176E+03    0.2053582353E+03
       10.3692663829    0.1166582265E+01    0.3747824883E+01    0.8886755831E+01    0.1671691578E+02    0.2698892637E+02    0.3922974199E+02    0.5298374675E+02    0.6791945380E+02    0.8386117309E+02    0.1007577546E+03    0.1186206485E+03    0.1374658962E+03    0.1573171229E+03    0.1782130034E+03    0.2001675227E+03    0.2232414893E+03
       11.3531953391    0.1338421804E+01    0.4311330493E+01    0.1012225597E+02    0.1882986330E+02    0.3010315215E+02    0.4340287680E+02    0.5823893107E+02    0.7428024274E+02    0.9137949081E+02    0.1095211553E+03    0.1287395147E+03    0.1490617034E+03    0.1705202274E+03    0.1931665670E+03    0.2170241010E+03    0.2421673408E+03
       12.4304882957    0.1537065145E+01    0.4948535749E+01    0.1148995862E+02    0.2113087282E+02    0.3345170723E+02    0.4784522642E+02    0.6379097983E+02    0.8096812791E+02    0.9926776592E+02    0.1187125742E+03    0.1393564378E+03    0.1612370508E+03    0.1843994855E+03    0.2089119744E+03    0.2348083753E+03    0.2621769916E+03
       13.6100044661    0.1765889906E+01    0.5665558680E+01    0.1299685944E+02    0.2362563657E+02    0.3703699597E+02    0.5255486078E+02    0.6963474137E+02    0.8797813032E+02    0.1075238281E+03    0.1283319481E+03    0.1504727279E+03    0.1739971780E+03    0.1989680251E+03    0.2254725392E+03    0.2535536397E+03    0.2833124561E+03
       14.9014437053    0.2028484627E+01    0.6468521825E+01    0.1464955990E+02    0.2631887576E+02    0.4085982646E+02    0.5752796247E+02    0.7576373331E+02    0.9530498503E+02    0.1161451138E+03    0.1383779104E+03    0.1620893039E+03    0.1873496498E+03    0.2142429514E+03    0.2428743008E+03    0.2732926671E+03    0.3056096028E+03
       16.3154262774    0.2328630469E+01    0.7363508617E+01    0.1645418184E+02    0.2921421096E+02    0.4491931275E+02    0.6275892787E+02    0.8217056074E+02    0.1029434003E+03    0.1251283817E+03    0.1488481684E+03    0.1742085805E+03    0.2013054513E+03    0.2302440989E+03    0.2611419288E+03    0.2940508344E+03    0.3290932872E+03
       17.8635801925    0.2670281431E+01    0.8356517468E+01    0.1841627468E+02    0.3231403906E+02    0.4921281419E+02    0.6824055320E+02    0.8884735446E+02    0.1108881010E+03    0.1344695278E+03    0.1597408723E+03    0.1868359422E+03    0.2158788302E+03    0.2469900478E+03    0.2802934759E+03    0.3158436292E+03    0.3537827032E+03
       19.5586368304    0.3057543594E+01    0.9453411869E+01    0.2054071866E+02    0.3561942744E+02    0.5373593058E+02    0.7396431308E+02    0.9578614964E+02    0.1191336196E+03    0.1441638435E+03    0.1710562798E+03    0.1999801579E+03    0.2310841508E+03    0.2644942133E+03    0.3003379570E+03    0.3386872427E+03    0.3797102816E+03
       21.4145356385    0.3494653492E+01    0.1065986536E+02    0.2283162692E+02    0.3913003315E+02    0.5848257413E+02    0.7992075350E+02    0.1029792029E+03    0.1276739451E+03    0.1542072244E+03    0.1827974267E+03    0.2136521137E+03    0.2469313983E+03    0.2827623290E+03    0.3212882515E+03    0.3626104431E+03    0.4069267574E+03
       23.4465387640    0.3985955267E+01    0.1198130107E+02    0.2529224939E+02    0.4284404673E+02    0.6344511464E+02    0.8609999827E+02    0.1104190826E+03    0.1365028360E+03    0.1645972846E+03    0.1949708817E+03    0.2278599058E+03    0.2634254109E+03    0.3018006400E+03    0.3431709768E+03    0.3876555617E+03    0.4354665798E+03
       25.6713565631    0.4535875892E+01    0.1342282624E+02    0.2792488283E+02    0.4675816077E+02    0.6861459145E+02    0.9249219285E+02    0.1180986558E+03    0.1456144381E+03    0.1753349816E+03    0.2075840151E+03    0.2426083006E+03    0.2805675308E+03    0.3216331998E+03    0.3660150537E+03    0.4138468907E+03    0.4653412039E+03
       28.1072850208    0.5148897513E+01    0.1498916274E+02    0.3073079422E+02    0.5086758077E+02    0.7398097644E+02    0.9908784836E+02    0.1260110306E+03    0.1550040468E+03    0.1864251755E+03    0.2206416739E+03    0.2578985999E+03    0.2983731839E+03    0.3422828418E+03    0.3898429163E+03    0.4411750135E+03    0.4965620887E+03
       30.7743562090    0.5829525894E+01    0.1668457346E+02    0.3371015992E+02    0.5516608920E+02    0.7953354766E+02    0.1058782562E+03    0.1341489971E+03    0.1646706623E+03    0.1978721592E+03    0.2341480158E+03    0.2737331329E+03    0.3168688325E+03    0.3637616452E+03    0.4146413598E+03    0.4696720469E+03    0.5291467224E+03
       33.6945030221    0.6582254173E+01    0.1851278539E+02    0.3686201336E+02    0.5964615864E+02    0.8526144585E+02    0.1128552970E+03    0.1425066418E+03    0.1746152008E+03    0.2096823367E+03    0.2480989423E+03    0.2901371651E+03    0.3360537239E+03    0.3860772185E+03    0.4404210922E+03    0.4993516481E+03    0.5631502737E+03
       36.8917395444    0.7411521430E+01    0.2047691203E+02    0.4018420244E+02    0.6429909633E+02    0.9115395694E+02    0.1200117490E+03    0.1510798236E+03    0.1848415812E+03    0.2218574759E+03    0.2625036944E+03    0.3071189191E+03    0.3559431313E+03    0.4092058337E+03    0.4672440035E+03    0.5301965204E+03    0.5985294515E+03
       40.3923585315    0.8321665874E+01    0.2257938034E+02    0.4367336609E+02    0.6911515071E+02    0.9720099258E+02    0.1273413256E+03    0.1598655306E+03    0.1953589280E+03    0.2343905204E+03    0.2773887832E+03    0.3246721974E+03    0.3765345061E+03    0.4332078405E+03    0.4950270456E+03    0.5622867548E+03    0.6352675084E+03
       44.2251476316    0.9316872567E+01    0.2482186384E+02    0.4732495077E+02    0.7408385892E+02    0.1033936105E+03    0.1348367892E+03    0.1688686819E+03    0.2061629718E+03    0.2473037561E+03    0.2927378859E+03    0.3428345398E+03    0.3978085328E+03    0.4580810978E+03    0.5238363339E+03    0.5954969197E+03    0.6735183650E+03
       48.4216261230    0.1040111603E+02    0.2720521967E+02    0.5113327267E+02    0.7919441036E+02    0.1097232281E+03    0.1424948343E+03    0.1780906061E+03    0.2172605170E+03    0.2605970497E+03    0.3085840909E+03    0.3615521291E+03    0.4198647301E+03    0.4837197136E+03    0.5537203880E+03    0.6299166822E+03    0.7130269334E+03
       53.0163041156    0.1157809863E+02    0.2972942868E+02    0.5509151341E+02    0.8443569198E+02    0.1161836251E+03    0.1503128348E+03    0.1875339038E+03    0.2286621974E+03    0.2742732327E+03    0.3249239888E+03    0.3808819012E+03    0.4425736382E+03    0.5103391932E+03    0.5844476396E+03    0.6656327518E+03    0.7539659645E+03
       58.0469663481    0.1285118544E+02    0.3239355761E+02    0.5919182306E+02    0.8979740255E+02    0.1227691048E+03    0.1582865510E+03    0.1972182036E+03    0.2403457087E+03    0.2883885777E+03    0.3417019231E+03    0.4008643231E+03    0.4659873901E+03    0.5377211843E+03    0.6163815249E+03    0.7022597181E+03    0.7964477917E+03
       63.5549829136    0.1422333513E+02    0.3519574440E+02    0.6342554260E+02    0.9526942944E+02    0.1294718230E+03    0.1664304546E+03    0.2071197300E+03    0.2523787344E+03    0.3028468658E+03    0.3590766840E+03    0.4213116086E+03    0.4902533764E+03    0.5658878676E+03    0.6491912549E+03    0.7403716787E+03    0.8398979173E+03
       69.5856494710    0.1569702566E+02    0.3813316453E+02    0.6778308432E+02    0.1008422848E+03    0.1362934329E+03    0.1747383356E+03    0.2172610857E+03    0.2647326765E+03    0.3177440041E+03    0.3768703396E+03    0.4425221146E+03    0.5149899376E+03    0.5951488535E+03    0.6828666863E+03    0.7794498676E+03    0.8851774417E+03
       76.1885597370    0.1727416948E+02    0.4120205050E+02    0.7225469797E+02    0.1065107579E+03    0.1432266887E+03    0.1832147768E+03    0.2276732761E+03    0.2773688873E+03    0.3331113577E+03    0.3951489060E+03    0.4642497377E+03    0.5406632731E+03    0.6248568500E+03    0.7179221408E+03    0.8195146717E+03    0.9314713834E+03
       83.4180133251    0.1895600679E+02    0.4439762450E+02    0.7683023545E+02    0.1122656969E+03    0.1502685296E+03    0.1918973778E+03    0.2382896083E+03    0.2904418122E+03    0.3487460391E+03    0.4140999153E+03    0.4864622411E+03    0.5669756355E+03    0.6557113315E+03    0.7533670599E+03    0.8612637997E+03    0.9789482280E+03
       91.3334622825    0.2074297401E+02    0.4771395599E+02    0.8149841290E+02    0.1181031922E+03    0.1574430179E+03    0.2007274963E+03    0.2492442601E+03    0.3037473167E+03    0.3650037809E+03    0.4332692995E+03    0.5096045521E+03    0.5937500729E+03    0.6873180197E+03    0.7902248347E+03    0.9033233131E+03    0.1028408366E+04
      100.0000000000    0.2263456220E+02    0.5114407789E+02    0.8625048497E+02    0.1240257127E+03    0.1647208413E+03    0.2097746738E+03    0.2604424643E+03    0.3174585801E+03    0.3815442128E+03    0.4532206601E+03    0.5328838172E+03    0.6217479824E+03    0.7193837577E+03    0.8279205753E+03    0.9471509142E+03    0.1078094912E+04
