               #####        0.2000000000        0.2533333333        0.3066666667        0.3600000000        0.4133333333        0.4666666667        0.5200000000        0.5733333333        0.6266666667        0.6800000000        0.7333333333        0.7866666667        0.8400000000        0.8933333333        0.9466666667        1.0000000000
        0.0010000000    0.1039882857E-07    0.1654848884E-07    0.2395577265E-07    0.3246406872E-07    0.4187819161E-07    0.5197600462E-07    0.6252468820E-07    0.7329740724E-07    0.8408808251E-07    0.9472118294E-07    0.1050570681E-06    0.1149918281E-06    0.1244545943E-06    0.1334030258E-06    0.1418174945E-06    0.1496957882E-06
        0.0010948890    0.1454941260E-07    0.2315364566E-07    0.3351746958E-07    0.4542176334E-07    0.5859343525E-07    0.7272168505E-07    0.8748076572E-07    0.1025533033E-06    0.1176509641E-06    0.1325281557E-06    0.1469895018E-06    0.1608896176E-06    0.1741293483E-06    0.1866494529E-06    0.1984224691E-06    0.2094453017E-06
        0.0011987818    0.2031303749E-07    0.3232576360E-07    0.4679512739E-07    0.6341520491E-07    0.8180472157E-07    0.1015297562E-06    0.1221355200E-06    0.1431789139E-06    0.1642573834E-06    0.1850280468E-06    0.2052181309E-06    0.2246246582E-06    0.2431091946E-06    0.2605890312E-06    0.2770258267E-06    0.2924152597E-06
        0.0013125330    0.2830754600E-07    0.4504806535E-07    0.6521206994E-07    0.8837323476E-07    0.1140002287E-06    0.1414883543E-06    0.1702038335E-06    0.1995291790E-06    0.2289034046E-06    0.2578486822E-06    0.2859848846E-06    0.3130291494E-06    0.3387885596E-06    0.3631478549E-06    0.3860536042E-06    0.4074997854E-06
        0.0014370779    0.3939049222E-07    0.6268524538E-07    0.9074384382E-07    0.1229730481E-06    0.1586335008E-06    0.1968837539E-06    0.2368418929E-06    0.2776486725E-06    0.3185234698E-06    0.3588013778E-06    0.3979534421E-06    0.4355860544E-06    0.4714307668E-06    0.5053271926E-06    0.5372009813E-06    0.5670437530E-06
        0.0015734408    0.5474434153E-07    0.8711905562E-07    0.1261144936E-06    0.1709061798E-06    0.2204665658E-06    0.2736262193E-06    0.3291594683E-06    0.3858721458E-06    0.4426793533E-06    0.4986570124E-06    0.5530699903E-06    0.6053712556E-06    0.6551877231E-06    0.7022964898E-06    0.7465942245E-06    0.7880692810E-06
        0.0017227429    0.7600483110E-07    0.1209525756E-06    0.1750922655E-06    0.2372792322E-06    0.3060868691E-06    0.3798915834E-06    0.4569917017E-06    0.5357292908E-06    0.6145981216E-06    0.6923152411E-06    0.7678600203E-06    0.8404729830E-06    0.9096361530E-06    0.9750400606E-06    0.1036541245E-05    0.1094123537E-05
        0.0018862122    0.1054224588E-06    0.1677672029E-06    0.2428616298E-06    0.3291180274E-06    0.4245576220E-06    0.5269284101E-06    0.6338700864E-06    0.7430830158E-06    0.8524779838E-06    0.9602754712E-06    0.1065059815E-05    0.1165777585E-05    0.1261710322E-05    0.1352428775E-05    0.1437733959E-05    0.1517603445E-05
        0.0020651929    0.1460974690E-06    0.2324966046E-06    0.3365646165E-06    0.4561012078E-06    0.5883641370E-06    0.7302325131E-06    0.8784353573E-06    0.1029785769E-05    0.1181388455E-05    0.1330777307E-05    0.1475990458E-05    0.1615568034E-05    0.1748514374E-05    0.1874234610E-05    0.1992452982E-05    0.2103138408E-05
        0.0022611570    0.2022740243E-06    0.3218948567E-06    0.4659784998E-06    0.6314786111E-06    0.8145985183E-06    0.1011017303E-05    0.1216206250E-05    0.1425753048E-05    0.1635649124E-05    0.1842480114E-05    0.2043529788E-05    0.2236776927E-05    0.2420843026E-05    0.2594904482E-05    0.2758579500E-05    0.2911825047E-05
        0.0024757158    0.2797700084E-06    0.4452204235E-06    0.6445059332E-06    0.8734130689E-06    0.1126690563E-05    0.1398362050E-05    0.1682163757E-05    0.1971992912E-05    0.2262305161E-05    0.2548378017E-05    0.2826454597E-05    0.3093739307E-05    0.3348325500E-05    0.3589074036E-05    0.3815456841E-05    0.4027414398E-05
        0.0027106339    0.3865367680E-06    0.6151269199E-06    0.8904644275E-06    0.1206727864E-05    0.1556661957E-05    0.1932009619E-05    0.2324116675E-05    0.2724551395E-05    0.3125653568E-05    0.3520898498E-05    0.3905095586E-05    0.4274382374E-05    0.4626124595E-05    0.4958748386E-05    0.5271524150E-05    0.5564369653E-05
        0.0029678432    0.5333757724E-06    0.8488035893E-06    0.1228737319E-05    0.1665144069E-05    0.2148012407E-05    0.2665948516E-05    0.3207010638E-05    0.3759563967E-05    0.4313038304E-05    0.4858430327E-05    0.5388577613E-05    0.5898150419E-05    0.6383513766E-05    0.6842495902E-05    0.7274090069E-05    0.7678182795E-05
        0.0032494587    0.7349444892E-06    0.1169576034E-05    0.1693091002E-05    0.2294420783E-05    0.2959770509E-05    0.3673440512E-05    0.4418976108E-05    0.5180345568E-05    0.5942984097E-05    0.6694485913E-05    0.7424981834E-05    0.8127127948E-05    0.8795915574E-05    0.9428352233E-05    0.1002305070E-04    0.1057985462E-04
        0.0035577965    0.1011002064E-05    0.1608888565E-05    0.2329044606E-05    0.3156244019E-05    0.4071510351E-05    0.5053246872E-05    0.6078818243E-05    0.7126170943E-05    0.8175269396E-05    0.9209047999E-05    0.1021393054E-04    0.1117981460E-04    0.1209981017E-04    0.1296980073E-04    0.1378787799E-04    0.1455382688E-04
        0.0038953921    0.1388145648E-05    0.2209067358E-05    0.3197869962E-05    0.4333647331E-05    0.5590344047E-05    0.6938306952E-05    0.8346456830E-05    0.9784513333E-05    0.1122496682E-04    0.1264438555E-04    0.1402412885E-04    0.1535032571E-04    0.1661351585E-04    0.1780804714E-04    0.1893129944E-04    0.1998297743E-04
        0.0042650218    0.1901861409E-05    0.3026584397E-05    0.4381316530E-05    0.5937414877E-05    0.7659181603E-05    0.9505989705E-05    0.1143525838E-04    0.1340550132E-04    0.1537902831E-04    0.1732373614E-04    0.1921408571E-04    0.2103107273E-04    0.2276173592E-04    0.2439833146E-04    0.2593726954E-04    0.2737814556E-04
        0.0046697254    0.2599237012E-05    0.4136374052E-05    0.5987860120E-05    0.8114549477E-05    0.1046765459E-04    0.1299165131E-04    0.1562834530E-04    0.1832103802E-04    0.2101821899E-04    0.2367601337E-04    0.2625951738E-04    0.2874275821E-04    0.3110802194E-04    0.3334472524E-04    0.3544796200E-04    0.3741717924E-04
        0.0051128308    0.3541783001E-05    0.5636322980E-05    0.8159202522E-05    0.1105708070E-04    0.1426347844E-04    0.1770273721E-04    0.2129555999E-04    0.2496468799E-04    0.2863993178E-04    0.3226150646E-04    0.3578185129E-04    0.3916557509E-04    0.4238854046E-04    0.4543632629E-04    0.4830224738E-04    0.5098555025E-04
        0.0055979820    0.4809975810E-05    0.7654499779E-05    0.1108073723E-04    0.1501624766E-04    0.1937074808E-04    0.2404148920E-04    0.2892078040E-04    0.3390369916E-04    0.3889492356E-04    0.4381326175E-04    0.4859412309E-04    0.5318944404E-04    0.5756644440E-04    0.6170553933E-04    0.6559764991E-04    0.6924175287E-04
        0.0061291687    0.6507029797E-05    0.1035515772E-04    0.1499023908E-04    0.2031427492E-04    0.2620512865E-04    0.3252379903E-04    0.3912460005E-04    0.4586559046E-04    0.5261781690E-04    0.5927144145E-04    0.6573908462E-04    0.7195572509E-04    0.7787701718E-04    0.8347646613E-04    0.8874178980E-04    0.9367160387E-04
        0.0067107592    0.8763008535E-05    0.1394527739E-04    0.2018733540E-04    0.2735720752E-04    0.3529041255E-04    0.4379975769E-04    0.5268904781E-04    0.6176713079E-04    0.7086034532E-04    0.7982077280E-04    0.8853073941E-04    0.9690268100E-04    0.1048768773E-03    0.1124176479E-03    0.1195084524E-03    0.1261474265E-03
        0.0073475362    0.1173815173E-04    0.1867986106E-04    0.2704117028E-04    0.3664529728E-04    0.4727191758E-04    0.5867028425E-04    0.7057759162E-04    0.8273778922E-04    0.9491825570E-04    0.1069208524E-03    0.1185879538E-03    0.1298022668E-03    0.1404837954E-03    0.1505847451E-03    0.1600829601E-03    0.1689759431E-03
        0.0080447363    0.1562381065E-04    0.2486342133E-04    0.3599255946E-04    0.4877592306E-04    0.6292025405E-04    0.7809180120E-04    0.9394076275E-04    0.1101263283E-03    0.1263388723E-03    0.1423146666E-03    0.1578439073E-03    0.1727704738E-03    0.1869878891E-03    0.2004325378E-03    0.2130749294E-03    0.2249117402E-03
        0.0088080930    0.2063754609E-04    0.3284218013E-04    0.4754269758E-04    0.6442828723E-04    0.8311158347E-04    0.1031517331E-03    0.1240866818E-03    0.1454662519E-03    0.1668814579E-03    0.1879839404E-03    0.2084965686E-03    0.2282131223E-03    0.2469929559E-03    0.2647520392E-03    0.2814514184E-03    0.2970867030E-03
        0.0096438838    0.2700780294E-04    0.4297968010E-04    0.6221785293E-04    0.8431557112E-04    0.1087658997E-03    0.1349919059E-03    0.1623889116E-03    0.1903677814E-03    0.2183932869E-03    0.2460095395E-03    0.2728538657E-03    0.2986563905E-03    0.3232330548E-03    0.3464738905E-03    0.3683279199E-03    0.3887893972E-03
        0.0105589819    0.3494269219E-04    0.5560709817E-04    0.8049742903E-04    0.1090874282E-03    0.1407212203E-03    0.1746523680E-03    0.2100985377E-03    0.2462975062E-03    0.2825567965E-03    0.3182865818E-03    0.3530176375E-03    0.3864008026E-03    0.4181979436E-03    0.4482667868E-03    0.4765413792E-03    0.5030142888E-03
        0.0115609128    0.4456836473E-04    0.7092517785E-04    0.1026720061E-03    0.1391376144E-03    0.1794854444E-03    0.2227634306E-03    0.2679737266E-03    0.3141441400E-03    0.3603914408E-03    0.4059633291E-03    0.4502613312E-03    0.4928401115E-03    0.5333959469E-03    0.5717473794E-03    0.6078102953E-03    0.6415752215E-03
        0.0126579159    0.5583651149E-04    0.8885705813E-04    0.1286303490E-03    0.1743154341E-03    0.2248642427E-03    0.2790839951E-03    0.3357245587E-03    0.3935679438E-03    0.4515076175E-03    0.5086010820E-03    0.5640985589E-03    0.6174421255E-03    0.6682512757E-03    0.7162986798E-03    0.7614789631E-03    0.8037802617E-03
        0.0138590124    0.6838443841E-04    0.1088255432E-03    0.1575368824E-03    0.2134885117E-03    0.2753968213E-03    0.3418009758E-03    0.4111699016E-03    0.4820118952E-03    0.5529717611E-03    0.6228952046E-03    0.6908639613E-03    0.7561947382E-03    0.8184215292E-03    0.8772659263E-03    0.9325988821E-03    0.9844058732E-03
        0.0151740797    0.8138543859E-04    0.1295150322E-03    0.1874871355E-03    0.2540759824E-03    0.3277539170E-03    0.4067823672E-03    0.4893391736E-03    0.5736490358E-03    0.6580991183E-03    0.7413156841E-03    0.8222059014E-03    0.8999565830E-03    0.9740131378E-03    0.1044044238E-02    0.1109896311E-02    0.1171552079E-02
        0.0166139325    0.9332156441E-04    0.1485099196E-03    0.2149842965E-03    0.2913391532E-03    0.3758227830E-03    0.4664416299E-03    0.5611062926E-03    0.6577811024E-03    0.7546166835E-03    0.8500378261E-03    0.9427914239E-03    0.1031945029E-02    0.1116862715E-02    0.1197164564E-02    0.1272674481E-02    0.1343372657E-02
        0.0181904113    0.1028464270E-03    0.1636676109E-03    0.2369267607E-03    0.3210748923E-03    0.4141815237E-03    0.5140496359E-03    0.6183765772E-03    0.7249189077E-03    0.8316384895E-03    0.9367993298E-03    0.1039020413E-02    0.1137274107E-02    0.1230859570E-02    0.1319358093E-02    0.1402575600E-02    0.1480490251E-02
        0.0199164806    0.1071201038E-03    0.1704688429E-03    0.2467726256E-03    0.3344181915E-03    0.4313949190E-03    0.5354145520E-03    0.6440787822E-03    0.7550509411E-03    0.8662081636E-03    0.9757422618E-03    0.1082214761E-02    0.1184555249E-02    0.1282033681E-02    0.1374213881E-02    0.1460893643E-02    0.1542050169E-02
        0.0218063349    0.1039479748E-03    0.1654213397E-03    0.2394667811E-03    0.3245190724E-03    0.4186273628E-03    0.5195713246E-03    0.6250237509E-03    0.7327171551E-03    0.8405914361E-03    0.9468917843E-03    0.1050222113E-02    0.1149543480E-02    0.1244147236E-02    0.1333609913E-02    0.1417735111E-02    0.1496500555E-02
        0.0238755154    0.9429315383E-04    0.1500578444E-03    0.2172281519E-03    0.2943847186E-03    0.3797583224E-03    0.4713351751E-03    0.5670043746E-03    0.6647090158E-03    0.7625801553E-03    0.8590256597E-03    0.9527787202E-03    0.1042896468E-02    0.1128735653E-02    0.1209911749E-02    0.1286246261E-02    0.1357718697E-02
        0.0261410384    0.8121250734E-04    0.1292428626E-03    0.1870984220E-03    0.2535574319E-03    0.3270967267E-03    0.4059823296E-03    0.4883963875E-03    0.5725672986E-03    0.6568851148E-03    0.7399781151E-03    0.8207546596E-03    0.8984020613E-03    0.9723656934E-03    0.1042313813E-02    0.1108092192E-02    0.1169682771E-02
        0.0286215345    0.6814980536E-04    0.1084564555E-03    0.1570100884E-03    0.2127862929E-03    0.2745076302E-03    0.3407195563E-03    0.4098968682E-03    0.4805528751E-03    0.5513362648E-03    0.6210954208E-03    0.6889136240E-03    0.7541081824E-03    0.8162129646E-03    0.8749489282E-03    0.9301860769E-03    0.9819087731E-03
        0.0313374022    0.5749142553E-04    0.9149593957E-04    0.1324596350E-03    0.1795190933E-03    0.2315973504E-03    0.2874678458E-03    0.3458441521E-03    0.4054720504E-03    0.4652112692E-03    0.5240898009E-03    0.5813336724E-03    0.6363662831E-03    0.6887937312E-03    0.7383799967E-03    0.7850148722E-03    0.8286847129E-03
        0.0343109759    0.4960601913E-04    0.7894786338E-04    0.1142959536E-03    0.1549059089E-03    0.1998490206E-03    0.2480673522E-03    0.2984511082E-03    0.3499180625E-03    0.4014841052E-03    0.4523101532E-03    0.5017278974E-03    0.5492392880E-03    0.5945039216E-03    0.6373176631E-03    0.6775849950E-03    0.7152937874E-03
        0.0375667089    0.4313173683E-04    0.6864528427E-04    0.9938263806E-04    0.1346971385E-03    0.1737817887E-03    0.2157170910E-03    0.2595382681E-03    0.3043043081E-03    0.3491593216E-03    0.3933733716E-03    0.4363649153E-03    0.4777004085E-03    0.5170833850E-03    0.5543358999E-03    0.5893745068E-03    0.6221883285E-03
        0.0411313750    0.3788572788E-04    0.6029740852E-04    0.8729906568E-04    0.1183232871E-03    0.1526617550E-03    0.1895071877E-03    0.2280123335E-03    0.2673506002E-03    0.3067699676E-03    0.3456288955E-03    0.3834160932E-03    0.4197502276E-03    0.4543703771E-03    0.4871197669E-03    0.5179246859E-03    0.5467752342E-03
        0.0450342886    0.3545146242E-04    0.5642379419E-04    0.8169197503E-04    0.1107253584E-03    0.1428614094E-03    0.1773449117E-03    0.2133831451E-03    0.2502026094E-03    0.2870994836E-03    0.3234732487E-03    0.3588452176E-03    0.3928582899E-03    0.4252680436E-03    0.4559275329E-03    0.4847675697E-03    0.5117787121E-03
        0.0493075457    0.3641415598E-04    0.5795540373E-04    0.8390844851E-04    0.1137279574E-03    0.1467331590E-03    0.1821481509E-03    0.2191585990E-03    0.2569700111E-03    0.2948595579E-03    0.3322105890E-03    0.3685316395E-03    0.4034561526E-03    0.4367333075E-03    0.4682123887E-03    0.4978225225E-03    0.5255541729E-03
        0.0539862877    0.4067118788E-04    0.6472858011E-04    0.9371096703E-04    0.1270082611E-03    0.1638592192E-03    0.2033965900E-03    0.2447105293E-03    0.2869137166E-03    0.3291992033E-03    0.3708788914E-03    0.4114046650E-03    0.4503679884E-03    0.4874895823E-03    0.5226019085E-03    0.5556265054E-03    0.5865533054E-03
        0.0591089906    0.4790881622E-04    0.7624348661E-04    0.1103749960E-03    0.1495829027E-03    0.1929689194E-03    0.2395103224E-03    0.2881348084E-03    0.3377972512E-03    0.3875477901E-03    0.4365770254E-03    0.4842407368E-03    0.5300592464E-03    0.5737051160E-03    0.6149824125E-03    0.6537999535E-03    0.6901469182E-03
        0.0647177816    0.5611223467E-04    0.8929404818E-04    0.1292598186E-03    0.1751636106E-03    0.2259514409E-03    0.2804241056E-03    0.3373250398E-03    0.3954302805E-03    0.4536281479E-03    0.5109720226E-03    0.5667090910E-03    0.6202794013E-03    0.6713012868E-03    0.7195469582E-03    0.7649111011E-03    0.8073822794E-03
        0.0708587849    0.6196899830E-04    0.9861070006E-04    0.1427402830E-03    0.1934218981E-03    0.2494901246E-03    0.3096195611E-03    0.3724219966E-03    0.4365458103E-03    0.5007639195E-03    0.5640319457E-03    0.6255198038E-03    0.6846105097E-03    0.7408839549E-03    0.7940898584E-03    0.8441130361E-03    0.8909417955E-03
        0.0775825017    0.6151831082E-04    0.9789459587E-04    0.1417055788E-03    0.1920227131E-03    0.2476894915E-03    0.3073904677E-03    0.3697476775E-03    0.4334193015E-03    0.4971869881E-03    0.5600136341E-03    0.6210747914E-03    0.6797575300E-03    0.7356443688E-03    0.7884864534E-03    0.8381690930E-03    0.8846803929E-03
        0.0849442250    0.5341468238E-04    0.8500925637E-04    0.1230711120E-03    0.1667986565E-03    0.2151918111E-03    0.2671113483E-03    0.3213622101E-03    0.3767790410E-03    0.4323021568E-03    0.4870280581E-03    0.5402371516E-03    0.5913931919E-03    0.6401296942E-03    0.6862269092E-03    0.7295820450E-03    0.7701820968E-03
        0.0930044946    0.4353953137E-04    0.6931139909E-04    0.1003767876E-03    0.1360907984E-03    0.1756457188E-03    0.2181183037E-03    0.2625369558E-03    0.3079512079E-03    0.3534939206E-03    0.3984230943E-03    0.4421452930E-03    0.4842159770E-03    0.5243290960E-03    0.5622988021E-03    0.5980354411E-03    0.6315235238E-03
        0.1018295948    0.4002211017E-04    0.6372697608E-04    0.9231557435E-04    0.1252020220E-03    0.1616499277E-03    0.2008149711E-03    0.2418060610E-03    0.2837490165E-03    0.3258439709E-03    0.3674043292E-03    0.4078789782E-03    0.4468532324E-03    0.4840398124E-03    0.5192624237E-03    0.5524339003E-03    0.5835360479E-03
        0.1114920997    0.4983062494E-04    0.7932687250E-04    0.1148821548E-03    0.1557586082E-03    0.2010319753E-03    0.2496456903E-03    0.3004877545E-03    0.3524702638E-03    0.4046006154E-03    0.4560293884E-03    0.5060771820E-03    0.5542350168E-03    0.6001524407E-03    0.6436166058E-03    0.6845247927E-03    0.7228591949E-03
        0.1220714697    0.7203156226E-04    0.1146138709E-03    0.1658889053E-03    0.2247645832E-03    0.2898825006E-03    0.3596993690E-03    0.4326003302E-03    0.5070146102E-03    0.5815176033E-03    0.6548981577E-03    0.7261948748E-03    0.7946943267E-03    0.8599118611E-03    0.9215599227E-03    0.9795075516E-03    0.1033743591E-02
        0.1336547051    0.8596274647E-04    0.1367511326E-03    0.1978784182E-03    0.2680277877E-03    0.3455662919E-03    0.4286437621E-03    0.5153291930E-03    0.6037491144E-03    0.6922089475E-03    0.7792722640E-03    0.8638027705E-03    0.9449609251E-03    0.1022179971E-02    0.1095127377E-02    0.1163656097E-02    0.1227760485E-02
        0.1463370617    0.7437856447E-04    0.1183685762E-03    0.1713585871E-03    0.2322302098E-03    0.2995888957E-03    0.3718468389E-03    0.4473391926E-03    0.5244432514E-03    0.6016841829E-03    0.6778052207E-03    0.7518060618E-03    0.8229418892E-03    0.8907042776E-03    0.9547890001E-03    0.1015054487E-02    0.1071483954E-02
        0.1602228341    0.6180149622E-04    0.9843490419E-04    0.1426435713E-03    0.1935355362E-03    0.2499845553E-03    0.3106942164E-03    0.3742913602E-03    0.4394242058E-03    0.5048515744E-03    0.5695041423E-03    0.6325200656E-03    0.6932476461E-03    0.7512323742E-03    0.8061922370E-03    0.8579842935E-03    0.9065736620E-03
        0.1754262130    0.7974886879E-04    0.1269486802E-03    0.1838381174E-03    0.2492332570E-03    0.3216520427E-03    0.3994012293E-03    0.4806997244E-03    0.5638060373E-03    0.6471322374E-03    0.7293204381E-03    0.8092855000E-03    0.8862154058E-03    0.9595519674E-03    0.1028957136E-02    0.1094268892E-02    0.1155460813E-02
        0.1920722248    0.1088926416E-03    0.1731895814E-03    0.2505374472E-03    0.3392509500E-03    0.4372468731E-03    0.5421715765E-03    0.6515751306E-03    0.7630868769E-03    0.8745683684E-03    0.9842122912E-03    0.1090593857E-02    0.1192664892E-02    0.1289722167E-02    0.1381357655E-02    0.1467396347E-02    0.1547840261E-02
        0.2102977595    0.9682877909E-04    0.1541164139E-03    0.2231439045E-03    0.3024640383E-03    0.3902687755E-03    0.4844960547E-03    0.5829803959E-03    0.6836079249E-03    0.7844544317E-03    0.8838775128E-03    0.9805674761E-03    0.1073546896E-02    0.1162146420E-02    0.1245963312E-02    0.1324807589E-02    0.1398652789E-02
        0.2302526962    0.9410486848E-04    0.1498794630E-03    0.2171798703E-03    0.2946434061E-03    0.3805503609E-03    0.4729221918E-03    0.5696643753E-03    0.6687163206E-03    0.7681874981E-03    0.8664507140E-03    0.9621961162E-03    0.1054434883E-02    0.1142479063E-02    0.1225903577E-02    0.1304495009E-02    0.1378204164E-02
        0.2521011363    0.1260520267E-03    0.2004798074E-03    0.2900143021E-03    0.3927050676E-03    0.5061415582E-03    0.6276006684E-03    0.7542481137E-03    0.8833413793E-03    0.1012406488E-02    0.1139352307E-02    0.1262529952E-02    0.1380725962E-02    0.1493125723E-02    0.1599256026E-02    0.1698913207E-02    0.1792098455E-02
        0.2760227522    0.1188299423E-03    0.1891686599E-03    0.2739547623E-03    0.3714266541E-03    0.4793772905E-03    0.5952833975E-03    0.7164892791E-03    0.8403970641E-03    0.9646370495E-03    0.1087182228E-02    0.1206412382E-02    0.1321114920E-02    0.1430456243E-02    0.1533931523E-02    0.1631298864E-02    0.1722518916E-02
        0.3022142655    0.1303946215E-03    0.2075418001E-03    0.3004987330E-03    0.4073158658E-03    0.5255571885E-03    0.6524441440E-03    0.7850586593E-03    0.9205522114E-03    0.1056332037E-02    0.1190185425E-02    0.1320348348E-02    0.1445504836E-02    0.1564754288E-02    0.1677555483E-02    0.1783653903E-02    0.1883015303E-02
        0.3308910644    0.1441131093E-03    0.2292955646E-03    0.3318559579E-03    0.4496045952E-03    0.5798199006E-03    0.7194119365E-03    0.8651494094E-03    0.1013891018E-02    0.1162789362E-02    0.1309425075E-02    0.1451878919E-02    0.1588727785E-02    0.1719005955E-02    0.1842141532E-02    0.1957875323E-02    0.2066187229E-02
        0.3622889751    0.1484218145E-03    0.2362649910E-03    0.3421383267E-03    0.4638343959E-03    0.5985891997E-03    0.7432444924E-03    0.8944782766E-03    0.1049043114E-02    0.1203979178E-02    0.1356757179E-02    0.1505357934E-02    0.1648272785E-02    0.1784467149E-02    0.1913317183E-02    0.2034527121E-02    0.2148053549E-02
        0.3966662010    0.1619915859E-03    0.2577796172E-03    0.3731455290E-03    0.5056436315E-03    0.6522272911E-03    0.8094307274E-03    0.9736231407E-03    0.1141268862E-02    0.1309157662E-02    0.1474557189E-02    0.1635295813E-02    0.1789759633E-02    0.1936850060E-02    0.2075913014E-02    0.2206647996E-02    0.2329025327E-02
        0.4343054463    0.1723234462E-03    0.2742255362E-03    0.3969593371E-03    0.5379246161E-03    0.6938812374E-03    0.8611423670E-03    0.1035844806E-02    0.1214225902E-02    0.1392868830E-02    0.1568865041E-02    0.1739902638E-02    0.1904263348E-02    0.2060777458E-02    0.2208748492E-02    0.2347856437E-02    0.2478069629E-02
        0.4755162407    0.1813790216E-03    0.2887080417E-03    0.4180454936E-03    0.5666816528E-03    0.7312263085E-03    0.9078087595E-03    0.1092361098E-02    0.1280910626E-02    0.1469840690E-02    0.1656065065E-02    0.1837124323E-02    0.2011185179E-02    0.2176994762E-02    0.2333802171E-02    0.2481256722E-02    0.2619314940E-02
        0.5206374847    0.1945879979E-03    0.3096550412E-03    0.4482432109E-03    0.6074143136E-03    0.7835068272E-03    0.9723543208E-03    0.1169591165E-02    0.1370965743E-02    0.1572617868E-02    0.1771262472E-02    0.1964289424E-02    0.2149759937E-02    0.2326355411E-02    0.2493292058E-02    0.2650211346E-02    0.2797080283E-02
        0.5700402368    0.2059596362E-03    0.3277711081E-03    0.4744999785E-03    0.6430421372E-03    0.8295251278E-03    0.1029538683E-02    0.1238458441E-02    0.1451778277E-02    0.1665405106E-02    0.1875854468E-02    0.2080357079E-02    0.2276855539E-02    0.2463950343E-02    0.2640809453E-02    0.2807052105E-02    0.2962643000E-02
        0.6241307649    0.2178399301E-03    0.3466980833E-03    0.5019321621E-03    0.6802635553E-03    0.8775976568E-03    0.1089267314E-02    0.1310375759E-02    0.1536149328E-02    0.1762250717E-02    0.1984987098E-02    0.2201423617E-02    0.2409380217E-02    0.2607374470E-02    0.2794525631E-02    0.2970431357E-02    0.3135055428E-02
        0.6833538873    0.2305429773E-03    0.3669094643E-03    0.5311813975E-03    0.7198836413E-03    0.9286766445E-03    0.1152614930E-02    0.1386511055E-02    0.1625309797E-02    0.1864420194E-02    0.2099935803E-02    0.2328754400E-02    0.2548573961E-02    0.2757831452E-02    0.2955600660E-02    0.3141461291E-02    0.3315379861E-02
        0.7481966305    0.2435869957E-03    0.3876671190E-03    0.5612267143E-03    0.7605889349E-03    0.9811619468E-03    0.1217713012E-02    0.1464754406E-02    0.1716940091E-02    0.1969417372E-02    0.2218059802E-02    0.2459593217E-02    0.2691590725E-02    0.2912407164E-02    0.3121070391E-02    0.3317142420E-02    0.3500593240E-02
        0.8191922345    0.2571136607E-03    0.4091836475E-03    0.5923546876E-03    0.8027369416E-03    0.1035473917E-02    0.1285033287E-02    0.1545615907E-02    0.1811575812E-02    0.2077791905E-02    0.2339913448E-02    0.2594492095E-02    0.2838975382E-02    0.3071636365E-02    0.3291457955E-02    0.3497985798E-02    0.3691194806E-02
        0.8969245379    0.2708542306E-03    0.4310613422E-03    0.6240373425E-03    0.8456790619E-03    0.1090860720E-02    0.1353742089E-02    0.1628202151E-02    0.1908284212E-02    0.2188589111E-02    0.2464534125E-02    0.2732491235E-02    0.2989778870E-02    0.3234586327E-02    0.3465850737E-02    0.3683101292E-02    0.3886318229E-02
        0.9820327791    0.2850781926E-03    0.4536989332E-03    0.6568027847E-03    0.8900604732E-03    0.1148062984E-02    0.1424648809E-02    0.1713363846E-02    0.2007932589E-02    0.2302672983E-02    0.2592768211E-02    0.2874410353E-02    0.3144789564E-02    0.3402012663E-02    0.3644972361E-02    0.3873182655E-02    0.4086630198E-02
        1.0752168532    0.2995502394E-03    0.4767593294E-03    0.6902198457E-03    0.9353722776E-03    0.1206514516E-02    0.1497150555E-02    0.1800479700E-02    0.2109896247E-02    0.2419427101E-02    0.2724016337E-02    0.3019673523E-02    0.3303459427E-02    0.3573398097E-02    0.3828337919E-02    0.4067777940E-02    0.4291711555E-02
        1.1772430677    0.3148213953E-03    0.5010110256E-03    0.7252363692E-03    0.9826812332E-03    0.1267333231E-02    0.1572354706E-02    0.1890599572E-02    0.2215138303E-02    0.2539714983E-02    0.2859042073E-02    0.3168952048E-02    0.3466379326E-02    0.3749266209E-02    0.4016416409E-02    0.4267312919E-02    0.4501954489E-02
        1.2889504441    0.3302995844E-03    0.5256214179E-03    0.7608133066E-03    0.1030799184E-02    0.1329248392E-02    0.1648971501E-02    0.1982467470E-02    0.2322475369E-02    0.2662450901E-02    0.2996870696E-02    0.3321386600E-02    0.3632803461E-02    0.3928978891E-02    0.4208669367E-02    0.4471339756E-02    0.4716992631E-02
        1.4112576178    0.3459674916E-03    0.5505895116E-03    0.7969801568E-03    0.1079794359E-02    0.1392367509E-02    0.1727142551E-02    0.2076251804E-02    0.2432096207E-02    0.2787839717E-02    0.3137721025E-02    0.3477209185E-02    0.3802976852E-02    0.4112794066E-02    0.4405367324E-02    0.4680141039E-02    0.4937119862E-02
        1.5451703927    0.3621221208E-03    0.5763119802E-03    0.8341991498E-03    0.1130152005E-02    0.1457160604E-02    0.1807297590E-02    0.2172332621E-02    0.2544334501E-02    0.2916179348E-02    0.3281868011E-02    0.3636683457E-02    0.3977160889E-02    0.4300977035E-02    0.4606783205E-02    0.4893999188E-02    0.5162628713E-02
        1.6917900122    0.3786595476E-03    0.6026591353E-03    0.8723273088E-03    0.1181728458E-02    0.1523496056E-02    0.1889330474E-02    0.2270642549E-02    0.2659172673E-02    0.3047508941E-02    0.3429409801E-02    0.3799964874E-02    0.4155563967E-02    0.4493783343E-02    0.4813213509E-02    0.5113245681E-02    0.5393880230E-02
        1.8523222157    0.3957580093E-03    0.6298327124E-03    0.9115541485E-03    0.1234676230E-02    0.1591483692E-02    0.1973319447E-02    0.2371247312E-02    0.2776682144E-02    0.3181918078E-02    0.3580460023E-02    0.3967191870E-02    0.4338346998E-02    0.4691392670E-02    0.5024852680E-02    0.5338086028E-02    0.5631087832E-02
        2.0280871538    0.4135690089E-03    0.6579544843E-03    0.9519416291E-03    0.1289000331E-02    0.1661098858E-02    0.2059243859E-02    0.2474156009E-02    0.2896914436E-02    0.3319502231E-02    0.3735152982E-02    0.4138529847E-02    0.4525698634E-02    0.4894010112E-02    0.5241916852E-02    0.5568743319E-02    0.5874478585E-02
        2.2205302450    0.4313638145E-03    0.6862706004E-03    0.9928435184E-03    0.1344230600E-02    0.1732055731E-02    0.2146975834E-02    0.2579361194E-02    0.3019947371E-02    0.3460396675E-02    0.3893661297E-02    0.4314174937E-02    0.4717829251E-02    0.5101854195E-02    0.5464628731E-02    0.5805441880E-02    0.6124276822E-02
        2.4312340620    0.4491947849E-03    0.7144334812E-03    0.1033316670E-02    0.1398724401E-02    0.1801980667E-02    0.2233413786E-02    0.2683044925E-02    0.3141258015E-02    0.3599385476E-02    0.4050091508E-02    0.4487576693E-02    0.4907557057E-02    0.5307141503E-02    0.5684635722E-02    0.6039293778E-02    0.6371093395E-02
        2.6619313461    0.4676431636E-03    0.7436825953E-03    0.1075458598E-02    0.1455563127E-02    0.1875008267E-02    0.2323780028E-02    0.2791530339E-02    0.3268267995E-02    0.3744973330E-02    0.4214004432E-02    0.4669315486E-02    0.5106437957E-02    0.5522354329E-02    0.5915294367E-02    0.6284476500E-02    0.6629873681E-02
        2.9145192568    0.4861868567E-03    0.7730641752E-03    0.1117777043E-02    0.1512648577E-02    0.1948391304E-02    0.2414645690E-02    0.2900681725E-02    0.3396119585E-02    0.3891577524E-02    0.4379101485E-02    0.4852396176E-02    0.5306807284E-02    0.5739190707E-02    0.6147700688E-02    0.6531520684E-02    0.6890619662E-02
        3.1910749729    0.5068131795E-03    0.8057392065E-03    0.1164851700E-02    0.1576193367E-02    0.2030144001E-02    0.2515945460E-02    0.3022426802E-02    0.3538765097E-02    0.4055170783E-02    0.4563341350E-02    0.5056704716E-02    0.5530401377E-02    0.5981148019E-02    0.6407016344E-02    0.6807152167E-02    0.7181521049E-02
        3.4938727747    0.5273728059E-03    0.8382936254E-03    0.1211757958E-02    0.1639546428E-02    0.2111704737E-02    0.2617064028E-02    0.3144001555E-02    0.3681245554E-02    0.4218597021E-02    0.4747405564E-02    0.5260823707E-02    0.5753788277E-02    0.6222878094E-02    0.6666083397E-02    0.7082513175E-02    0.7472130186E-02
        3.8254027466    0.5474075251E-03    0.8700058159E-03    0.1257465952E-02    0.1701323486E-02    0.2191288989E-02    0.2715779231E-02    0.3262721748E-02    0.3820403161E-02    0.4378224352E-02    0.4927196175E-02    0.5460203501E-02    0.5971985460E-02    0.6458987225E-02    0.6919120252E-02    0.7351458154E-02    0.7755961382E-02
        4.1883912545    0.5681163920E-03    0.9027903597E-03    0.1304754200E-02    0.1765286447E-02    0.2273734217E-02    0.2818072955E-02    0.3385759786E-02    0.3964623854E-02    0.4543653296E-02    0.5113510082E-02    0.5666803607E-02    0.6198069606E-02    0.6703615854E-02    0.7181272959E-02    0.7630078420E-02    0.8049990683E-02
        4.5858233661    0.5891247892E-03    0.9360614824E-03    0.1352782994E-02    0.1830295559E-02    0.2357561161E-02    0.2922098771E-02    0.3510885898E-02    0.4111287978E-02    0.4711875545E-02    0.5302957720E-02    0.5876865284E-02    0.6427928266E-02    0.6952315528E-02    0.7447776021E-02    0.7913310915E-02    0.8348876872E-02
        5.0209673996    0.6106113058E-03    0.9701120819E-03    0.1401977563E-02    0.1896918118E-02    0.2443488465E-02    0.3028736218E-02    0.3639148373E-02    0.4261617380E-02    0.4884287942E-02    0.5497109249E-02    0.6092127789E-02    0.6663463659E-02    0.7207143963E-02    0.7720834395E-02    0.8203499175E-02    0.8655093326E-02
        5.4974018001    0.6322174266E-03    0.1004379418E-02    0.1451521673E-02    0.1964039534E-02    0.2530069501E-02    0.3136183769E-02    0.3768377114E-02    0.4413067653E-02    0.5057972846E-02    0.5692680581E-02    0.6308951853E-02    0.6900695902E-02    0.7463797466E-02    0.7995838656E-02    0.8495746678E-02    0.8963475041E-02
        6.0190445678    0.6544054663E-03    0.1039601298E-02    0.1502475003E-02    0.2033083383E-02    0.2619129478E-02    0.3246698246E-02    0.3901280805E-02    0.4568809604E-02    0.5236564297E-02    0.5893762310E-02    0.6531871809E-02    0.7144585710E-02    0.7727642700E-02    0.8278539182E-02    0.8796164458E-02    0.9280470587E-02
        6.5901854779    0.6812886104E-03    0.1082311431E-02    0.1564272469E-02    0.2116808511E-02    0.2727099824E-02    0.3380645777E-02    0.4062331193E-02    0.4757502877E-02    0.5452911973E-02    0.6137328381E-02    0.6801866381E-02    0.7439957414E-02    0.8047163608E-02    0.8620877764E-02    0.9159943387E-02    0.9664310833E-02
        7.2155213579    0.7055030563E-03    0.1120807873E-02    0.1619993415E-02    0.2192311644E-02    0.2824471219E-02    0.3501444535E-02    0.4207570643E-02    0.4927668905E-02    0.5648014303E-02    0.6356973457E-02    0.7045341715E-02    0.7706314862E-02    0.8335295930E-02    0.8929584410E-02    0.9487982631E-02    0.1001043953E-01
        7.9001947124    0.7296568049E-03    0.1159227838E-02    0.1675609695E-02    0.2267668910E-02    0.2921645693E-02    0.3621988578E-02    0.4352493374E-02    0.5097454023E-02    0.5842670965E-02    0.6576108817E-02    0.7288244964E-02    0.7972040244E-02    0.8622739092E-02    0.9237548010E-02    0.9815228353E-02    0.1035572775E-01
        8.6498360130    0.7545932025E-03    0.1198904563E-02    0.1733042829E-02    0.2345478084E-02    0.3021969571E-02    0.3746426880E-02    0.4502086191E-02    0.5272699811E-02    0.6043578824E-02    0.6802273222E-02    0.7538932415E-02    0.8246274896E-02    0.8919381517E-02    0.9555362911E-02    0.1015293823E-01    0.1071205383E-01
        9.4706100008    0.7803601390E-03    0.1239908097E-02    0.1792390451E-02    0.2425870246E-02    0.3125612145E-02    0.3874970393E-02    0.4656603918E-02    0.5453706072E-02    0.6251082819E-02    0.7035856116E-02    0.7797836776E-02    0.8529493099E-02    0.9225737083E-02    0.9883580436E-02    0.1050169882E-01    0.1108003739E-01
       10.3692663829    0.8051116303E-03    0.1279300336E-02    0.1849403058E-02    0.2503093769E-02    0.3225163462E-02    0.3998433757E-02    0.4805009596E-02    0.5627547754E-02    0.6450369238E-02    0.7260185031E-02    0.8046480840E-02    0.8801484757E-02    0.9519946702E-02    0.1019878349E-01    0.1083662918E-01    0.1143342790E-01
       11.3531953391    0.8354500859E-03    0.1327568899E-02    0.1919241095E-02    0.2597668273E-02    0.3347063558E-02    0.4149597562E-02    0.4986697639E-02    0.5840364079E-02    0.6694324486E-02    0.7534786936E-02    0.8350839289E-02    0.9134415678E-02    0.9880067664E-02    0.1058459593E-01    0.1124658356E-01    0.1186597345E-01
       12.4304882957    0.8697846920E-03    0.1382184568E-02    0.1998248820E-02    0.2704647245E-02    0.3484940583E-02    0.4320563771E-02    0.5192178195E-02    0.6081041934E-02    0.6970211658E-02    0.7845326816E-02    0.8695025426E-02    0.9510909245E-02    0.1028730558E-01    0.1102088381E-01    0.1171016949E-01    0.1235510414E-01
       13.6100044661    0.8970965939E-03    0.1425635833E-02    0.2061109738E-02    0.2789765355E-02    0.3594644526E-02    0.4456596915E-02    0.5355674472E-02    0.6272544728E-02    0.7189730507E-02    0.8092418815E-02    0.8968889763E-02    0.9810480718E-02    0.1061134071E-01    0.1136803494E-01    0.1207904355E-01    0.1274430745E-01
       14.9014437053    0.9274751268E-03    0.1473955143E-02    0.2131002685E-02    0.2884396112E-02    0.3716600978E-02    0.4607816619E-02    0.5537417703E-02    0.6485415429E-02    0.7433739294E-02    0.8367073445E-02    0.9273300206E-02    0.1014346311E-01    0.1097151306E-01    0.1175389958E-01    0.1248905238E-01    0.1317691184E-01
       16.3154262774    0.9580263989E-03    0.1522543793E-02    0.2201279899E-02    0.2979542509E-02    0.3839218050E-02    0.4759852159E-02    0.5720138665E-02    0.6699428964E-02    0.7679056083E-02    0.8643198647E-02    0.9579339096E-02    0.1047822561E-01    0.1133361007E-01    0.1214182581E-01    0.1290125217E-01    0.1361182924E-01
       17.8635801925    0.9897043751E-03    0.1572918236E-02    0.2274134584E-02    0.3078173910E-02    0.3966322525E-02    0.4917448567E-02    0.5909540197E-02    0.6921264940E-02    0.7933337585E-02    0.8929412792E-02    0.9896558540E-02    0.1082521693E-01    0.1170893364E-01    0.1254392178E-01    0.1332850873E-01    0.1406263455E-01
       19.5586368304    0.1022018658E-02    0.1624299655E-02    0.2348441451E-02    0.3178767853E-02    0.4095953262E-02    0.5078174929E-02    0.6102701386E-02    0.7147502746E-02    0.8192663324E-02    0.9221303438E-02    0.1022006842E-01    0.1117908830E-01    0.1209169860E-01    0.1295399007E-01    0.1376423739E-01    0.1452238103E-01
       21.4145356385    0.1054740742E-02    0.1676325464E-02    0.2423676892E-02    0.3280616165E-02    0.4227198234E-02    0.5240900919E-02    0.6298264208E-02    0.7376552156E-02    0.8455210786E-02    0.9516819458E-02    0.1054759565E-01    0.1153735351E-01    0.1247921597E-01    0.1336915021E-01    0.1420537796E-01    0.1498784053E-01
       23.4465387640    0.1088183574E-02    0.1729493597E-02    0.2500561383E-02    0.3384694528E-02    0.4361315043E-02    0.5407186051E-02    0.6498103090E-02    0.7610608740E-02    0.8723496798E-02    0.9818793858E-02    0.1088228022E-01    0.1190344735E-01    0.1287520115E-01    0.1379338283E-01    0.1465616044E-01    0.1546347671E-01
       25.6713565631    0.1122669758E-02    0.1784317319E-02    0.2579837496E-02    0.3492008470E-02    0.4499599683E-02    0.5578637382E-02    0.6704149549E-02    0.7851934898E-02    0.9000114752E-02    0.1013014579E-01    0.1122735759E-01    0.1228090904E-01    0.1328348245E-01    0.1423078951E-01    0.1512094344E-01    0.1595388900E-01
       28.1072850208    0.1158253907E-02    0.1840883905E-02    0.2661631821E-02    0.3602729670E-02    0.4642273639E-02    0.5755529736E-02    0.6916734045E-02    0.8100917822E-02    0.9285508595E-02    0.1045137506E-01    0.1158338182E-01    0.1267034472E-01    0.1370471568E-01    0.1468207316E-01    0.1560047438E-01    0.1645986685E-01
       30.7743562090    0.1194970000E-02    0.1899247767E-02    0.2746023363E-02    0.3716965338E-02    0.4789475279E-02    0.5938034845E-02    0.7136063108E-02    0.8357799531E-02    0.9579955840E-02    0.1078279411E-01    0.1195069928E-01    0.1307213341E-01    0.1413931097E-01    0.1514767348E-01    0.1609522106E-01    0.1698190486E-01
       33.6945030221    0.1232853247E-02    0.1959465213E-02    0.2833093807E-02    0.3834826258E-02    0.4941347527E-02    0.6126330050E-02    0.7362349980E-02    0.8622829875E-02    0.9883742963E-02    0.1112472547E-01    0.1232966750E-01    0.1348666627E-01    0.1458769163E-01    0.1562804436E-01    0.1660566645E-01    0.1752051377E-01
       36.8917395444    0.1271940104E-02    0.2021594468E-02    0.2922927559E-02    0.3956426856E-02    0.5098037968E-02    0.6320598448E-02    0.7595814796E-02    0.8896266759E-02    0.1019716565E-01    0.1147750201E-01    0.1272065547E-01    0.1391434703E-01    0.1505029454E-01    0.1612365424E-01    0.1713230911E-01    0.1807622093E-01
       40.3923585315    0.1312268288E-02    0.2085695714E-02    0.3015611812E-02    0.4081885296E-02    0.5259698978E-02    0.6521029047E-02    0.7836684775E-02    0.9178376367E-02    0.1052052906E-01    0.1184146726E-01    0.1312404400E-01    0.1435559232E-01    0.1552757056E-01    0.1663498664E-01    0.1767566369E-01    0.1864957091E-01
       44.2251476316    0.1353876803E-02    0.2151831130E-02    0.3111236614E-02    0.4211323578E-02    0.5426487847E-02    0.6727816932E-02    0.8085194421E-02    0.9469433406E-02    0.1085414812E-01    0.1221697571E-01    0.1354022602E-01    0.1481083207E-01    0.1601998498E-01    0.1716254056E-01    0.1823626146E-01    0.1924112603E-01
       48.4216261230    0.1396805957E-02    0.2220064939E-02    0.3209894935E-02    0.4344867636E-02    0.5598566921E-02    0.6941163441E-02    0.8341585744E-02    0.9769721358E-02    0.1119834780E-01    0.1260439319E-01    0.1396960703E-01    0.1528050993E-01    0.1652801794E-01    0.1770683099E-01    0.1881465084E-01    0.1985146700E-01
       53.0163041156    0.1441097396E-02    0.2290463455E-02    0.3311682751E-02    0.4482647455E-02    0.5776103749E-02    0.7161276351E-02    0.8606108479E-02    0.1007953275E-01    0.1155346342E-01    0.1300409714E-01    0.1441260540E-01    0.1576508365E-01    0.1705216489E-01    0.1826838944E-01    0.1941139794E-01    0.2048119348E-01
       58.0469663481    0.1486794134E-02    0.2363095144E-02    0.3416699128E-02    0.4624797184E-02    0.5959271237E-02    0.7388370068E-02    0.8879020323E-02    0.1039916942E-01    0.1191984100E-01    0.1341647705E-01    0.1486965285E-01    0.1626502559E-01    0.1759293708E-01    0.1884776440E-01    0.2002708714E-01    0.2113092476E-01
       63.5549829136    0.1533940585E-02    0.2438030679E-02    0.3525046307E-02    0.4771455265E-02    0.6148247807E-02    0.7622665834E-02    0.9160587179E-02    0.1072894282E-01    0.1229783754E-01    0.1384193476E-01    0.1534119480E-01    0.1678082312E-01    0.1815086205E-01    0.1944552195E-01    0.2066232169E-01    0.2180130039E-01
       69.5856494710    0.1582582602E-02    0.2515343002E-02    0.3636829801E-02    0.4922764553E-02    0.6343217568E-02    0.7864391931E-02    0.9451083408E-02    0.1106917430E-01    0.1268782140E-01    0.1428088490E-01    0.1582769083E-01    0.1731297909E-01    0.1872648416E-01    0.2006224626E-01    0.2131772429E-01    0.2249298082E-01
       76.1885597370    0.1632767516E-02    0.2595107393E-02    0.3752158491E-02    0.5078872460E-02    0.6544370488E-02    0.8113783905E-02    0.9750792091E-02    0.1142019542E-01    0.1309017263E-01    0.1473375526E-01    0.1632961511E-01    0.1786201234E-01    0.1932036507E-01    0.2069854014E-01    0.2199393767E-01    0.2320664806E-01
       83.4180133251    0.1684544180E-02    0.2677401537E-02    0.3871144731E-02    0.5239931088E-02    0.6751902577E-02    0.8371084786E-02    0.1006000531E-01    0.1178234828E-01    0.1350528336E-01    0.1520098723E-01    0.1684745689E-01    0.1842845819E-01    0.1993308430E-01    0.2135502566E-01    0.2269162520E-01    0.2394300627E-01
       91.3334622825    0.1737963009E-02    0.2762305600E-02    0.3993904451E-02    0.5406097377E-02    0.6966016076E-02    0.8636545326E-02    0.1037902441E-01    0.1215598582E-01    0.1393355817E-01    0.1568303618E-01    0.1738172091E-01    0.1901286894E-01    0.2056523979E-01    0.2203234467E-01    0.2341147148E-01    0.2470278232E-01
      100.0000000000    0.1793076030E-02    0.2849902298E-02    0.4120557269E-02    0.5577533255E-02    0.7186919648E-02    0.8910424239E-02    0.1070816031E-01    0.1254147221E-01    0.1437541447E-01    0.1618037196E-01    0.1793292796E-01    0.1961581442E-01    0.2121744841E-01    0.2273115937E-01    0.2415418283E-01    0.2548672632E-01
