               #####        0.2000000000        0.2533333333        0.3066666667        0.3600000000        0.4133333333        0.4666666667        0.5200000000        0.5733333333        0.6266666667        0.6800000000        0.7333333333        0.7866666667        0.8400000000        0.8933333333        0.9466666667        1.0000000000
        0.0010000000    0.1515546524E-07    0.2416111755E-07    0.3506746256E-07    0.4768937956E-07    0.6178998801E-07    0.7709030928E-07    0.9328550085E-07    0.1100634125E-06    0.1271239575E-06    0.1441944545E-06    0.1610409103E-06    0.1774730205E-06    0.1933449677E-06    0.2085529769E-06    0.2230297838E-06    0.2367384840E-06
        0.0010948890    0.2159491529E-07    0.3442700560E-07    0.4996737951E-07    0.6795225982E-07    0.8804411712E-07    0.1098454367E-06    0.1329218507E-06    0.1568285784E-06    0.1811380285E-06    0.2054616589E-06    0.2294660546E-06    0.2528800523E-06    0.2754958777E-06    0.2971656625E-06    0.3177935622E-06    0.3373269923E-06
        0.0011987818    0.3075643088E-07    0.4903245991E-07    0.7116574589E-07    0.9678060572E-07    0.1253963151E-06    0.1564467161E-06    0.1893131628E-06    0.2233621789E-06    0.2579847699E-06    0.2926275573E-06    0.3268156764E-06    0.3601629246E-06    0.3923733807E-06    0.4232364440E-06    0.4526156087E-06    0.4804359814E-06
        0.0013125330    0.4377864857E-07    0.6979271552E-07    0.1012971951E-06    0.1377573407E-06    0.1784888901E-06    0.2226859752E-06    0.2694680165E-06    0.3179333249E-06    0.3672150588E-06    0.4165255403E-06    0.4651888477E-06    0.5126552610E-06    0.5585035664E-06    0.6024339954E-06    0.6442522456E-06    0.6838517142E-06
        0.0014370779    0.6227903447E-07    0.9928636623E-07    0.1441042999E-06    0.1959721108E-06    0.2539163748E-06    0.3167906726E-06    0.3833423012E-06    0.4522885274E-06    0.5223961920E-06    0.5925447523E-06    0.6617726499E-06    0.7292978587E-06    0.7945211647E-06    0.8570161203E-06    0.9165063131E-06    0.9728400909E-06
        0.0015734408    0.8853504195E-07    0.1411441695E-06    0.2048567443E-06    0.2785913301E-06    0.3609641203E-06    0.4503453807E-06    0.5449542852E-06    0.6429673178E-06    0.7426314354E-06    0.8423536899E-06    0.9407671427E-06    0.1036760076E-05    0.1129480655E-05    0.1218322647E-05    0.1302893109E-05    0.1382976453E-05
        0.0017227429    0.1257658792E-06    0.2004982455E-06    0.2910032909E-06    0.3957448124E-06    0.5127570842E-06    0.6397250343E-06    0.7741189623E-06    0.9133485255E-06    0.1054923489E-05    0.1196581038E-05    0.1336379406E-05    0.1472739376E-05    0.1604450897E-05    0.1730652806E-05    0.1850786916E-05    0.1964546982E-05
        0.0018862122    0.1785082516E-06    0.2845810921E-06    0.4130411920E-06    0.5617081118E-06    0.7277917601E-06    0.9080061944E-06    0.1098760835E-05    0.1296379029E-05    0.1497326213E-05    0.1698390615E-05    0.1896816153E-05    0.2090361332E-05    0.2277308647E-05    0.2456435785E-05    0.2626950474E-05    0.2788418040E-05
        0.0020651929    0.2531337583E-06    0.4035504283E-06    0.5857133680E-06    0.7965306036E-06    0.1032045644E-05    0.1287598856E-05    0.1558098615E-05    0.1838331241E-05    0.2123284543E-05    0.2408404067E-05    0.2689781548E-05    0.2964238432E-05    0.3229339209E-05    0.3483350579E-05    0.3725149060E-05    0.3954118260E-05
        0.0022611570    0.3585723523E-06    0.5716425469E-06    0.8296823841E-06    0.1128311980E-05    0.1461926835E-05    0.1823926423E-05    0.2207098291E-05    0.2604057085E-05    0.3007702875E-05    0.3411584123E-05    0.3810164642E-05    0.4198941908E-05    0.4574465937E-05    0.4934281453E-05    0.5276797008E-05    0.5601139461E-05
        0.0024757158    0.5073363371E-06    0.8088047896E-06    0.1173899825E-05    0.1596424442E-05    0.2068448950E-05    0.2580634409E-05    0.3122776073E-05    0.3684424564E-05    0.4255534341E-05    0.4826977262E-05    0.5390920295E-05    0.5940992915E-05    0.6472313814E-05    0.6981409074E-05    0.7466026990E-05    0.7924932174E-05
        0.0027106339    0.7169012268E-06    0.1142896937E-05    0.1658801397E-05    0.2255857814E-05    0.2922860992E-05    0.3646614362E-05    0.4412697914E-05    0.5206345958E-05    0.6013363451E-05    0.6820851698E-05    0.7617742087E-05    0.8395032623E-05    0.9145825686E-05    0.9865212387E-05    0.1055001091E-04    0.1119847557E-04
        0.0029678432    0.1011572586E-05    0.1612667362E-05    0.2340626513E-05    0.3183093899E-05    0.4124258600E-05    0.5145499798E-05    0.6226470355E-05    0.7346335368E-05    0.8485065138E-05    0.9624459158E-05    0.1074889923E-04    0.1184568323E-04    0.1290507836E-04    0.1392015803E-04    0.1488643258E-04    0.1580143878E-04
        0.0032494587    0.1425064488E-05    0.2271863651E-05    0.3297384458E-05    0.4484220056E-05    0.5810096627E-05    0.7248781881E-05    0.8771611553E-05    0.1034923424E-04    0.1195343286E-04    0.1355856725E-04    0.1514263510E-04    0.1668774212E-04    0.1818017717E-04    0.1961018228E-04    0.2097143261E-04    0.2226045807E-04
        0.0035577965    0.2004233737E-05    0.3195185771E-05    0.4637494815E-05    0.6306679589E-05    0.8171413833E-05    0.1019480403E-04    0.1233653630E-04    0.1455533034E-04    0.1681150121E-04    0.1906898816E-04    0.2129684677E-04    0.2346991025E-04    0.2556889499E-04    0.2758007727E-04    0.2949456172E-04    0.3130746794E-04
        0.0038953921    0.2813301221E-05    0.4485015826E-05    0.6509555039E-05    0.8852554995E-05    0.1147004367E-04    0.1431023442E-04    0.1731653946E-04    0.2043101450E-04    0.2359795461E-04    0.2676674207E-04    0.2989394083E-04    0.3294422481E-04    0.3589052600E-04    0.3871358069E-04    0.4140090264E-04    0.4394564133E-04
        0.0042650218    0.3940753774E-05    0.6282421134E-05    0.9118310331E-05    0.1240028591E-04    0.1606675373E-04    0.2004517320E-04    0.2425627857E-04    0.2861890391E-04    0.3305502010E-04    0.3749372395E-04    0.4187417212E-04    0.4614688127E-04    0.5027393571E-04    0.5422835163E-04    0.5799263883E-04    0.6155720141E-04
        0.0046697254    0.5507503860E-05    0.8780162533E-05    0.1274353390E-04    0.1733034501E-04    0.2245451331E-04    0.2801465783E-04    0.3389999862E-04    0.3999710011E-04    0.4619691065E-04    0.5240033762E-04    0.5852234779E-04    0.6449378447E-04    0.7026165754E-04    0.7578825510E-04    0.8104913327E-04    0.8603088104E-04
        0.0051128308    0.7677435859E-05    0.1223950748E-04    0.1776442952E-04    0.2415842376E-04    0.3130149154E-04    0.3905230820E-04    0.4725644700E-04    0.5575577924E-04    0.6439828739E-04    0.7304583680E-04    0.8157989151E-04    0.8990404739E-04    0.9794443648E-04    0.1056484885E-03    0.1129821289E-03    0.1199266627E-03
        0.0055979820    0.1067326501E-04    0.1701551264E-04    0.2469632667E-04    0.3358533546E-04    0.4351571541E-04    0.5429099525E-04    0.6569648900E-04    0.7751236422E-04    0.8952728428E-04    0.1015492127E-03    0.1134133593E-03    0.1249857019E-03    0.1361635484E-03    0.1468738150E-03    0.1570691306E-03    0.1667235056E-03
        0.0061291687    0.1479299303E-04    0.2358325775E-04    0.3422875639E-04    0.4654879572E-04    0.6031216058E-04    0.7524654458E-04    0.9105439599E-04    0.1074310302E-03    0.1240835375E-03    0.1407457582E-03    0.1571892955E-03    0.1732283964E-03    0.1887207312E-03    0.2035650068E-03    0.2176955676E-03    0.2310763923E-03
        0.0067107592    0.2043423475E-04    0.3257662760E-04    0.4728173951E-04    0.6429997067E-04    0.8331193303E-04    0.1039414773E-03    0.1257775818E-03    0.1483993717E-03    0.1714022375E-03    0.1944185205E-03    0.2171327259E-03    0.2392882648E-03    0.2606885304E-03    0.2811936022E-03    0.3007127871E-03    0.3191963270E-03
        0.0073475362    0.2812144850E-04    0.4483172314E-04    0.6506879349E-04    0.8848916204E-04    0.1146532892E-03    0.1430435209E-03    0.1730942119E-03    0.2042261572E-03    0.2358825361E-03    0.2675573794E-03    0.2988165051E-03    0.3293067974E-03    0.3587576877E-03    0.3869766181E-03    0.4138387777E-03    0.4392756899E-03
        0.0080447363    0.3854336856E-04    0.6144653706E-04    0.8918354565E-04    0.1212835952E-03    0.1571442510E-03    0.1960560142E-03    0.2372436090E-03    0.2799131747E-03    0.3233015305E-03    0.3667151929E-03    0.4095590703E-03    0.4513491810E-03    0.4917146823E-03    0.5303916538E-03    0.5672090293E-03    0.6020729544E-03
        0.0088080930    0.5258772710E-04    0.8383630806E-04    0.1216800744E-03    0.1654766780E-03    0.2144041698E-03    0.2674945252E-03    0.3236899746E-03    0.3819073916E-03    0.4411055090E-03    0.5003381527E-03    0.5587933930E-03    0.6158108955E-03    0.6708846910E-03    0.7236546922E-03    0.7738875003E-03    0.8214550626E-03
        0.0096438838    0.7139438364E-04    0.1138182208E-03    0.1651958427E-03    0.2246551815E-03    0.2910803391E-03    0.3631571010E-03    0.4394494131E-03    0.5184867960E-03    0.5988555998E-03    0.6792712749E-03    0.7586315258E-03    0.8360398663E-03    0.9108093802E-03    0.9824512046E-03    0.1050648472E-02    0.1115227334E-02
        0.0105589819    0.9637676767E-04    0.1536455731E-03    0.2230012581E-03    0.3032665916E-03    0.3929351902E-03    0.4902329615E-03    0.5932213406E-03    0.6999152944E-03    0.8084065077E-03    0.9169609436E-03    0.1024090595E-02    0.1128585285E-02    0.1229517737E-02    0.1326228034E-02    0.1418288436E-02    0.1505464270E-02
        0.0115609128    0.1292737867E-03    0.2060905339E-03    0.2991197979E-03    0.4067824847E-03    0.5270579979E-03    0.6575666563E-03    0.7957081739E-03    0.9388199437E-03    0.1084342273E-02    0.1229949245E-02    0.1373644957E-02    0.1513806176E-02    0.1649189137E-02    0.1778908694E-02    0.1902391127E-02    0.2019321684E-02
        0.0126579159    0.1721488766E-03    0.2744427021E-03    0.3983260444E-03    0.5416960593E-03    0.7018619716E-03    0.8756548308E-03    0.1059611922E-02    0.1250187547E-02    0.1443973065E-02    0.1637871151E-02    0.1829223956E-02    0.2015869903E-02    0.2196152741E-02    0.2368893778E-02    0.2533329037E-02    0.2689039392E-02
        0.0138590124    0.2273547707E-03    0.3624527813E-03    0.5260636540E-03    0.7154101346E-03    0.9269384980E-03    0.1156463508E-02    0.1399411969E-02    0.1651101112E-02    0.1907029192E-02    0.2163105631E-02    0.2415820278E-02    0.2662318408E-02    0.2900412682E-02    0.3128546462E-02    0.3345710821E-02    0.3551352268E-02
        0.0151740797    0.2973841925E-03    0.4740946266E-03    0.6881001247E-03    0.9357678693E-03    0.1212449409E-02    0.1512670283E-02    0.1830448601E-02    0.2159659186E-02    0.2494413682E-02    0.2829361584E-02    0.3159911623E-02    0.3482329858E-02    0.3793755311E-02    0.4092151976E-02    0.4376200255E-02    0.4645176261E-02
        0.0166139325    0.3847258500E-03    0.6133355685E-03    0.8901932672E-03    0.1210598905E-02    0.1568538526E-02    0.1956929607E-02    0.2368033233E-02    0.2793925198E-02    0.3226987761E-02    0.3660299081E-02    0.4087919599E-02    0.4505018926E-02    0.4907896046E-02    0.5293917209E-02    0.5661375473E-02    0.6009334546E-02
        0.0181904113    0.4912647777E-03    0.7831803470E-03    0.1136703432E-02    0.1545831871E-02    0.2002885763E-02    0.2498820817E-02    0.3023754731E-02    0.3567568781E-02    0.4120535766E-02    0.4673817265E-02    0.5219829290E-02    0.5752404267E-02    0.6266816787E-02    0.6759704259E-02    0.7228887529E-02    0.7673171454E-02
        0.0199164806    0.6176457299E-03    0.9846560764E-03    0.1429120028E-02    0.1943490146E-02    0.2518109693E-02    0.3141606735E-02    0.3801556046E-02    0.4485235529E-02    0.5180415723E-02    0.5875984943E-02    0.6562408925E-02    0.7231934384E-02    0.7878621294E-02    0.8498243047E-02    0.9088060863E-02    0.9646573019E-02
        0.0218063349    0.7623447908E-03    0.1215332067E-02    0.1763912978E-02    0.2398769641E-02    0.3107980820E-02    0.3877508622E-02    0.4692015676E-02    0.5535798916E-02    0.6393764065E-02    0.7252197167E-02    0.8099331764E-02    0.8925599964E-02    0.9723672103E-02    0.1048833336E-01    0.1121620518E-01    0.1190543571E-01
        0.0238755154    0.9200358785E-03    0.1466715918E-02    0.2128753834E-02    0.2894900450E-02    0.3750764916E-02    0.4679402516E-02    0.5662301264E-02    0.6680509065E-02    0.7715809819E-02    0.8751654423E-02    0.9773845016E-02    0.1077083767E-01    0.1173378994E-01    0.1265641171E-01    0.1353462875E-01    0.1436620903E-01
        0.0261410384    0.1080151005E-02    0.1721959029E-02    0.2499186897E-02    0.3398621919E-02    0.4403363244E-02    0.5493512643E-02    0.6647333360E-02    0.7842573778E-02    0.9057848278E-02    0.1027373007E-01    0.1147355414E-01    0.1264377217E-01    0.1377400789E-01    0.1485688154E-01    0.1588761463E-01    0.1686359096E-01
        0.0286215345    0.1225432897E-02    0.1953551023E-02    0.2835286203E-02    0.3855641539E-02    0.4995436242E-02    0.6232090132E-02    0.7540939040E-02    0.8896736935E-02    0.1027522258E-01    0.1165435916E-01    0.1301524471E-01    0.1434251426E-01    0.1562440206E-01    0.1685254190E-01    0.1802151840E-01    0.1912836870E-01
        0.0313374022    0.1330952785E-02    0.2121757533E-02    0.3079394482E-02    0.4187570123E-02    0.5425447015E-02    0.6768496442E-02    0.8189927586E-02    0.9662319321E-02    0.1115932184E-01    0.1265700287E-01    0.1413483615E-01    0.1557613781E-01    0.1696813350E-01    0.1830174120E-01    0.1957108355E-01    0.2077294646E-01
        0.0343109759    0.1366228048E-02    0.2178000694E-02    0.3161037559E-02    0.4298617528E-02    0.5569354853E-02    0.6948073917E-02    0.8407275888E-02    0.9918813531E-02    0.1145563793E-01    0.1299318051E-01    0.1451036812E-01    0.1599007119E-01    0.1741917312E-01    0.1878834751E-01    0.2009155784E-01    0.2132550186E-01
        0.0375667089    0.1301007520E-02    0.2074086182E-02    0.3010323483E-02    0.4093825553E-02    0.5304255015E-02    0.6617660609E-02    0.8007871077E-02    0.9448088355E-02    0.1091255069E-01    0.1237784972E-01    0.1382389908E-01    0.1523436352E-01    0.1659672729E-01    0.1790208409E-01    0.1914466201E-01    0.2032129540E-01
        0.0411313750    0.1117310282E-02    0.1781392803E-02    0.2585789221E-02    0.3516929537E-02    0.4557423407E-02    0.5686763387E-02    0.6882514402E-02    0.8121677415E-02    0.9382117081E-02    0.1064369566E-01    0.1188911028E-01    0.1310426796E-01    0.1427835071E-01    0.1540364068E-01    0.1647511619E-01    0.1749000070E-01
        0.0450342886    0.8286081552E-03    0.1321430001E-02    0.1918710446E-02    0.2610551496E-02    0.3384213073E-02    0.4224615335E-02    0.5115205013E-02    0.6038957251E-02    0.6979433061E-02    0.7921626096E-02    0.8852594916E-02    0.9761754475E-02    0.1064093776E-01    0.1148427768E-01    0.1228791563E-01    0.1304967234E-01
        0.0493075457    0.4857687844E-03    0.7752796383E-03    0.1126747754E-02    0.1534667530E-02    0.1991851076E-02    0.2489688220E-02    0.3018626106E-02    0.3568739621E-02    0.4130349073E-02    0.4694527219E-02    0.5253490333E-02    0.5800793147E-02    0.6331388919E-02    0.6841580881E-02    0.7328866035E-02    0.7791751698E-02
        0.0539862877    0.2088044847E-03    0.3340864311E-03    0.4870106297E-03    0.6656276228E-03    0.8672417807E-03    0.1088474612E-02    0.1325431259E-02    0.1573922103E-02    0.1829725327E-02    0.2088819947E-02    0.2347582735E-02    0.2602905866E-02    0.2852256381E-02    0.3093684313E-02    0.3325776035E-02    0.3547588667E-02
        0.0591089906    0.4204572038E-04    0.6839129565E-04    0.1016514155E-03    0.1419895166E-03    0.1893875070E-03    0.2435938660E-03    0.3041043854E-03    0.3701755449E-03    0.4408737398E-03    0.5151425924E-03    0.5918812451E-03    0.6700133117E-03    0.7485437114E-03    0.8265989111E-03    0.9034447435E-03    0.9784907504E-03
        0.0647177816    0.2025962135E-05    0.4423165259E-05    0.8512702798E-05    0.1486201228E-04    0.2399758285E-04    0.3633731137E-04    0.5213655000E-04    0.7145756788E-04    0.9416861705E-04    0.1199680608E-03    0.1484273217E-03    0.1790399197E-03    0.2112693939E-03    0.2445900222E-03    0.2785149317E-03    0.3126138102E-03
        0.0708587849    0.9491744083E-06    0.2408207602E-05    0.5064291447E-05    0.9348741132E-05    0.1566338470E-04    0.2432952392E-04    0.3554708737E-04    0.4937138830E-04    0.6571209949E-04    0.8435112670E-04    0.1049746229E-03    0.1272096560E-03    0.1506600561E-03    0.1749368814E-03    0.1996794992E-03    0.2245688848E-03
        0.0775825017    0.3645549159E-05    0.6412847950E-05    0.1036072109E-04    0.1574107051E-04    0.2277513629E-04    0.3162118770E-04    0.4235050216E-04    0.5493573344E-04    0.6925439619E-04    0.8510420024E-04    0.1022269715E-03    0.1203343286E-03    0.1391318602E-03    0.1583389623E-03    0.1777017265E-03    0.1970004743E-03
        0.0849442250    0.3785973330E-05    0.6405680570E-05    0.9945102372E-05    0.1453974079E-04    0.2030052553E-04    0.2729494436E-04    0.3553404633E-04    0.4496738574E-04    0.5548737935E-04    0.6694051651E-04    0.7914336528E-04    0.9189892971E-04    0.1050115731E-03    0.1182988792E-03    0.1315988974E-03    0.1447740262E-03
        0.0930044946    0.1546105759E-05    0.2685398336E-05    0.4283511665E-05    0.6429380746E-05    0.9199418479E-05    0.1264584183E-04    0.1678826224E-04    0.2160995449E-04    0.2705971473E-04    0.3305796930E-04    0.3950587765E-04    0.4629487575E-04    0.5331550324E-04    0.6046451589E-04    0.6764937498E-04    0.7479076002E-04
        0.1018295948    0.9899560575E-05    0.1583641712E-04    0.2307997070E-04    0.3153564926E-04    0.4107315625E-04    0.5152967296E-04    0.6271802413E-04    0.7443747835E-04    0.8648644550E-04    0.9867368100E-04    0.1108276558E-03    0.1228020616E-03    0.1344784744E-03    0.1457665414E-03    0.1566015748E-03    0.1669412687E-03
        0.1114920997    0.1653054309E-05    0.2699424563E-05    0.4029861022E-05    0.5655092709E-05    0.7577862250E-05    0.9790324431E-05    0.1227297172E-04    0.1499514527E-04    0.1791724635E-04    0.2099384313E-04    0.2417728100E-04    0.2742087165E-04    0.3068149464E-04    0.3392141125E-04    0.3710905918E-04    0.4021922311E-04
        0.1220714697    0.4671618938E-06    0.7944232646E-06    0.1239634996E-05    0.1820855920E-05    0.2552625396E-05    0.3443441263E-05    0.4494094497E-05    0.5697126596E-05    0.7037565120E-05    0.8494559004E-05    0.1004360058E-04    0.1165873471E-04    0.1331451738E-04    0.1498752377E-04    0.1665722748E-04    0.1830642990E-04
        0.1336547051    0.3332857033E-05    0.5312035058E-05    0.7707657873E-05    0.1047836314E-04    0.1357142703E-04    0.1692496250E-04    0.2047155295E-04    0.2414237510E-04    0.2787147121E-04    0.3159910737E-04    0.3527421642E-04    0.3885544872E-04    0.4231129619E-04    0.4561950809E-04    0.4876583964E-04    0.5174267509E-04
        0.1463370617    0.1498674661E-06    0.2750619027E-06    0.4620316916E-06    0.7258587941E-06    0.1079500222E-05    0.1531858876E-05    0.2086446684E-05    0.2740871000E-05    0.3487247159E-05    0.4313293974E-05    0.5203863954E-05    0.6142496496E-05    0.7112801286E-05    0.8099528352E-05    0.9089211244E-05    0.1007049282E-04
        0.1602228341    0.1447767865E-05    0.2314089800E-05    0.3369109632E-05    0.4597886905E-05    0.5980222285E-05    0.7491247625E-05    0.9102742798E-05    0.1078481574E-04    0.1250781544E-04    0.1424397628E-04    0.1596874514E-04    0.1766151258E-04    0.1930591264E-04    0.2088975992E-04    0.2240462380E-04    0.2384529171E-04
        0.1754262130    0.1948060713E-06    0.3354324331E-06    0.5298489450E-06    0.7869366857E-06    0.1113595922E-05    0.1513509146E-05    0.1986401337E-05    0.2527912838E-05    0.3130116617E-05    0.3782455348E-05    0.4472908536E-05    0.5189091764E-05    0.5919176061E-05    0.6652549047E-05    0.7380158653E-05    0.8094639011E-05
        0.1920722248    0.7038382976E-06    0.1128246921E-05    0.1648164896E-05    0.2257701654E-05    0.2948187149E-05    0.3708290019E-05    0.4524555465E-05    0.5382203451E-05    0.6266122807E-05    0.7161789207E-05    0.8056054084E-05    0.8937633988E-05    0.9797364456E-05    0.1062824398E-04    0.1142526442E-04    0.1218516157E-04
        0.2102977595    0.4303876827E-07    0.8875795259E-07    0.1634103551E-06    0.2751690144E-06    0.4307741235E-06    0.6345024757E-06    0.8875437147E-06    0.1187885657E-05    0.1530710759E-05    0.1909128481E-05    0.2315072328E-05    0.2740139559E-05    0.3176278986E-05    0.3616273721E-05    0.4053989199E-05    0.4484457731E-05
        0.2302526962    0.3421961533E-06    0.5493609085E-06    0.8038663539E-06    0.1103107521E-05    0.1443026090E-05    0.1818135633E-05    0.2221778937E-05    0.2646538897E-05    0.3084763689E-05    0.3529060571E-05    0.3972721832E-05    0.4409992130E-05    0.4836207312E-05    0.5247819027E-05    0.5642306551E-05    0.6018045468E-05
        0.2521011363    0.1079392524E-06    0.1810669678E-06    0.2780700275E-06    0.4012364332E-06    0.5517766218E-06    0.7294558653E-06    0.9324796540E-06    0.1157634948E-05    0.1400655691E-05    0.1656687801E-05    0.1920768463E-05    0.2188212177E-05    0.2454883322E-05    0.2717349187E-05    0.2972913023E-05    0.3219578247E-05
        0.2760227522    0.1775226717E-07    0.3869947091E-07    0.7372087637E-07    0.1265867013E-06    0.2001027463E-06    0.2956466380E-06    0.4129702592E-06    0.5502875076E-06    0.7046050934E-06    0.8721755916E-06    0.1048971399E-05    0.1231076494E-05    0.1414965902E-05    0.1597667410E-05    0.1776810920E-05    0.1950609353E-05
        0.3022142655    0.2773102363E-07    0.5110717744E-07    0.8572545208E-07    0.1337374362E-06    0.1965336585E-06    0.2744731233E-06    0.3668119452E-06    0.4718266327E-06    0.5870887355E-06    0.7097975467E-06    0.8371022561E-06    0.9663484078E-06    0.1095238026E-05    0.1221907587E-05    0.1344932987E-05    0.1463294530E-05
        0.3308910644    0.3215849909E-07    0.5527174094E-07    0.8685833342E-07    0.1278645359E-06    0.1786971252E-06    0.2390974501E-06    0.3081475501E-06    0.3843917388E-06    0.4660376476E-06    0.5511728134E-06    0.6379572882E-06    0.7247568718E-06    0.8102182562E-06    0.8932940141E-06    0.9732260575E-06    0.1049509759E-05
        0.3622889751    0.2083699363E-07    0.3618784225E-07    0.5738747224E-07    0.8508590082E-07    0.1195117254E-06    0.1603965428E-06    0.2070022402E-06    0.2582310173E-06    0.3127844283E-06    0.3693224679E-06    0.4265951630E-06    0.4835257625E-06    0.5392506285E-06    0.5931248493E-06    0.6447018375E-06    0.6937026356E-06
        0.3966662010    0.5889107067E-08    0.1205246464E-07    0.2179899519E-07    0.3578098226E-07    0.5428984821E-07    0.7720228743E-07    0.1040170396E-06    0.1339586077E-06    0.1661125545E-06    0.1995517826E-06    0.2334325458E-06    0.2670489702E-06    0.2998533176E-06    0.3314518707E-06    0.3615847082E-06    0.3901005321E-06
        0.4343054463    0.2532810735E-08    0.5982737203E-08    0.1177546913E-07    0.2033414626E-07    0.3180560158E-07    0.4604048909E-07    0.6264012814E-07    0.8104518716E-07    0.1006361098E-06    0.1208170998E-06    0.1410722569E-06    0.1609910664E-06    0.1802716549E-06    0.1987104262E-06    0.2161842548E-06    0.2326319943E-06
        0.4755162407    0.1607678211E-08    0.3789044026E-08    0.7410100926E-08    0.1268410595E-07    0.1964009397E-07    0.2812633411E-07    0.3785479187E-07    0.4846523369E-07    0.5958798239E-07    0.7088960622E-07    0.8209814820E-07    0.9300980697E-07    0.1034842454E-06    0.1134343625E-06    0.1228139999E-06    0.1316068290E-06
        0.5206374847    0.1208269193E-08    0.2615814656E-08    0.4845619809E-08    0.7980446585E-08    0.1199478371E-07    0.1676767191E-07    0.2211646880E-07    0.2783624118E-07    0.3373275064E-07    0.3964239792E-07    0.4544000717E-07    0.5103754460E-07    0.5637849693E-07    0.6143098123E-07    0.6618098013E-07    0.7062687644E-07
        0.5700402368    0.5508570156E-09    0.1287287347E-08    0.2473158172E-08    0.4138262355E-08    0.6248572857E-08    0.8720829951E-08    0.1144672488E-07    0.1431613529E-07    0.1723313496E-07    0.2012305202E-07    0.2293296278E-07    0.2562842765E-07    0.2818920784E-07    0.3060531380E-07    0.3287372254E-07    0.3499601330E-07
        0.6241307649    0.3074305931E-09    0.7044222210E-09    0.1328471231E-08    0.2182992315E-08    0.3239195494E-08    0.4447657721E-08    0.5752563393E-08    0.7102787739E-08    0.8457659456E-08    0.9787987836E-08    0.1107451070E-07    0.1230542916E-07    0.1347417385E-07    0.1457773338E-07    0.1561544583E-07    0.1658821360E-07
        0.6833538873    0.1525048640E-09    0.3490365870E-09    0.6517236554E-09    0.1056165301E-08    0.1543581726E-08    0.2088345438E-08    0.2665156187E-08    0.3253289404E-08    0.3837801041E-08    0.4408788939E-08    0.4960046950E-08    0.5487814210E-08    0.5989915453E-08    0.6465245528E-08    0.6913443639E-08    0.7334698019E-08
        0.7481966305    0.7386641889E-10    0.1661660195E-09    0.3042941281E-09    0.4834365197E-09    0.6933839034E-09    0.9226017382E-09    0.1161173125E-08    0.1401887924E-08    0.1640011594E-08    0.1872541620E-08    0.2097537773E-08    0.2313686778E-08    0.2520087784E-08    0.2716162318E-08    0.2901601067E-08    0.3076326945E-08
        0.8191922345    0.3359165282E-10    0.7401220205E-10    0.1325574184E-09    0.2060791281E-09    0.2898669061E-09    0.3794646430E-09    0.4715703004E-09    0.5640563483E-09    0.6555998067E-09    0.7453092867E-09    0.8325086115E-09    0.9166499114E-09    0.9972989180E-09    0.1074141116E-08    0.1146979580E-08    0.1215725708E-08
        0.8969245379    0.1429064999E-10    0.3073244657E-10    0.5369814480E-10    0.8159096282E-10    0.1125653478E-09    0.1451696681E-09    0.1784879452E-09    0.2119805319E-09    0.2452865980E-09    0.2781059319E-09    0.3101638920E-09    0.3412156464E-09    0.3710602842E-09    0.3995500490E-09    0.4265900220E-09    0.4521328737E-09
        0.9820327791    0.5663008167E-11    0.1184687289E-10    0.2015317144E-10    0.2991715651E-10    0.4053210819E-10    0.5160933420E-10    0.6293889834E-10    0.7439128254E-10    0.8585295980E-10    0.9720715005E-10    0.1083396263E-09    0.1191489824E-09    0.1295538336E-09    0.1394954665E-09    0.1489364853E-09    0.1578579232E-09
        1.0752168532    0.2079797701E-11    0.4222110324E-11    0.6985918349E-11    0.1014103572E-10    0.1352364170E-10    0.1705072812E-10    0.2068011865E-10    0.2437564900E-10    0.2809541799E-10    0.3179398472E-10    0.3542815376E-10    0.3896103367E-10    0.4236389684E-10    0.4561641755E-10    0.4870578547E-10    0.5162551433E-10
        1.1772430677    0.7108118381E-12    0.1393764016E-11    0.2240553591E-11    0.3185651073E-11    0.4194140565E-11    0.5252030781E-11    0.6349754853E-11    0.7474683693E-11    0.8611321974E-11    0.9743718503E-11    0.1085746453E-10    0.1194066595E-10    0.1298424192E-10    0.1398183451E-10    0.1492945826E-10    0.1582510665E-10
        1.2889504441    0.2295356427E-12    0.4318446830E-12    0.6740290489E-12    0.9411054444E-12    0.1227458802E-11    0.1530791975E-11    0.1847953306E-11    0.2174345665E-11    0.2504774696E-11    0.2834239730E-11    0.3158390126E-11    0.3473700304E-11    0.3777500984E-11    0.4067930015E-11    0.4343822864E-11    0.4604599558E-11
        1.4112576178    0.7352059400E-13    0.1324104870E-12    0.2011793302E-12    0.2770350080E-12    0.3592478135E-12    0.4471509593E-12    0.5395171830E-12    0.6347660007E-12    0.7312650025E-12    0.8275091701E-12    0.9222120425E-12    0.1014337936E-11    0.1103104512E-11    0.1187966498E-11    0.1268583721E-11    0.1344790448E-11
        1.5451703927    0.2861790954E-13    0.4823490152E-13    0.7115298813E-13    0.9691041755E-13    0.1252562507E-12    0.1557867974E-12    0.1879511176E-12    0.2211457216E-12    0.2547844996E-12    0.2883377995E-12    0.3213555038E-12    0.3534758254E-12    0.3844256094E-12    0.4140145592E-12    0.4421244000E-12    0.4686995852E-12
        1.6917900122    0.1643421723E-13    0.2631323224E-13    0.3812820738E-13    0.5168127413E-13    0.6673363655E-13    0.8299275058E-13    0.1001348894E-12    0.1178299418E-12    0.1357633215E-12    0.1536519806E-12    0.1712556196E-12    0.1883811546E-12    0.2048828261E-12    0.2206591279E-12    0.2356472037E-12    0.2498186226E-12
        1.8523222157    0.1279954912E-13    0.2068754222E-13    0.3001790200E-13    0.4069352561E-13    0.5255012848E-13    0.6536007435E-13    0.7886752494E-13    0.9281171624E-13    0.1069443627E-12    0.1210421682E-12    0.1349156061E-12    0.1484124115E-12    0.1614176499E-12    0.1738512999E-12    0.1856639121E-12    0.1968336036E-12
        2.0280871538    0.1215245678E-13    0.1914099252E-13    0.2764101230E-13    0.3745108784E-13    0.4836525202E-13    0.6016082311E-13    0.7259990587E-13    0.8544182111E-13    0.9845766730E-13    0.1114416510E-12    0.1242191315E-12    0.1366498180E-12    0.1486278214E-12    0.1600794275E-12    0.1709591363E-12    0.1812470517E-12
        2.2205302450    0.1139841426E-13    0.1818369865E-13    0.2630400428E-13    0.3564842139E-13    0.4604256391E-13    0.5727692645E-13    0.6912481270E-13    0.8135675659E-13    0.9375458489E-13    0.1061221894E-12    0.1182931685E-12    0.1301338595E-12    0.1415433806E-12    0.1524515112E-12    0.1628149461E-12    0.1726149312E-12
        2.4312340620    0.1249854268E-13    0.1984726305E-13    0.2870008181E-13    0.3889902756E-13    0.5024593628E-13    0.6251093487E-13    0.7544618924E-13    0.8880099518E-13    0.1023370503E-12    0.1158401840E-12    0.1291286830E-12    0.1420565921E-12    0.1545137551E-12    0.1664234946E-12    0.1777385112E-12    0.1884382617E-12
        2.6619313461    0.9946573458E-14    0.1579518006E-13    0.2284302611E-13    0.3096397545E-13    0.3999978439E-13    0.4976710459E-13    0.6006840487E-13    0.7070393960E-13    0.8148387894E-13    0.9223763251E-13    0.1028204704E-12    0.1131161468E-12    0.1230369309E-12    0.1325217698E-12    0.1415330965E-12    0.1500550343E-12
        2.9145192568    0.8671754858E-14    0.1377172192E-13    0.1991898587E-13    0.2700312322E-13    0.3488577082E-13    0.4340679715E-13    0.5239377997E-13    0.6167240884E-13    0.7107704668E-13    0.8045885306E-13    0.8969155516E-13    0.9867373374E-13    0.1073288493E-12    0.1156036469E-12    0.1234654175E-12    0.1309006195E-12
        3.1910749729    0.8932979870E-14    0.1418798936E-13    0.2052337503E-13    0.2782493169E-13    0.3594980020E-13    0.4473280144E-13    0.5399614943E-13    0.6356014221E-13    0.7325403283E-13    0.8292439521E-13    0.9244106884E-13    0.1016995133E-12    0.1106208343E-12    0.1191501391E-12    0.1272537167E-12    0.1349176273E-12
        3.4938727747    0.8505524847E-14    0.1351062118E-13    0.1954557405E-13    0.2650127167E-13    0.3424145385E-13    0.4260868341E-13    0.5143355364E-13    0.6054485123E-13    0.6977990295E-13    0.7899254089E-13    0.8805876373E-13    0.9687897864E-13    0.1053780259E-12    0.1135036161E-12    0.1212236657E-12    0.1285250452E-12
        3.8254027466    0.7472138324E-14    0.1187052684E-13    0.1717445879E-13    0.2328782141E-13    0.3009075595E-13    0.3744484550E-13    0.4520117646E-13    0.5320925780E-13    0.6132610926E-13    0.6942325972E-13    0.7739172168E-13    0.8514396131E-13    0.9261392040E-13    0.9975564935E-13    0.1065410064E-12    0.1129587184E-12
        4.1883912545    0.7619273590E-14    0.1210562130E-13    0.1751597698E-13    0.2375213929E-13    0.3069177576E-13    0.3819366084E-13    0.4610587676E-13    0.5427490317E-13    0.6255488433E-13    0.7081476657E-13    0.7894337204E-13    0.8685140793E-13    0.9447148883E-13    0.1017567422E-12    0.1086784623E-12    0.1152251574E-12
        4.5858233661    0.7984762741E-14    0.1268759503E-13    0.1835926105E-13    0.2489670144E-13    0.3217162999E-13    0.4003598083E-13    0.4833048936E-13    0.5689421509E-13    0.6557425426E-13    0.7423322114E-13    0.8275456644E-13    0.9104468347E-13    0.9903293123E-13    0.1066701712E-12    0.1139262996E-12    0.1207892165E-12
        5.0209673996    0.7275832072E-14    0.1156213623E-13    0.1673159925E-13    0.2269021810E-13    0.2932104062E-13    0.3648910145E-13    0.4404923367E-13    0.5185474507E-13    0.5976626956E-13    0.6765858549E-13    0.7542546298E-13    0.8298158350E-13    0.9026256134E-13    0.9722361460E-13    0.1038373441E-12    0.1100929049E-12
        5.4974018001    0.6037559919E-14    0.9595092200E-14    0.1388569211E-13    0.1883130154E-13    0.2433483899E-13    0.3028428008E-13    0.3655913595E-13    0.4303765288E-13    0.4960415817E-13    0.5615471904E-13    0.6260116582E-13    0.6887268508E-13    0.7491583830E-13    0.8069346642E-13    0.8618289238E-13    0.9137541593E-13
        6.0190445678    0.4765686767E-14    0.7574255560E-14    0.1096158998E-13    0.1486604696E-13    0.1921097716E-13    0.2390793792E-13    0.2886180539E-13    0.3397645758E-13    0.3916057352E-13    0.4433210071E-13    0.4942143128E-13    0.5437265980E-13    0.5914359880E-13    0.6370492229E-13    0.6803879650E-13    0.7213867831E-13
        6.5901854779    0.3727580649E-14    0.5924658675E-14    0.8574504254E-14    0.1162888677E-13    0.1502784250E-13    0.1870218383E-13    0.2257749714E-13    0.2657858820E-13    0.3063401857E-13    0.3467960040E-13    0.3866088097E-13    0.4253412676E-13    0.4626633629E-13    0.4983457766E-13    0.5322496211E-13    0.5643266388E-13
        7.2155213579    0.2915689306E-14    0.4634417020E-14    0.6707340151E-14    0.9096724937E-14    0.1175566193E-13    0.1463002680E-13    0.1766160730E-13    0.2079158058E-13    0.2396406190E-13    0.2712883849E-13    0.3024331322E-13    0.3327327433E-13    0.3619290624E-13    0.3898427773E-13    0.4163657765E-13    0.4414628398E-13
        7.9001947124    0.2280686587E-14    0.3625212748E-14    0.5246820498E-14    0.7115989719E-14    0.9196023690E-14    0.1144458199E-13    0.1381612641E-13    0.1626464110E-13    0.1874640864E-13    0.2122214869E-13    0.2365853842E-13    0.2602881477E-13    0.2831278340E-13    0.3049642393E-13    0.3257132544E-13    0.3453495101E-13
        8.6498360130    0.1784013263E-14    0.2835809627E-14    0.4104361795E-14    0.5566576021E-14    0.7193745064E-14    0.8952746890E-14    0.1080795793E-13    0.1272338098E-13    0.1466481685E-13    0.1660153739E-13    0.1850747486E-13    0.2036169313E-13    0.2214839516E-13    0.2385661899E-13    0.2547982488E-13    0.2701621658E-13
        9.4706100008    0.1395522889E-14    0.2218322576E-14    0.3210685964E-14    0.4354546977E-14    0.5627448492E-14    0.7003479846E-14    0.8454773490E-14    0.9953169593E-14    0.1147191487E-13    0.1298697134E-13    0.1447794678E-13    0.1592846333E-13    0.1732616377E-13    0.1866247785E-13    0.1993232404E-13    0.2113445896E-13
       10.3692663829    0.1091643661E-14    0.1735303664E-14    0.2511609790E-14    0.3406429203E-14    0.4402194161E-14    0.5478635310E-14    0.6613952469E-14    0.7786116811E-14    0.8974199814E-14    0.1015939708E-13    0.1132575621E-13    0.1246046518E-13    0.1355385760E-13    0.1459923347E-13    0.1559264713E-13    0.1653326485E-13
       11.3531953391    0.8539428106E-15    0.1357465261E-14    0.1964753936E-14    0.2664752973E-14    0.3443719503E-14    0.4285797249E-14    0.5173932400E-14    0.6090892277E-14    0.7020304946E-14    0.7947460124E-14    0.8859878598E-14    0.9747537804E-14    0.1060287628E-13    0.1142065648E-13    0.1219781705E-13    0.1293382475E-13
       12.4304882957    0.6680050798E-15    0.1061900614E-14    0.1536970229E-14    0.2084565148E-14    0.2693934623E-14    0.3352674630E-14    0.4047444340E-14    0.4764762996E-14    0.5491823183E-14    0.6217117361E-14    0.6930883305E-14    0.7625280594E-14    0.8294394350E-14    0.8934130530E-14    0.9542115938E-14    0.1011803533E-13
       13.6100044661    0.5225563745E-15    0.8306928986E-15    0.1202330156E-14    0.1630702392E-14    0.2107399528E-14    0.2622718168E-14    0.3166222064E-14    0.3727365508E-14    0.4296129531E-14    0.4863512028E-14    0.5421876219E-14    0.5965088721E-14    0.6488522702E-14    0.6988978191E-14    0.7464617197E-14    0.7915280147E-14
       14.9014437053    0.4087788387E-15    0.6498277737E-15    0.9405519651E-15    0.1275658711E-14    0.1648568989E-14    0.2051692041E-14    0.2476863812E-14    0.2915834620E-14    0.3360766836E-14    0.3804618306E-14    0.4241414937E-14    0.4666358726E-14    0.5075830412E-14    0.5467329041E-14    0.5839432503E-14    0.6192090478E-14
       16.3154262774    0.3197754458E-15    0.5083430931E-15    0.7357706276E-15    0.9979176842E-15    0.1289637637E-14    0.1604992397E-14    0.1937595398E-14    0.2280993089E-14    0.2629054258E-14    0.2976269978E-14    0.3317966841E-14    0.3650391480E-14    0.3970712807E-14    0.4276976336E-14    0.4568083051E-14    0.4844056275E-14
       17.8635801925    0.2501514048E-15    0.3976639947E-15    0.5755758435E-15    0.7806480340E-15    0.1008854472E-14    0.1255549916E-14    0.1515738292E-14    0.1784371123E-14    0.2056652092E-14    0.2328271679E-14    0.2595573979E-14    0.2855622819E-14    0.3106203652E-14    0.3345789209E-14    0.3573531023E-14    0.3789501750E-14
       19.5586368304    0.1956868539E-15    0.3110829044E-15    0.4502596471E-15    0.6106833479E-15    0.7892044792E-15    0.9821891682E-15    0.1185729091E-14    0.1395874931E-14    0.1608874631E-14    0.1821356944E-14    0.2030461932E-14    0.2233892696E-14    0.2429916975E-14    0.2617341414E-14    0.2795512122E-14    0.2964530572E-14
       21.4145356385    0.1530809084E-15    0.2433528457E-15    0.3522279132E-15    0.4777240255E-15    0.6173773745E-15    0.7683452585E-15    0.9275702788E-15    0.1091962967E-14    0.1258588169E-14    0.1424808629E-14    0.1588387078E-14    0.1747526706E-14    0.1900872510E-14    0.2047492186E-14    0.2186882139E-14    0.2319161698E-14
       23.4465387640    0.1197514918E-15    0.1903693513E-15    0.2755400452E-15    0.3737130308E-15    0.4829609235E-15    0.6010599379E-15    0.7256183354E-15    0.8542192903E-15    0.9845666927E-15    0.1114597474E-14    0.1242561464E-14    0.1367053062E-14    0.1487012376E-14    0.1601711065E-14    0.1710762433E-14    0.1814291062E-14
       25.6713565631    0.9367878242E-16    0.1489216625E-15    0.2155489169E-15    0.2923475896E-15    0.3778099284E-15    0.4701963129E-15    0.5676357365E-15    0.6682375674E-15    0.7702056069E-15    0.8719259597E-15    0.9720295055E-15    0.1069416676E-14    0.1163258417E-14    0.1252985885E-14    0.1338302151E-14    0.1419334136E-14
       28.1072850208    0.7328276624E-16    0.1164981183E-15    0.1686192260E-15    0.2286972196E-15    0.2955526166E-15    0.3678245487E-15    0.4440493667E-15    0.5227480692E-15    0.6025155277E-15    0.6820892259E-15    0.7603981298E-15    0.8365820737E-15    0.9099925786E-15    0.9801853449E-15    0.1046933533E-14    0.1110358517E-14
       30.7743562090    0.5732746166E-16    0.9113392843E-16    0.1319071800E-15    0.1789049357E-15    0.2312045114E-15    0.2877413285E-15    0.3473704049E-15    0.4089347490E-15    0.4713351584E-15    0.5335839930E-15    0.5948434055E-15    0.6544405093E-15    0.7118680687E-15    0.7667792053E-15    0.8190004002E-15    0.8686486421E-15
       33.6945030221    0.4484600457E-16    0.7129209630E-16    0.1031881569E-15    0.1399535162E-15    0.1808663776E-15    0.2250939438E-15    0.2717405194E-15    0.3199010142E-15    0.3687155452E-15    0.4174115022E-15    0.4653334552E-15    0.5119550215E-15    0.5568794530E-15    0.5998358754E-15    0.6406925926E-15    0.6795567148E-15
       36.8917395444    0.3508204854E-16    0.5577027241E-16    0.8072189221E-16    0.1094826619E-15    0.1414879353E-15    0.1760862325E-15    0.2125768699E-15    0.2502518144E-15    0.2884383976E-15    0.3265322229E-15    0.3640205611E-15    0.4004916361E-15    0.4356351180E-15    0.4692395992E-15    0.5012047294E-15    0.5316304695E-15
       40.3923585315    0.2744392630E-16    0.4362789043E-16    0.6314701951E-16    0.8564596641E-16    0.1106830204E-15    0.1377485423E-15    0.1662944023E-15    0.1957667208E-15    0.2256392834E-15    0.2554392835E-15    0.2847656236E-15    0.3132961821E-15    0.3407882313E-15    0.3670767158E-15    0.3920860175E-15    0.4159047838E-15
       44.2251476316    0.2146879304E-16    0.3412916899E-16    0.4939857432E-16    0.6699902851E-16    0.8658499051E-16    0.1077577804E-15    0.1300886076E-15    0.1531441838E-15    0.1765128626E-15    0.1998247772E-15    0.2227661576E-15    0.2450850163E-15    0.2665915005E-15    0.2871568546E-15    0.3067237723E-15    0.3253732250E-15
       48.4216261230    0.1679457742E-16    0.2669852408E-16    0.3864345958E-16    0.5241192562E-16    0.6773361269E-16    0.8429664190E-16    0.1017655793E-15    0.1198014727E-15    0.1380822996E-15    0.1563187211E-15    0.1742652815E-15    0.1917248575E-15    0.2085489588E-15    0.2246371055E-15    0.2399466581E-15    0.2545484325E-15
       53.0163041156    0.1313804011E-16    0.2088568987E-16    0.3022996231E-16    0.4100074437E-16    0.5298657863E-16    0.6594348876E-16    0.7960907187E-16    0.9371817269E-16    0.1080188799E-15    0.1222848496E-15    0.1363240672E-15    0.1499823281E-15    0.1631434904E-15    0.1757292084E-15    0.1877074656E-15    0.1991425457E-15
       58.0469663481    0.1027760981E-16    0.1633843369E-16    0.2364826195E-16    0.3207401873E-16    0.4145028531E-16    0.5158620416E-16    0.6227650299E-16    0.7331375641E-16    0.8450089948E-16    0.9566086814E-16    0.1066434533E-15    0.1173280252E-15    0.1276237467E-15    0.1374694898E-15    0.1468417134E-15    0.1557957643E-15
       63.5549829136    0.8039956482E-17    0.1278121184E-16    0.1849953710E-16    0.2509082979E-16    0.3242568634E-16    0.4035480291E-16    0.4871759929E-16    0.5735181096E-16    0.6610327816E-16    0.7483348738E-16    0.8342493326E-16    0.9178325035E-16    0.9983739400E-16    0.1075397331E-15    0.1148727621E-15    0.1218858534E-15
       69.5856494710    0.6289488019E-17    0.9998472601E-17    0.1447179844E-16    0.1962802837E-16    0.2536593269E-16    0.3156871415E-16    0.3811075422E-16    0.4486511677E-16    0.5171120585E-16    0.5854066526E-16    0.6526157304E-16    0.7180010975E-16    0.7810071223E-16    0.8412624706E-16    0.8986418789E-16    0.9535693811E-16
       76.1885597370    0.4920133746E-17    0.7821594549E-17    0.1132098346E-16    0.1535459391E-16    0.1984323603E-16    0.2469554175E-16    0.2981324238E-16    0.3509703841E-16    0.4045259019E-16    0.4579513293E-16    0.5105275801E-16    0.5616771861E-16    0.6109655922E-16    0.6581036126E-16    0.7029999584E-16    0.7460328082E-16
       83.4180133251    0.3848916921E-17    0.6118668814E-17    0.8856167313E-17    0.1201157610E-16    0.1552294660E-16    0.1931880352E-16    0.2332227329E-16    0.2745567601E-16    0.3164521174E-16    0.3582457078E-16    0.3993750052E-16    0.4393882732E-16    0.4779456628E-16    0.5148218294E-16    0.5499533133E-16    0.5836615931E-16
       91.3334622825    0.3010926653E-17    0.4786505920E-17    0.6927993536E-17    0.9396403596E-17    0.1214327503E-16    0.1511269422E-16    0.1824452458E-16    0.2147799876E-16    0.2475538461E-16    0.2802480945E-16    0.3124226806E-16    0.3437242242E-16    0.3738869421E-16    0.4027354688E-16    0.4302249216E-16    0.4566389110E-16
      100.0000000000    0.2355384559E-17    0.3744382952E-17    0.5419623762E-17    0.7350609137E-17    0.9499429001E-17    0.1182234329E-16    0.1427230844E-16    0.1680178742E-16    0.1936561757E-16    0.2192321999E-16    0.2444017033E-16    0.2688882474E-16    0.2924839815E-16    0.3150523272E-16    0.3365636366E-16    0.3572581400E-16
