               #####        0.2000000000        0.2533333333        0.3066666667        0.3600000000        0.4133333333        0.4666666667        0.5200000000        0.5733333333        0.6266666667        0.6800000000        0.7333333333        0.7866666667        0.8400000000        0.8933333333        0.9466666667        1.0000000000
        0.0010000000    0.1369187324E-07    0.2182617335E-07    0.3167497243E-07    0.4306929978E-07    0.5579318550E-07    0.6959265462E-07    0.8419068979E-07    0.9930424948E-07    0.1146619041E-06    0.1300177067E-06    0.1451612915E-06    0.1599222027E-06    0.1741704275E-06    0.1878140062E-06    0.2007938895E-06    0.2130782928E-06
        0.0010948890    0.1955141189E-07    0.3116684656E-07    0.4523051316E-07    0.6150112873E-07    0.7967029725E-07    0.9937535304E-07    0.1202207267E-06    0.1418022466E-06    0.1637323224E-06    0.1856597519E-06    0.2072841416E-06    0.2283620877E-06    0.2487079375E-06    0.2681903764E-06    0.2867250849E-06    0.3042666758E-06
        0.0011987818    0.2790556314E-07    0.4448417469E-07    0.6455712747E-07    0.8778004030E-07    0.1137127419E-06    0.1418376021E-06    0.1715900275E-06    0.2023931464E-06    0.2336937539E-06    0.2649905813E-06    0.2958548791E-06    0.3259392391E-06    0.3549786806E-06    0.3827857795E-06    0.4092401875E-06    0.4342771245E-06
        0.0013125330    0.3980674222E-07    0.6345581014E-07    0.9208948889E-07    0.1252165254E-06    0.1622090233E-06    0.2023285924E-06    0.2447698497E-06    0.2887098979E-06    0.3333595995E-06    0.3780039033E-06    0.4220312058E-06    0.4649459353E-06    0.5063701021E-06    0.5460363498E-06    0.5837730043E-06    0.6194876588E-06
        0.0014370779    0.5675214593E-07    0.9046843060E-07    0.1312912360E-06    0.1785201864E-06    0.2312600942E-06    0.2884582407E-06    0.3489663958E-06    0.4116113590E-06    0.4752680609E-06    0.5389170570E-06    0.6016863877E-06    0.6628695199E-06    0.7219275564E-06    0.7784793301E-06    0.8322800877E-06    0.8831980869E-06
        0.0015734408    0.8085572069E-07    0.1288918731E-06    0.1870528062E-06    0.2543406827E-06    0.3294801124E-06    0.4109712662E-06    0.4971782376E-06    0.5864295439E-06    0.6771222757E-06    0.7678040099E-06    0.8572324487E-06    0.9444009811E-06    0.1028541832E-05    0.1109111947E-05    0.1185762623E-05    0.1258306168E-05
        0.0017227429    0.1151129195E-06    0.1835011826E-06    0.2663039296E-06    0.3621005557E-06    0.4690753058E-06    0.5850928931E-06    0.7078242977E-06    0.8348898496E-06    0.9640075061E-06    0.1093109470E-05    0.1220427099E-05    0.1344527295E-05    0.1464316990E-05    0.1579023049E-05    0.1688149033E-05    0.1791427731E-05
        0.0018862122    0.1637555387E-06    0.2610422568E-06    0.3788345146E-06    0.5151114087E-06    0.6672899043E-06    0.8323324077E-06    0.1006925725E-05    0.1187684607E-05    0.1371362686E-05    0.1555018377E-05    0.1736135662E-05    0.1912675865E-05    0.2083084025E-05    0.2246260311E-05    0.2401498514E-05    0.2548418520E-05
        0.0020651929    0.2327425351E-06    0.3710142578E-06    0.5384301156E-06    0.7321178345E-06    0.9484061859E-06    0.1182977879E-05    0.1431123910E-05    0.1688032865E-05    0.1949090719E-05    0.2210116632E-05    0.2467534624E-05    0.2718447155E-05    0.2960644192E-05    0.3192562573E-05    0.3413198590E-05    0.3622012008E-05
        0.0022611570    0.3304528093E-06    0.5267739773E-06    0.7644746311E-06    0.1039476647E-05    0.1346567517E-05    0.1679617421E-05    0.2031940374E-05    0.2396704976E-05    0.2767360090E-05    0.3137969631E-05    0.3503456319E-05    0.3859706153E-05    0.4203581281E-05    0.4532862308E-05    0.4846124170E-05    0.5142599858E-05
        0.0024757158    0.4686565404E-06    0.7470842412E-06    0.1084197411E-05    0.1474212339E-05    0.1909736470E-05    0.2382076279E-05    0.2881749448E-05    0.3399067424E-05    0.3924739134E-05    0.4450345800E-05    0.4968686646E-05    0.5473927072E-05    0.5961616897E-05    0.6428608548E-05    0.6872881002E-05    0.7293346523E-05
        0.0027106339    0.6638353043E-06    0.1058218312E-05    0.1535727252E-05    0.2088169675E-05    0.2705074217E-05    0.3374126693E-05    0.4081895586E-05    0.4814657247E-05    0.5559251044E-05    0.6303751951E-05    0.7037960240E-05    0.7753611369E-05    0.8444401822E-05    0.9105873220E-05    0.9735162937E-05    0.1033073033E-04
        0.0029678432    0.9390941711E-06    0.1497007963E-05    0.2172515886E-05    0.2954028438E-05    0.3826732179E-05    0.4773206641E-05    0.5774450667E-05    0.6811049811E-05    0.7864386116E-05    0.8917589623E-05    0.9956231136E-05    0.1096861916E-04    0.1194583645E-04    0.1288157604E-04    0.1377178848E-04    0.1461429446E-04
        0.0032494587    0.1326484285E-05    0.2114545912E-05    0.3068711101E-05    0.4172609407E-05    0.5405316376E-05    0.6742224952E-05    0.8156495234E-05    0.9620703501E-05    0.1110855111E-04    0.1259620858E-04    0.1406329418E-04    0.1549329340E-04    0.1687361051E-04    0.1819533702E-04    0.1945275327E-04    0.2064278130E-04
        0.0035577965    0.1870626283E-05    0.2981961917E-05    0.4327539260E-05    0.5884272280E-05    0.7622652562E-05    0.9507978197E-05    0.1150239830E-04    0.1356723859E-04    0.1566541147E-04    0.1776331152E-04    0.1983219566E-04    0.2184877468E-04    0.2379528600E-04    0.2565916704E-04    0.2743235234E-04    0.2911050194E-04
        0.0038953921    0.2633222340E-05    0.4197615448E-05    0.6091743590E-05    0.8283108885E-05    0.1073017241E-04    0.1338408409E-04    0.1619156079E-04    0.1909816021E-04    0.2205167362E-04    0.2500479442E-04    0.2791706097E-04    0.3075568940E-04    0.3349567603E-04    0.3611933750E-04    0.3861532117E-04    0.4097751896E-04
        0.0042650218    0.3699607256E-05    0.5897538799E-05    0.8558739666E-05    0.1163755046E-04    0.1507560855E-04    0.1880427853E-04    0.2274869613E-04    0.2683236821E-04    0.3098193995E-04    0.3513094443E-04    0.3922253256E-04    0.4321064324E-04    0.4706014723E-04    0.5074620095E-04    0.5425285589E-04    0.5757153239E-04
        0.0046697254    0.5186894958E-05    0.8268423473E-05    0.1199946178E-04    0.1631599346E-04    0.2113619052E-04    0.2636382107E-04    0.3189391919E-04    0.3761923496E-04    0.4343691865E-04    0.4925377855E-04    0.5499010874E-04    0.6058132987E-04    0.6597819087E-04    0.7114586268E-04    0.7606198832E-04    0.8071454265E-04
        0.0051128308    0.7255107084E-05    0.1156536033E-04    0.1678410818E-04    0.2282180578E-04    0.2956399207E-04    0.3687605619E-04    0.4461116883E-04    0.5261930532E-04    0.6075659630E-04    0.6889268329E-04    0.7691607364E-04    0.8473643584E-04    0.9228488156E-04    0.9951269771E-04    0.1063886182E-03    0.1128958296E-03
        0.0055979820    0.1012240444E-04    0.1613612016E-04    0.2341737792E-04    0.3184123890E-04    0.4124799635E-04    0.5144982593E-04    0.6224185280E-04    0.7341474267E-04    0.8476775042E-04    0.9611898476E-04    0.1073128811E-03    0.1182234046E-03    0.1287544436E-03    0.1388380396E-03    0.1484305796E-03    0.1575086179E-03
        0.0061291687    0.1408461453E-04    0.2245228269E-04    0.3258364646E-04    0.4430485326E-04    0.5739366532E-04    0.7158871345E-04    0.8660489816E-04    0.1021509130E-03    0.1179474047E-03    0.1337412601E-03    0.1493160063E-03    0.1644962690E-03    0.1791483192E-03    0.1931776096E-03    0.2065234738E-03    0.2191533105E-03
        0.0067107592    0.1953952002E-04    0.3114795505E-04    0.4520315516E-04    0.6146391894E-04    0.7962190619E-04    0.9931447615E-04    0.1201460571E-03    0.1417124629E-03    0.1636260940E-03    0.1855357643E-03    0.2071411345E-03    0.2281988987E-03    0.2485235427E-03    0.2679839231E-03    0.2864959101E-03    0.3040143156E-03
        0.0073475362    0.2701811678E-04    0.4306960052E-04    0.6250432408E-04    0.8498873788E-04    0.1100964316E-03    0.1373258872E-03    0.1661300338E-03    0.1959498831E-03    0.2262493888E-03    0.2565428748E-03    0.2864150007E-03    0.3155293204E-03    0.3436293288E-03    0.3705337283E-03    0.3961262469E-03    0.4203444724E-03
        0.0080447363    0.3722577803E-04    0.5934165870E-04    0.8611898114E-04    0.1170981232E-03    0.1516914744E-03    0.1892078976E-03    0.2288934620E-03    0.2699778064E-03    0.3117221922E-03    0.3534573162E-03    0.3946108345E-03    0.4347191600E-03    0.4734289030E-03    0.5104903412E-03    0.5457433784E-03    0.5791021489E-03
        0.0088080930    0.5109138570E-04    0.8144486624E-04    0.1181960216E-03    0.1607139336E-03    0.2081919464E-03    0.2596812425E-03    0.3141467673E-03    0.3705308991E-03    0.4278194402E-03    0.4850935538E-03    0.5415675653E-03    0.5966051652E-03    0.6497213816E-03    0.7005736049E-03    0.7489422930E-03    0.7947098220E-03
        0.0096438838    0.6982392710E-04    0.1113064780E-03    0.1615323350E-03    0.2196390781E-03    0.2845239811E-03    0.3548899032E-03    0.4293217546E-03    0.5063735742E-03    0.5846587887E-03    0.6629212597E-03    0.7400869908E-03    0.8152862889E-03    0.8878564536E-03    0.9573294854E-03    0.1023405677E-02    0.1085924674E-02
        0.0105589819    0.9497917792E-04    0.1514065688E-03    0.2197270690E-03    0.2987672436E-03    0.3870265430E-03    0.4827397371E-03    0.5839809916E-03    0.6887824288E-03    0.7952570296E-03    0.9016953954E-03    0.1006636163E-02    0.1108896180E-02    0.1207574151E-02    0.1302033877E-02    0.1391868252E-02    0.1476859852E-02
        0.0115609128    0.1285330416E-03    0.2048949554E-03    0.2973513154E-03    0.4043135957E-03    0.5237501898E-03    0.6532709158E-03    0.7902679701E-03    0.9320765661E-03    0.1076141472E-02    0.1220148166E-02    0.1362118259E-02    0.1500450388E-02    0.1633925127E-02    0.1761682225E-02    0.1883171767E-02    0.1998100728E-02
        0.0126579159    0.1729391137E-03    0.2756829430E-03    0.4000811996E-03    0.5439956031E-03    0.7046910210E-03    0.8789491953E-03    0.1063258582E-02    0.1254030823E-02    0.1447825195E-02    0.1641525433E-02    0.1832468355E-02    0.2018498977E-02    0.2197977074E-02    0.2369746421E-02    0.2533068870E-02    0.2687552256E-02
        0.0138590124    0.2312575383E-03    0.3686487347E-03    0.5349959365E-03    0.7274381590E-03    0.9423151132E-03    0.1175319329E-02    0.1421750335E-02    0.1676804710E-02    0.1935876858E-02    0.2194796075E-02    0.2449998939E-02    0.2698603171E-02    0.2938416319E-02    0.3167894404E-02    0.3386053391E-02    0.3592372482E-02
        0.0151740797    0.3069416985E-03    0.4892974769E-03    0.7100845583E-03    0.9655028790E-03    0.1250689483E-02    0.1559920507E-02    0.1886949104E-02    0.2225391386E-02    0.2569126751E-02    0.2912613540E-02    0.3251118535E-02    0.3580815230E-02    0.3898795224E-02    0.4203012923E-02    0.4492167414E-02    0.4765573580E-02
        0.0166139325    0.4048450285E-03    0.6453655804E-03    0.9365729245E-03    0.1273449996E-02    0.1649574478E-02    0.2057385383E-02    0.2488629722E-02    0.2934873231E-02    0.3388030221E-02    0.3840781655E-02    0.4286878917E-02    0.4721273826E-02    0.5140133368E-02    0.5540766059E-02    0.5921465039E-02    0.6281337203E-02
        0.0181904113    0.5301041870E-03    0.8450405567E-03    0.1226340446E-02    0.1667425808E-02    0.2159873059E-02    0.2693762480E-02    0.3258264786E-02    0.3842312683E-02    0.4435297763E-02    0.5027620755E-02    0.5611091030E-02    0.6179097390E-02    0.6726626796E-02    0.7250166686E-02    0.7747497678E-02    0.8217468313E-02
        0.0199164806    0.6861436018E-03    0.1093781606E-02    0.1587308614E-02    0.2158196273E-02    0.2795518458E-02    0.3486404112E-02    0.4216799259E-02    0.4972340916E-02    0.5739264208E-02    0.6505119191E-02    0.7259290772E-02    0.7993220579E-02    0.8700430198E-02    0.9376392625E-02    0.1001826086E-01    0.1062457390E-01
        0.0218063349    0.8791214635E-03    0.1401403278E-02    0.2033714163E-02    0.2765103915E-02    0.3581535790E-02    0.4466467798E-02    0.5401833715E-02    0.6369170462E-02    0.7350788597E-02    0.8330698103E-02    0.9295278842E-02    0.1023356589E-01    0.1113727741E-01    0.1200064636E-01    0.1282006761E-01    0.1359371730E-01
        0.0238755154    0.1111460755E-02    0.1771769756E-02    0.2571164427E-02    0.3495765271E-02    0.4527767827E-02    0.5646179343E-02    0.6828066572E-02    0.8049993376E-02    0.9289513653E-02    0.1052635331E-01    0.1174326448E-01    0.1292638759E-01    0.1406528332E-01    0.1515271388E-01    0.1618418871E-01    0.1715747696E-01
        0.0261410384    0.1391433202E-02    0.2218062352E-02    0.3218774986E-02    0.4376139745E-02    0.5667776638E-02    0.7067282502E-02    0.8545805390E-02    0.1007386389E-01    0.1162323652E-01    0.1316845898E-01    0.1468790289E-01    0.1616423020E-01    0.1758442706E-01    0.1893952023E-01    0.2022399520E-01    0.2143517631E-01
        0.0286215345    0.1724540416E-02    0.2749051683E-02    0.3989267586E-02    0.5423500261E-02    0.7023875614E-02    0.8757485942E-02    0.1058836086E-01    0.1247975275E-01    0.1439650967E-01    0.1630695692E-01    0.1818424693E-01    0.2000692219E-01    0.2175894654E-01    0.2342933779E-01    0.2501142607E-01    0.2650207130E-01
        0.0313374022    0.2111578742E-02    0.3366026702E-02    0.4884538107E-02    0.6640446284E-02    0.8599431717E-02    0.1072094191E-01    0.1296063462E-01    0.1527322245E-01    0.1761542428E-01    0.1994830627E-01    0.2223895130E-01    0.2446114556E-01    0.2659539866E-01    0.2862846971E-01    0.3055242864E-01    0.3236367831E-01
        0.0343109759    0.2557474655E-02    0.4076874926E-02    0.5916081545E-02    0.8042659980E-02    0.1041479431E-01    0.1298301978E-01    0.1569322668E-01    0.1849017346E-01    0.2132112675E-01    0.2413874729E-01    0.2690313127E-01    0.2958263315E-01    0.3215386103E-01    0.3460106703E-01    0.3691496717E-01    0.3909153146E-01
        0.0375667089    0.3076961416E-02    0.4905122068E-02    0.7118091547E-02    0.9676683463E-02    0.1253026765E-01    0.1561887565E-01    0.1887688153E-01    0.2223732617E-01    0.2563638562E-01    0.2901690703E-01    0.3233088190E-01    0.3554041500E-01    0.3861767258E-01    0.4154409880E-01    0.4430893739E-01    0.4690774646E-01
        0.0411313750    0.3693844886E-02    0.5888761341E-02    0.8545758394E-02    0.1161759569E-01    0.1504308353E-01    0.1874964766E-01    0.2265784824E-01    0.2668670790E-01    0.3075918998E-01    0.3480651486E-01    0.3877113354E-01    0.4260784650E-01    0.4628367118E-01    0.4977683483E-01    0.5307492614E-01    0.5617308377E-01
        0.0450342886    0.4441735947E-02    0.7081410379E-02    0.1027692572E-01    0.1397122486E-01    0.1809020342E-01    0.2254586231E-01    0.2724189146E-01    0.3208026127E-01    0.3696794279E-01    0.4182216156E-01    0.4657394595E-01    0.5116939160E-01    0.5556940292E-01    0.5974840320E-01    0.6369202864E-01    0.6739493259E-01
        0.0493075457    0.5381984806E-02    0.8580763512E-02    0.1245312626E-01    0.1692951982E-01    0.2191939878E-01    0.2731517924E-01    0.3299923156E-01    0.3885210574E-01    0.4476080509E-01    0.5062517576E-01    0.5636211782E-01    0.6190698540E-01    0.6721314541E-01    0.7225033319E-01    0.7700177392E-01    0.8146152536E-01
        0.0539862877    0.6590940600E-02    0.1050819452E-01    0.1524982050E-01    0.2072982820E-01    0.2683613833E-01    0.3343568157E-01    0.4038329865E-01    0.4753209689E-01    0.5474366487E-01    0.6189583470E-01    0.6888766313E-01    0.7564096326E-01    0.8209962146E-01    0.8822751399E-01    0.9400489929E-01    0.9942518720E-01
        0.0591089906    0.8127745187E-02    0.1295747328E-01    0.1880209613E-01    0.2555412037E-01    0.3307351248E-01    0.4119442588E-01    0.4973662147E-01    0.5851850637E-01    0.6736968898E-01    0.7614037354E-01    0.8470726309E-01    0.9297526279E-01    0.1008765150E+00    0.1083677777E+00    0.1154258732E+00    0.1220437206E+00
        0.0647177816    0.1001148514E-01    0.1595851564E-01    0.2315242781E-01    0.3145866691E-01    0.4070236602E-01    0.5067725010E-01    0.6116014254E-01    0.7192713589E-01    0.8276883607E-01    0.9350172776E-01    0.1039752857E+00    0.1140739874E+00    0.1237160365E+00    0.1328500480E+00    0.1414492440E+00    0.1495065224E+00
        0.0708587849    0.1214667449E-01    0.1935977135E-01    0.2808227124E-01    0.3814899374E-01    0.4934592936E-01    0.6142155885E-01    0.7410450186E-01    0.8712289102E-01    0.1002226152E+00    0.1131812513E+00    0.1258169267E+00    0.1379908778E+00    0.1496057803E+00    0.1606014951E+00    0.1709476427E+00    0.1806374941E+00
        0.0775825017    0.1436040000E-01    0.2288835671E-01    0.3320114260E-01    0.4510409272E-01    0.5834524163E-01    0.7262833029E-01    0.8763269877E-01    0.1030356781E+00    0.1185345751E+00    0.1338643437E+00    0.1488089495E+00    0.1632045846E+00    0.1769373280E+00    0.1899376319E+00    0.2021709821E+00    0.2136305518E+00
        0.0849442250    0.1637002458E-01    0.2610116935E-01    0.3788054305E-01    0.5149442723E-01    0.6666390160E-01    0.8305682546E-01    0.1003080052E+00    0.1180449356E+00    0.1359153505E+00    0.1536102775E+00    0.1708783745E+00    0.1875295359E+00    0.2034315466E+00    0.2185032594E+00    0.2327034411E+00    0.2460224782E+00
        0.0930044946    0.1817944614E-01    0.2901140788E-01    0.4215346313E-01    0.5738811882E-01    0.7442322030E-01    0.9289865665E-01    0.1124059953E+00    0.1325205724E+00    0.1528377952E+00    0.1730026272E+00    0.1927262433E+00    0.2117892626E+00    0.2300372491E+00    0.2473729560E+00    0.2637437970E+00    0.2791330627E+00
        0.1018295948    0.2024365076E-01    0.3234318094E-01    0.4706954148E-01    0.6420959747E-01    0.8345898490E-01    0.1044208505E+00    0.1266294514E+00    0.1495953464E+00    0.1728530111E+00    0.1959953486E+00    0.2186905853E+00    0.2406842617E+00    0.2617937875E+00    0.2819003526E+00    0.3009353740E+00    0.3188714938E+00
        0.1114920997    0.2349955546E-01    0.3756940710E-01    0.5472976555E-01    0.7475399626E-01    0.9729324783E-01    0.1218725148E+00    0.1479313921E+00    0.1748899662E+00    0.2022058763E+00    0.2294092181E+00    0.2561169569E+00    0.2820330209E+00    0.3069420685E+00    0.3307012383E+00    0.3532252520E+00    0.3744769654E+00
        0.1220714697    0.2830757820E-01    0.4524687225E-01    0.6591147440E-01    0.9002518199E-01    0.1171412014E+00    0.1466527739E+00    0.1778676231E+00    0.2100945307E+00    0.2427016143E+00    0.2751464669E+00    0.3069870569E+00    0.3378803515E+00    0.3675755771E+00    0.3959056780E+00    0.4227703657E+00    0.4481257798E+00
        0.1336547051    0.3359935274E-01    0.5370746994E-01    0.7825677661E-01    0.1069092134E+00    0.1390949233E+00    0.1740611048E+00    0.2109849750E+00    0.2490683362E+00    0.2875881902E+00    0.3259221533E+00    0.3635590474E+00    0.4000986791E+00    0.4352459323E+00    0.4688024569E+00    0.5006474855E+00    0.5307265398E+00
        0.1463370617    0.3744536409E-01    0.5998840421E-01    0.8765971764E-01    0.1201100930E+00    0.1566924697E+00    0.1965630268E+00    0.2388156537E+00    0.2825681322E+00    0.3270053792E+00    0.3714083174E+00    0.4151718214E+00    0.4578108709E+00    0.4989586784E+00    0.5383605329E+00    0.5758532287E+00    0.6113532496E+00
        0.1602228341    0.4025938662E-01    0.6479022502E-01    0.9518946610E-01    0.1311394334E+00    0.1719648764E+00    0.2167827834E+00    0.2646314243E+00    0.3145420843E+00    0.3655843291E+00    0.4169087186E+00    0.4677791641E+00    0.5175897394E+00    0.5658693430E+00    0.6122790763E+00    0.6565905170E+00    0.6986733495E+00
        0.1754262130    0.4539745004E-01    0.7328433844E-01    0.1080185497E+00    0.1492337489E+00    0.1961774071E+00    0.2478921227E+00    0.3033199176E+00    0.3613642492E+00    0.4209450728E+00    0.4810582699E+00    0.5408216305E+00    0.5995002554E+00    0.6565157137E+00    0.7114454833E+00    0.7639984753E+00    0.8140015372E+00
        0.1920722248    0.5353319524E-01    0.8644345775E-01    0.1273762886E+00    0.1758181157E+00    0.2308858384E+00    0.2915033373E+00    0.3564747746E+00    0.4245464897E+00    0.4944743843E+00    0.5650968389E+00    0.6353894536E+00    0.7044950081E+00    0.7717346191E+00    0.8366082618E+00    0.8987667959E+00    0.9579978144E+00
        0.2102977595    0.5966810864E-01    0.9672430420E-01    0.1430348320E+00    0.1980844157E+00    0.2609889337E+00    0.3306209842E+00    0.4056627257E+00    0.4846845201E+00    0.5662356396E+00    0.6489397558E+00    0.7315666889E+00    0.8130736621E+00    0.8926232188E+00    0.9695877829E+00    0.1043518915E+01    0.1114132648E+01
        0.2302526962    0.6444054426E-01    0.1052070321E+00    0.1566609271E+00    0.2184388246E+00    0.2897510255E+00    0.3694443213E+00    0.4560569297E+00    0.5479302730E+00    0.6433353096E+00    0.7406018759E+00    0.8382165910E+00    0.9348814146E+00    0.1029541440E+01    0.1121394662E+01    0.1209857395E+01    0.1294548110E+01
        0.2521011363    0.7356854301E-01    0.1203366162E+00    0.1794365314E+00    0.2505672331E+00    0.3329452430E+00    0.4253294782E+00    0.5260895269E+00    0.6333417879E+00    0.7450968024E+00    0.8594106458E+00    0.9745015514E+00    0.1088822712E+01    0.1201100171E+01    0.1310350193E+01    0.1415842650E+01    0.1517086199E+01
        0.2760227522    0.8202278096E-01    0.1347237898E+00    0.2017009777E+00    0.2828570210E+00    0.3774864371E+00    0.4842859526E+00    0.6014440972E+00    0.7268067867E+00    0.8580543129E+00    0.9928858601E+00    0.1129165050E+01    0.1265014497E+01    0.1398868507E+01    0.1529500858E+01    0.1655985878E+01    0.1777684925E+01
        0.3022142655    0.8968114651E-01    0.1483522303E+00    0.2237113622E+00    0.3160079619E+00    0.4246763416E+00    0.5483533234E+00    0.6849993010E+00    0.8321075968E+00    0.9869272564E+00    0.1146694923E+01    0.1308819201E+01    0.1471002379E+01    0.1631310312E+01    0.1788211750E+01    0.1940535499E+01    0.2087457727E+01
        0.3308910644    0.1006673647E+00    0.1670711384E+00    0.2528538957E+00    0.3586009178E+00    0.4839079457E+00    0.6274032481E+00    0.7868732736E+00    0.9594926608E+00    0.1142080262E+01    0.1331378071E+01    0.1524281879E+01    0.1718000536E+01    0.1910153064E+01    0.2098828351E+01    0.2282542260E+01    0.2460229490E+01
        0.3622889751    0.1101751082E+00    0.1843363564E+00    0.2813215856E+00    0.4022425340E+00    0.5469435392E+00    0.7140345680E+00    0.9010425432E+00    0.1104692108E+01    0.1321221396E+01    0.1546726865E+01    0.1777451305E+01    0.2009985550E+01    0.2241394528E+01    0.2469298680E+01    0.2691828720E+01    0.2907622099E+01
        0.3966662010    0.1222548512E+00    0.2057410672E+00    0.3159677126E+00    0.4546818094E+00    0.6221052421E+00    0.8169414005E+00    0.1036518841E+01    0.1277108383E+01    0.1534301966E+01    0.1803439590E+01    0.2079975062E+01    0.2359737902E+01    0.2639101399E+01    0.2915095790E+01    0.3185362806E+01    0.3448159755E+01
        0.4343054463    0.1341981144E+00    0.2278707750E+00    0.3531452340E+00    0.5126159078E+00    0.7069993571E+00    0.9351133443E+00    0.1194029058E+01    0.1479447134E+01    0.1786160181E+01    0.2108579763E+01    0.2441194830E+01    0.2778904364E+01    0.3117234791E+01    0.3452492087E+01    0.3781715830E+01    0.4102693727E+01
        0.4755162407    0.1478909978E+00    0.2532939858E+00    0.3960228988E+00    0.5797856059E+00    0.8060142054E+00    0.1073771518E+01    0.1379892070E+01    0.1719424904E+01    0.2086204486E+01    0.2473509093E+01    0.2874641300E+01    0.3283352248E+01    0.3694121605E+01    0.4102359529E+01    0.4504359785E+01    0.4897328199E+01
        0.5206374847    0.1625824272E+00    0.2812927522E+00    0.4442688773E+00    0.6566651467E+00    0.9208588792E+00    0.1236259183E+01    0.1599437274E+01    0.2004657224E+01    0.2444586006E+01    0.2911116621E+01    0.3396101215E+01    0.3891888015E+01    0.4391676996E+01    0.4889784130E+01    0.5381591855E+01    0.5863596131E+01
        0.5700402368    0.1786325353E+00    0.3125685305E+00    0.4991583094E+00    0.7454252376E+00    0.1054990830E+01    0.1427747470E+01    0.1859974276E+01    0.2344983098E+01    0.2874010446E+01    0.3437250810E+01    0.4024782768E+01    0.4627244445E+01    0.5236279308E+01    0.5844877224E+01    0.6447317989E+01    0.7039242709E+01
        0.6241307649    0.1963335959E+00    0.3477720595E+00    0.5620120265E+00    0.8484866308E+00    0.1212438104E+01    0.1654402654E+01    0.2170312410E+01    0.2752300017E+01    0.3389833666E+01    0.4071020263E+01    0.4783774712E+01    0.5516662778E+01    0.6259450754E+01    0.7003539484E+01    0.7741892354E+01    0.8469138212E+01
        0.6833538873    0.2158241210E+00    0.3874670770E+00    0.6342403415E+00    0.9686478092E+00    0.1397995485E+01    0.1923629203E+01    0.2541031503E+01    0.3240847788E+01    0.4010347479E+01    0.4835072877E+01    0.5700312516E+01    0.6592142187E+01    0.7498089370E+01    0.8407677842E+01    0.9312324840E+01    0.1020548499E+02
        0.7481966305    0.2373892336E+00    0.4324656768E+00    0.7176776958E+00    0.1109412321E+01    0.1617559454E+01    0.2244431217E+01    0.2984879364E+01    0.3827638807E+01    0.4757230033E+01    0.5756049636E+01    0.6806219840E+01    0.7890857110E+01    0.8994855341E+01    0.1010555947E+02    0.1121260630E+02    0.1230812229E+02
        0.8191922345    0.2613440158E+00    0.4837234627E+00    0.8145278331E+00    0.1275010299E+01    0.1878232592E+01    0.2627586010E+01    0.3516985766E+01    0.4532676054E+01    0.5655730824E+01    0.6864704151E+01    0.8137937869E+01    0.9455080581E+01    0.1079798085E+02    0.1215150847E+02    0.1350329850E+02    0.1484402160E+02
        0.8969245379    0.2880778327E+00    0.5424134526E+00    0.9274860821E+00    0.1470586337E+01    0.2188579766E+01    0.3085950621E+01    0.4155183452E+01    0.5379243193E+01    0.6734884215E+01    0.8196000447E+01    0.9736478950E+01    0.1133197690E+02    0.1296089493E+02    0.1460536493E+02    0.1625083596E+02    0.1788644510E+02
        0.9820327791    0.3180618276E+00    0.6099579850E+00    0.1059818996E+01    0.1702338369E+01    0.2558812864E+01    0.3634652489E+01    0.4920146539E+01    0.6393926973E+01    0.8027358485E+01    0.9788744876E+01    0.1164681414E+02    0.1357273295E+02    0.1554109832E+02    0.1753111206E+02    0.1952591931E+02    0.2151312362E+02
        1.0752168532    0.3518512640E+00    0.6880702513E+00    0.1215464279E+01    0.1977675448E+01    0.3000974173E+01    0.4291235650E+01    0.5835419874E+01    0.7606451520E+01    0.9569032704E+01    0.1168486517E+02    0.1391683640E+02    0.1623120542E+02    0.1859850553E+02    0.2099493115E+02    0.2340130352E+02    0.2580379899E+02
        1.1772430677    0.3901279991E+00    0.7788341205E+00    0.1399171540E+01    0.2305412066E+01    0.3529131980E+01    0.5075769789E+01    0.6927342788E+01    0.9049332127E+01    0.1139832502E+02    0.1392838903E+02    0.1659599232E+02    0.1936222621E+02    0.2219345200E+02    0.2506294059E+02    0.2794929540E+02    0.3083750205E+02
        1.2889504441    0.4337102554E+00    0.8847684346E+00    0.1616628999E+01    0.2695922956E+01    0.4159478195E+01    0.6010774886E+01    0.8224690316E+01    0.1075715700E+02    0.1355508462E+02    0.1656395634E+02    0.1973345315E+02    0.2301948428E+02    0.2638433840E+02    0.2979864789E+02    0.3323904677E+02    0.3668970777E+02
        1.4112576178    0.4835853460E+00    0.1008900389E+01    0.1874581056E+01    0.3161246870E+01    0.4910300743E+01    0.7120926743E+01    0.9758007757E+01    0.1276550687E+02    0.1607911475E+02    0.1963500843E+02    0.2337605717E+02    0.2725331052E+02    0.3122533404E+02    0.3526062913E+02    0.3933424568E+02    0.4343005316E+02
        1.5451703927    0.5409433476E+00    0.1154855552E+01    0.2180958468E+01    0.3715163736E+01    0.5801860124E+01    0.8432595365E+01    0.1155874055E+02    0.1510969345E+02    0.1900860962E+02    0.2318205336E+02    0.2756654240E+02    0.3210900061E+02    0.3676488146E+02    0.4150127427E+02    0.4629213053E+02    0.5112162028E+02
        1.6917900122    0.6072299919E+00    0.1326975422E+01    0.2545022527E+01    0.4373237421E+01    0.6856165913E+01    0.9973243001E+01    0.1365825072E+02    0.1782350033E+02    0.2237879704E+02    0.2724140782E+02    0.3234256850E+02    0.3762625407E+02    0.4304563924E+02    0.4856727489E+02    0.5416452882E+02    0.5982250296E+02
        1.8523222157    0.6841711817E+00    0.1530375811E+01    0.2977378452E+01    0.5152613043E+01    0.8096390849E+01    0.1177039997E+02    0.1608645057E+02    0.2093768775E+02    0.2622057726E+02    0.3184421765E+02    0.3773631106E+02    0.4383945972E+02    0.5010550944E+02    0.5650139365E+02    0.6300034019E+02    0.6958895481E+02
        2.0280871538    0.7738423873E+00    0.1771068168E+01    0.3490040541E+01    0.6071837820E+01    0.9546322923E+01    0.1385079681E+02    0.1887083641E+02    0.2447924333E+02    0.3056030525E+02    0.3701701412E+02    0.4377593170E+02    0.5078011597E+02    0.5798097515E+02    0.6534664572E+02    0.7285048307E+02    0.8048102615E+02
        2.2205302450    0.8787169928E+00    0.2056023309E+01    0.4096354738E+01    0.7150446715E+01    0.1122956461E+02    0.1623935557E+02    0.2203561378E+02    0.2847101795E+02    0.3542023657E+02    0.4278313128E+02    0.5048798308E+02    0.5848012482E+02    0.6671113972E+02    0.7515093322E+02    0.8377301027E+02    0.9256808768E+02
        2.4312340620    0.1001837106E+01    0.2393427717E+01    0.4811177647E+01    0.8408923520E+01    0.1316936142E+02    0.1895921156E+02    0.2560233451E+02    0.3293333218E+02    0.4082128320E+02    0.4916659288E+02    0.5790224186E+02    0.6697729768E+02    0.7634364848E+02    0.8597317998E+02    0.9583934227E+02    0.1059351294E+03
        2.6619313461    0.1146400927E+01    0.2791830970E+01    0.5649248988E+01    0.9866120135E+01    0.1538523246E+02    0.2202795998E+02    0.2958617370E+02    0.3788052775E+02    0.4677983861E+02    0.5618899316E+02    0.6604829332E+02    0.7631128726E+02    0.8692972745E+02    0.9787736438E+02    0.1091273055E+03    0.1206749130E+03
        2.9145192568    0.1316636388E+01    0.3261609003E+01    0.6627243962E+01    0.1154208918E+02    0.1789704601E+02    0.2546348081E+02    0.3400380288E+02    0.4333086908E+02    0.5331937442E+02    0.6388225895E+02    0.7496888330E+02    0.8653709106E+02    0.9853762709E+02    0.1109458760E+03    0.1237344870E+03    0.1369014774E+03
        3.1910749729    0.1517124492E+01    0.3813539633E+01    0.7761246055E+01    0.1345449551E+02    0.2072074335E+02    0.2927931598E+02    0.3886849303E+02    0.4930113134E+02    0.6046402177E+02    0.7228066540E+02    0.8470994591E+02    0.9771299069E+02    0.1112386590E+03    0.1252639890E+03    0.1397614874E+03    0.1547324699E+03
        3.4938727747    0.1753306543E+01    0.4459519784E+01    0.9067705966E+01    0.1562023083E+02    0.2387111416E+02    0.3348880976E+02    0.4419543633E+02    0.5581260521E+02    0.6824457992E+02    0.8142627089E+02    0.9532524576E+02    0.1099046367E+03    0.1251111511E+03    0.1409241097E+03    0.1573167124E+03    0.1742945687E+03
        3.8254027466    0.2031115312E+01    0.5211638966E+01    0.1056189830E+02    0.1805362058E+02    0.2736005231E+02    0.3810333851E+02    0.4999957704E+02    0.6288795148E+02    0.7669379298E+02    0.9136237114E+02    0.1068683437E+03    0.1231762560E+03    0.1402315028E+03    0.1580170128E+03    0.1765078206E+03    0.1957149697E+03
        4.1883912545    0.2357358771E+01    0.6082663570E+01    0.1225877356E+02    0.2076814497E+02    0.3119928688E+02    0.4313579127E+02    0.5629938148E+02    0.7055465239E+02    0.8584904219E+02    0.1021356280E+03    0.1193949814E+03    0.1375940901E+03    0.1566789069E+03    0.1766376332E+03    0.1974481744E+03    0.2191280492E+03
        4.5858233661    0.2739305762E+01    0.7085068595E+01    0.1417165283E+02    0.2377508314E+02    0.3539882514E+02    0.4859846859E+02    0.6311377051E+02    0.7884046442E+02    0.9574630182E+02    0.1137893599E+03    0.1329567952E+03    0.1532208713E+03    0.1745301773E+03    0.1968795767E+03    0.2202505131E+03    0.2446678409E+03
        5.0209673996    0.3184997201E+01    0.8231503174E+01    0.1631330363E+02    0.2708538957E+02    0.3996936966E+02    0.5450577118E+02    0.7046466330E+02    0.8777540805E+02    0.1064221057E+03    0.1263666956E+03    0.1476062211E+03    0.1701217760E+03    0.1938657819E+03    0.2188404789E+03    0.2450312300E+03    0.2724709819E+03
        5.4974018001    0.3702834671E+01    0.9533999784E+01    0.1869506988E+02    0.3070862845E+02    0.4492076305E+02    0.6087200006E+02    0.7837368212E+02    0.9738731245E+02    0.1179091602E+03    0.1399072906E+03    0.1633937302E+03    0.1883607907E+03    0.2147645236E+03    0.2426145735E+03    0.2719006238E+03    0.3026646917E+03
        6.0190445678    0.4301490314E+01    0.1100389524E+02    0.2132708196E+02    0.3465324147E+02    0.5026218024E+02    0.6771134860E+02    0.8686141682E+02    0.1077009004E+03    0.1302367758E+03    0.1544489990E+03    0.1803690251E+03    0.2080002297E+03    0.2373009288E+03    0.2682878830E+03    0.3009564699E+03    0.3353601671E+03
        6.5901854779    0.4990016235E+01    0.1265220981E+02    0.2421904562E+02    0.3892748741E+02    0.5600327307E+02    0.7503898483E+02    0.9594803176E+02    0.1187392847E+03    0.1434341375E+03    0.1700312809E+03    0.1985828311E+03    0.2291003154E+03    0.2615428801E+03    0.2959356810E+03    0.3322841454E+03    0.3706580053E+03
        7.2155213579    0.5777423360E+01    0.1448908679E+02    0.2737942663E+02    0.4353816947E+02    0.6215260356E+02    0.8286866842E+02    0.1056501966E+03    0.1305220651E+03    0.1575287779E+03    0.1866917580E+03    0.2180805813E+03    0.2517105101E+03    0.2875438321E+03    0.3256200825E+03    0.3659615191E+03    0.4086585816E+03
        7.9001947124    0.6672807360E+01    0.1652424368E+02    0.3081607120E+02    0.4849144134E+02    0.6871877303E+02    0.9121346702E+02    0.1159824499E+03    0.1430685252E+03    0.1725490554E+03    0.2044662569E+03    0.2389002531E+03    0.2758698072E+03    0.3153508384E+03    0.3574054286E+03    0.4020756687E+03    0.4494731498E+03
        8.6498360130    0.7684940836E+01    0.1876639089E+02    0.3453518802E+02    0.5379152953E+02    0.7570880683E+02    0.1000831714E+03    0.1269556260E+03    0.1563963158E+03    0.1885201695E+03    0.2233817099E+03    0.2610667650E+03    0.3016101839E+03    0.3450130723E+03    0.3913609774E+03    0.4407129706E+03    0.4932011805E+03
        9.4706100008    0.8822622297E+01    0.2122395309E+02    0.3854231465E+02    0.5944229037E+02    0.8312988866E+02    0.1094861747E+03    0.1385808680E+03    0.1705246396E+03    0.2054646649E+03    0.2434571133E+03    0.2846030739E+03    0.3289720592E+03    0.3765872749E+03    0.4275514522E+03    0.4819408049E+03    0.5399138710E+03
       10.3692663829    0.1009399442E+02    0.2390384332E+02    0.4284042976E+02    0.6544500825E+02    0.9098607910E+02    0.1194261677E+03    0.1508667941E+03    0.1854681393E+03    0.2233939135E+03    0.2647026122E+03    0.3095349830E+03    0.3579941960E+03    0.4101126000E+03    0.4660114257E+03    0.5257969019E+03    0.5896653993E+03
       11.3531953391    0.1150769415E+02    0.2681345834E+02    0.4743297139E+02    0.7180275882E+02    0.9928309232E+02    0.1299094082E+03    0.1638271259E+03    0.2012422073E+03    0.2423183459E+03    0.2871403083E+03    0.3358986489E+03    0.3887073108E+03    0.4456130456E+03    0.5067739809E+03    0.5723374164E+03    0.6425367392E+03
       12.4304882957    0.1307082915E+02    0.2995699951E+02    0.5231857700E+02    0.7851361541E+02    0.1080192887E+03    0.1409357413E+03    0.1774675670E+03    0.2178467635E+03    0.2622403490E+03    0.3107875433E+03    0.3637042199E+03    0.4211111041E+03    0.4831005349E+03    0.5498733247E+03    0.6216075172E+03    0.6985727675E+03
       13.6100044661    0.1479084943E+02    0.3333872113E+02    0.5749618211E+02    0.8557741240E+02    0.1171941979E+03    0.1525096440E+03    0.1917949782E+03    0.2352823035E+03    0.2831745756E+03    0.3356576398E+03    0.3929497058E+03    0.4552204162E+03    0.5226066192E+03    0.5953364316E+03    0.6736255345E+03    0.7577968720E+03
       14.9014437053    0.1667503721E+02    0.3696195572E+02    0.6296394226E+02    0.9299394789E+02    0.1268072212E+03    0.1646375755E+03    0.2068118816E+03    0.2535549762E+03    0.3051356840E+03    0.3617474101E+03    0.4236450985E+03    0.4910580407E+03    0.5641418423E+03    0.6431681120E+03    0.7284149097E+03    0.8202550099E+03
       16.3154262774    0.1872873873E+02    0.4082609636E+02    0.6871534388E+02    0.1007573156E+03    0.1368522488E+03    0.1773185274E+03    0.2225088704E+03    0.2726683262E+03    0.3281142420E+03    0.3890468933E+03    0.4557973580E+03    0.5286081759E+03    0.6076907454E+03    0.6933758280E+03    0.7859828444E+03    0.8859461147E+03
       17.8635801925    0.2095833844E+02    0.4493179281E+02    0.7474716090E+02    0.1088657223E+03    0.1473311726E+03    0.1905562260E+03    0.2388888256E+03    0.2926318434E+03    0.3521053744E+03    0.4175731170E+03    0.4893979577E+03    0.5678733185E+03    0.6532691546E+03    0.7459604619E+03    0.8463313923E+03    0.9548834489E+03
       19.5586368304    0.2336761144E+02    0.4927487654E+02    0.8105112246E+02    0.1173103319E+03    0.1582402275E+03    0.2043410984E+03    0.2559515796E+03    0.3134301172E+03    0.3771042246E+03    0.4473070031E+03    0.5244298623E+03    0.6088411288E+03    0.7008518103E+03    0.8009019079E+03    0.9094482365E+03    0.1027057170E+04
       21.4145356385    0.2596128391E+02    0.5385261601E+02    0.8762305059E+02    0.1260875457E+03    0.1695833793E+03    0.2186705117E+03    0.2737057066E+03    0.3350575840E+03    0.4031157384E+03    0.4782363951E+03    0.5608986260E+03    0.6514983223E+03    0.7504307153E+03    0.8581991980E+03    0.9753195595E+03    0.1102456185E+04
       23.4465387640    0.2874384040E+02    0.5866191987E+02    0.9446017987E+02    0.1351965103E+03    0.1813654385E+03    0.2335510866E+03    0.2921505495E+03    0.3575271026E+03    0.4301291901E+03    0.5103760475E+03    0.5987841319E+03    0.6958476135E+03    0.8020029213E+03    0.9178311219E+03    0.1043952106E+04    0.1181073995E+04
       25.6713565631    0.3171670512E+02    0.6369505478E+02    0.1015548512E+03    0.1446320551E+03    0.1935801428E+03    0.2489866272E+03    0.3112719770E+03    0.3808287658E+03    0.4581376155E+03    0.5436908256E+03    0.6380869955E+03    0.7418483118E+03    0.8555431591E+03    0.9797862732E+03    0.1115281064E+04    0.1262900169E+04
       28.1072850208    0.3488019121E+02    0.6894336096E+02    0.1088992792E+03    0.1543914580E+03    0.2062200878E+03    0.2649746184E+03    0.3310717485E+03    0.4049406871E+03    0.4871278066E+03    0.5781746895E+03    0.6787569453E+03    0.7895071905E+03    0.9109896339E+03    0.1044030228E+04    0.1189316147E+04    0.1347822348E+04
       30.7743562090    0.3823319657E+02    0.7439721771E+02    0.1164850893E+03    0.1644735040E+03    0.2192809268E+03    0.2815040009E+03    0.3515408815E+03    0.4298663342E+03    0.5170664563E+03    0.6138103651E+03    0.7207818880E+03    0.8387520811E+03    0.9683871870E+03    0.1110453007E+04    0.1266017158E+04    0.1435898408E+04
       33.6945030221    0.4177314324E+02    0.8004642784E+02    0.1243037819E+03    0.1748759135E+03    0.2327659942E+03    0.2985657827E+03    0.3726645920E+03    0.4555737297E+03    0.5479664099E+03    0.6505323887E+03    0.7641787669E+03    0.8895410928E+03    0.1027616277E+04    0.1179180483E+04    0.1345177618E+04    0.1527085276E+04
       36.8917395444    0.4549594992E+02    0.8588058429E+02    0.1323472600E+03    0.1855938102E+03    0.2466781826E+03    0.3161589567E+03    0.3944420953E+03    0.4820490162E+03    0.5797826010E+03    0.6883816876E+03    0.8087869110E+03    0.9419847808E+03    0.1088582140E+04    0.1250024493E+04    0.1427075280E+04    0.1621017096E+04
       40.3923585315    0.4939604277E+02    0.9188941390E+02    0.1406092330E+03    0.1966213446E+03    0.2610046649E+03    0.3342851498E+03    0.4168326657E+03    0.5093180844E+03    0.6124483623E+03    0.7273281210E+03    0.8547051790E+03    0.9957745866E+03    0.1151565159E+04    0.1322792780E+04    0.1511415796E+04    0.1718217875E+04
       44.2251476316    0.5346639888E+02    0.9806311405E+02    0.1490860353E+03    0.2079524829E+03    0.2757422506E+03    0.3529107233E+03    0.4398663239E+03    0.5372675099E+03    0.6460986774E+03    0.7671659959E+03    0.9019788240E+03    0.1051053061E+04    0.1216034740E+04    0.1398033456E+04    0.1597874658E+04    0.1818208524E+04
       48.4216261230    0.5769862018E+02    0.1043921595E+03    0.1577749005E+03    0.2195925840E+03    0.2908900714E+03    0.3720364601E+03    0.4635164886E+03    0.5659486971E+03    0.6805141249E+03    0.8082222564E+03    0.9501415143E+03    0.1108034534E+04    0.1282181219E+04    0.1474896593E+04    0.1687372844E+04    0.1920535852E+04
       53.0163041156    0.6208308172E+02    0.1108673763E+03    0.1666760480E+03    0.2315462364E+03    0.3064270405E+03    0.3916984321E+03    0.4876709489E+03    0.5954381432E+03    0.7156850525E+03    0.8501914153E+03    0.9997896032E+03    0.1165875264E+04    0.1350459858E+04    0.1553669502E+04    0.1778587391E+04    0.2026620233E+04
       58.0469663481    0.6660909248E+02    0.1174802634E+03    0.1757870142E+03    0.2437958174E+03    0.3223873994E+03    0.4117760642E+03    0.5125307006E+03    0.6253799407E+03    0.7519574409E+03    0.8928585406E+03    0.1050571517E+04    0.1225518868E+04    0.1419529638E+04    0.1635094809E+04    0.1872018595E+04    0.2134428340E+04
       63.5549829136    0.7126508655E+02    0.1242217281E+03    0.1850999188E+03    0.2563589887E+03    0.3387214667E+03    0.4323437265E+03    0.5378849487E+03    0.6561727429E+03    0.7886244962E+03    0.9370061167E+03    0.1101941804E+04    0.1286554458E+04    0.1490815473E+04    0.1717165559E+04    0.1968727315E+04    0.2244908612E+04
       69.5856494710    0.7603909866E+02    0.1310851737E+03    0.1946221551E+03    0.2692219519E+03    0.3553933712E+03    0.4534725036E+03    0.5636437306E+03    0.6876699030E+03    0.8262219963E+03    0.9815219314E+03    0.1155267505E+04    0.1348022454E+04    0.1563772256E+04    0.1802030171E+04    0.2065823825E+04    0.2359319049E+04
       76.1885597370    0.8091879247E+02    0.1380656555E+03    0.2043432326E+03    0.2823483824E+03    0.3725518787E+03    0.4748223484E+03    0.5902668139E+03    0.7193612650E+03    0.8648506677E+03    0.1026994835E+04    0.1208915943E+04    0.1412076602E+04    0.1636966157E+04    0.1888770636E+04    0.2166557598E+04    0.2473795235E+04
       83.4180133251    0.8589180581E+02    0.1451555815E+03    0.2142623892E+03    0.2958360469E+03    0.3899554338E+03    0.4968071348E+03    0.6170402016E+03    0.7522647115E+03    0.9034324896E+03    0.1073931520E+04    0.1263525546E+04    0.1476307704E+04    0.1713559073E+04    0.1975617071E+04    0.2269170930E+04    0.2593075889E+04
       91.3334622825    0.9094675414E+02    0.1523623259E+03    0.2244268922E+03    0.3095658870E+03    0.4077137740E+03    0.5192297322E+03    0.6443954418E+03    0.7853517980E+03    0.9435858748E+03    0.1120532515E+04    0.1320178043E+04    0.1541600689E+04    0.1790005529E+04    0.2066834643E+04    0.2371938507E+04    0.2713908881E+04
      100.0000000000    0.9607125368E+02    0.1596821884E+03    0.2347612018E+03    0.3235328953E+03    0.4260155995E+03    0.5417098729E+03    0.6725841354E+03    0.8188200855E+03    0.9839880051E+03    0.1169116458E+04    0.1376108445E+04    0.1609559864E+04    0.1867841512E+04    0.2157346304E+04    0.2480168203E+04    0.2835287218E+04
