               #####        0.2000000000        0.2533333333        0.3066666667        0.3600000000        0.4133333333        0.4666666667        0.5200000000        0.5733333333        0.6266666667        0.6800000000        0.7333333333        0.7866666667        0.8400000000        0.8933333333        0.9466666667        1.0000000000
        0.0010000000    0.1368986965E-07    0.2182297727E-07    0.3167033137E-07    0.4306298595E-07    0.5578500316E-07    0.6958244600E-07    0.8417833869E-07    0.9928968228E-07    0.1146450880E-06    0.1299986457E-06    0.1451400213E-06    0.1598987841E-06    0.1741449405E-06    0.1877865441E-06    0.2007645538E-06    0.2130471892E-06
        0.0010948890    0.1954756733E-07    0.3116071435E-07    0.4522160917E-07    0.6148901625E-07    0.7965460104E-07    0.9935577058E-07    0.1201970351E-06    0.1417743046E-06    0.1637000668E-06    0.1856231903E-06    0.2072433419E-06    0.2283171664E-06    0.2486590475E-06    0.2681376963E-06    0.2866688091E-06    0.3042070069E-06
        0.0011987818    0.2789870184E-07    0.4447323106E-07    0.6454123776E-07    0.8775842546E-07    0.1136847326E-06    0.1418026587E-06    0.1715477526E-06    0.2023432882E-06    0.2336362001E-06    0.2649253460E-06    0.2957820839E-06    0.3258590921E-06    0.3548914554E-06    0.3826917952E-06    0.4091397915E-06    0.4341706785E-06
        0.0013125330    0.3979457230E-07    0.6343639999E-07    0.9206130691E-07    0.1251781903E-06    0.1621593483E-06    0.2022666211E-06    0.2446948779E-06    0.2886214798E-06    0.3332575367E-06    0.3778882218E-06    0.4219021222E-06    0.4648038200E-06    0.5062154413E-06    0.5458697103E-06    0.5835950031E-06    0.6192989381E-06
        0.0014370779    0.5673159211E-07    0.9043564890E-07    0.1312436398E-06    0.1784554430E-06    0.2311761999E-06    0.2883535813E-06    0.3488397839E-06    0.4114620439E-06    0.4750957111E-06    0.5387217201E-06    0.6014684338E-06    0.6626295789E-06    0.7216664541E-06    0.7781980279E-06    0.8319796314E-06    0.8828795644E-06
        0.0015734408    0.8081943427E-07    0.1288340008E-06    0.1869687827E-06    0.2542263915E-06    0.3293320176E-06    0.4107865202E-06    0.4969547464E-06    0.5861659854E-06    0.6768180680E-06    0.7674592406E-06    0.8568477753E-06    0.9439775197E-06    0.1028081044E-05    0.1108615533E-05    0.1185232433E-05    0.1257744125E-05
        0.0017227429    0.1150518862E-06    0.1834038426E-06    0.2661626044E-06    0.3619083223E-06    0.4688262193E-06    0.5847821676E-06    0.7074484179E-06    0.8344466007E-06    0.9634959211E-06    0.1092529710E-05    0.1219780285E-05    0.1343815320E-05    0.1463542328E-05    0.1578188574E-05    0.1687257870E-05    0.1790483127E-05
        0.0018862122    0.1636515531E-06    0.2608764156E-06    0.3785937373E-06    0.5147839028E-06    0.6668655458E-06    0.8318030504E-06    0.1006285390E-05    0.1186929537E-05    0.1370491253E-05    0.1554030876E-05    0.1735034028E-05    0.1911463348E-05    0.2081764863E-05    0.2244839426E-05    0.2399981250E-05    0.2546810424E-05
        0.0020651929    0.2325641286E-06    0.3707297310E-06    0.5380170303E-06    0.7315559644E-06    0.9476781708E-06    0.1182069756E-05    0.1430025443E-05    0.1686737632E-05    0.1947595958E-05    0.2208422889E-05    0.2465645256E-05    0.2716367781E-05    0.2958382123E-05    0.3190126292E-05    0.3410597297E-05    0.3619255251E-05
        0.0022611570    0.3301492050E-06    0.5262897879E-06    0.7637716781E-06    0.1038520521E-05    0.1345328690E-05    0.1678072161E-05    0.2030071298E-05    0.2394501208E-05    0.2764816996E-05    0.3135088213E-05    0.3500242374E-05    0.3856169324E-05    0.4199734094E-05    0.4528719273E-05    0.4841701013E-05    0.5137912884E-05
        0.0024757158    0.4681411132E-06    0.7462622459E-06    0.1083004042E-05    0.1472589196E-05    0.1907633459E-05    0.2379453158E-05    0.2878576781E-05    0.3395326845E-05    0.3920422895E-05    0.4445455745E-05    0.4963232770E-05    0.5467925899E-05    0.5955089848E-05    0.6421580398E-05    0.6865378577E-05    0.7285397612E-05
        0.0027106339    0.6629921323E-06    0.1056873630E-05    0.1533775050E-05    0.2085514438E-05    0.2701634055E-05    0.3369835881E-05    0.4076706147E-05    0.4808539379E-05    0.5552192385E-05    0.6295755883E-05    0.7029043512E-05    0.7743801429E-05    0.8433734116E-05    0.9094388661E-05    0.9722905750E-05    0.1031774627E-04
        0.0029678432    0.9376024636E-06    0.1494629077E-05    0.2169062338E-05    0.2949331340E-05    0.3820646760E-05    0.4765616761E-05    0.5765271605E-05    0.6800229037E-05    0.7851901970E-05    0.8903448316E-05    0.9940462539E-05    0.1095127207E-04    0.1192697379E-04    0.1286127040E-04    0.1375011826E-04    0.1459134078E-04
        0.0032494587    0.1324019892E-05    0.2110615859E-05    0.3063005690E-05    0.4164849720E-05    0.5395263449E-05    0.6729687279E-05    0.8141333406E-05    0.9602831495E-05    0.1108793409E-04    0.1257285793E-04    0.1403726045E-04    0.1546465844E-04    0.1684247951E-04    0.1816183102E-04    0.1941700283E-04    0.2060492128E-04
        0.0035577965    0.1866407137E-05    0.2975233624E-05    0.4317771743E-05    0.5870988253E-05    0.7605443277E-05    0.9486516329E-05    0.1147644593E-04    0.1353664943E-04    0.1563012706E-04    0.1772335267E-04    0.1978765037E-04    0.2179978453E-04    0.2374203248E-04    0.2560185870E-04    0.2737121386E-04    0.2904576518E-04
        0.0038953921    0.2626249801E-05    0.4186496374E-05    0.6075602128E-05    0.8261156639E-05    0.1070173460E-04    0.1334862101E-04    0.1614868110E-04    0.1904762463E-04    0.2199338868E-04    0.2493879808E-04    0.2784350254E-04    0.3067480686E-04    0.3340777320E-04    0.3602476266E-04    0.3851444889E-04    0.4087073518E-04
        0.0042650218    0.3687894616E-05    0.5878860964E-05    0.8531625724E-05    0.1160067676E-04    0.1502784285E-04    0.1874471624E-04    0.2267668276E-04    0.2674750571E-04    0.3088407600E-04    0.3502014824E-04    0.3909906076E-04    0.4307490156E-04    0.4691265181E-04    0.5058754221E-04    0.5408366783E-04    0.5739246738E-04
        0.0046697254    0.5167486187E-05    0.8237473131E-05    0.1195453304E-04    0.1625489419E-04    0.2105704693E-04    0.2626513814E-04    0.3177461829E-04    0.3747866428E-04    0.4327483552E-04    0.4907030879E-04    0.5478568964E-04    0.6035664605E-04    0.6573410959E-04    0.7088337345E-04    0.7578215161E-04    0.8041844802E-04
        0.0051128308    0.7222539263E-05    0.1151342663E-04    0.1670872083E-04    0.2271928881E-04    0.2943120539E-04    0.3671049769E-04    0.4441103792E-04    0.5238352059E-04    0.6048476556E-04    0.6858503481E-04    0.7657335958E-04    0.8435982369E-04    0.9187584474E-04    0.9907291341E-04    0.1059198808E-03    0.1123999802E-03
        0.0055979820    0.1006856048E-04    0.1605025989E-04    0.2329274507E-04    0.3167176032E-04    0.4102848852E-04    0.5117616510E-04    0.6191108099E-04    0.7302509723E-04    0.8431861392E-04    0.9561077009E-04    0.1067468700E-03    0.1176015664E-03    0.1280792520E-03    0.1381123027E-03    0.1476572955E-03    0.1566908567E-03
        0.0061291687    0.1399549796E-04    0.2231017829E-04    0.3237737570E-04    0.4402437226E-04    0.5703040898E-04    0.7113587934E-04    0.8605762361E-04    0.1015063244E-03    0.1172045339E-03    0.1329008517E-03    0.1483802476E-03    0.1634684864E-03    0.1780326723E-03    0.1919788063E-03    0.2052465296E-03    0.2178033527E-03
        0.0067107592    0.1939272075E-04    0.3091387374E-04    0.4486338429E-04    0.6100192746E-04    0.7902361066E-04    0.9856871257E-04    0.1192448756E-03    0.1406512099E-03    0.1624032725E-03    0.1841527128E-03    0.2056015765E-03    0.2265084362E-03    0.2466891462E-03    0.2660134579E-03    0.2843977359E-03    0.3017969614E-03
        0.0073475362    0.2677575137E-04    0.4268313903E-04    0.6194338759E-04    0.8422605825E-04    0.1091088014E-03    0.1360949454E-03    0.1646427574E-03    0.1941987239E-03    0.2242320397E-03    0.2542617331E-03    0.2838764151E-03    0.3127427439E-03    0.3406064678E-03    0.3672877510E-03    0.3926711175E-03    0.4166944095E-03
        0.0080447363    0.3683000941E-04    0.5871059927E-04    0.8520304448E-04    0.1158528266E-03    0.1500790041E-03    0.1871984051E-03    0.2264658765E-03    0.2671200606E-03    0.3084308351E-03    0.3497366238E-03    0.3904715613E-03    0.4301771367E-03    0.4685036272E-03    0.5052036691E-03    0.5401184259E-03    0.5731623997E-03
        0.0088080930    0.5044444906E-04    0.8041333342E-04    0.1166988734E-03    0.1586785346E-03    0.2055566260E-03    0.2563974366E-03    0.3101803616E-03    0.3658626017E-03    0.4224441400E-03    0.4790188436E-03    0.5348116714E-03    0.5891946209E-03    0.6416886925E-03    0.6919550835E-03    0.7397762431E-03    0.7850350694E-03
        0.0096438838    0.6876822852E-04    0.1096232107E-03    0.1590893520E-03    0.2163179837E-03    0.2802243814E-03    0.3495329387E-03    0.4228523177E-03    0.4987609244E-03    0.5758954870E-03    0.6530207223E-03    0.7290800573E-03    0.8032173697E-03    0.8747796652E-03    0.9433050732E-03    0.1008497019E-02    0.1070195866E-02
        0.0105589819    0.9325980133E-04    0.1486651371E-03    0.2157484539E-03    0.2933588259E-03    0.3800252012E-03    0.4740176638E-03    0.5734493501E-03    0.6763923660E-03    0.7809979136E-03    0.8855907677E-03    0.9887380628E-03    0.1089278775E-02    0.1186327355E-02    0.1279257442E-02    0.1367666846E-02    0.1451339081E-02
        0.0115609128    0.1257394302E-03    0.2004407732E-03    0.2908871529E-03    0.3955267925E-03    0.5123762982E-03    0.6391032589E-03    0.7731636591E-03    0.9119581684E-03    0.1052994105E-02    0.1194012814E-02    0.1333082416E-02    0.1468637549E-02    0.1599484264E-02    0.1724778079E-02    0.1843976744E-02    0.1956788395E-02
        0.0126579159    0.1684258811E-03    0.2684870679E-03    0.3896384408E-03    0.5298014057E-03    0.6863192231E-03    0.8560676512E-03    0.1035639009E-02    0.1221551525E-02    0.1410466288E-02    0.1599357867E-02    0.1785638542E-02    0.1967211547E-02    0.2142477620E-02    0.2310305604E-02    0.2469969178E-02    0.2621077410E-02
        0.0138590124    0.2239701501E-03    0.3570299269E-03    0.5181350424E-03    0.7045213821E-03    0.9126560205E-03    0.1138384356E-02    0.1377174878E-02    0.1624397562E-02    0.1875612363E-02    0.2126796110E-02    0.2374507707E-02    0.2615958923E-02    0.2849023111E-02    0.3072196104E-02    0.3284512086E-02    0.3485451228E-02
        0.0151740797    0.2951897418E-03    0.4705607024E-03    0.6828949367E-03    0.9285493214E-03    0.1202867447E-02    0.1500373546E-02    0.1815095098E-02    0.2140929755E-02    0.2472025579E-02    0.2803080087E-02    0.3129557976E-02    0.3447784431E-02    0.3754956604E-02    0.4049092074E-02    0.4328917959E-02    0.4593749188E-02
        0.0166139325    0.3860911983E-03    0.6154658812E-03    0.8931858547E-03    0.1214485885E-02    0.1573275419E-02    0.1962392259E-02    0.2374024536E-02    0.2800190643E-02    0.3233236574E-02    0.3666227051E-02    0.4093230286E-02    0.4509440008E-02    0.4911190454E-02    0.5295888940E-02    0.5661870821E-02    0.6008240254E-02
        0.0181904113    0.4999454649E-03    0.7969591850E-03    0.1156573296E-02    0.1572616737E-02    0.2037202318E-02    0.2541055269E-02    0.3074059712E-02    0.3625880165E-02    0.4186605544E-02    0.4747255635E-02    0.5300149780E-02    0.5839064849E-02    0.6359254605E-02    0.6857362346E-02    0.7331233058E-02    0.7779707198E-02
        0.0199164806    0.6381191753E-03    0.1017218723E-02    0.1476217441E-02    0.2007237629E-02    0.2600211184E-02    0.3243299081E-02    0.3923588985E-02    0.4627888592E-02    0.5343547657E-02    0.6059104404E-02    0.6764756059E-02    0.7452560392E-02    0.8116460350E-02    0.8752172478E-02    0.9356947093E-02    0.9929305030E-02
        0.0218063349    0.8023354414E-03    0.1278989895E-02    0.1856100039E-02    0.2523758734E-02    0.3269304821E-02    0.4077850787E-02    0.4933160125E-02    0.5818644975E-02    0.6718399737E-02    0.7618013779E-02    0.8505162932E-02    0.9369862737E-02    0.1020449924E-01    0.1100368856E-01    0.1176397521E-01    0.1248350101E-01
        0.0238755154    0.9885951752E-03    0.1575897427E-02    0.2286968442E-02    0.3109598006E-02    0.4028182642E-02    0.5024376128E-02    0.6078170839E-02    0.7169127208E-02    0.8277647340E-02    0.9385976326E-02    0.1047893086E-01    0.1154421104E-01    0.1257243807E-01    0.1355698097E-01    0.1449358473E-01    0.1537996226E-01
        0.0261410384    0.1197495991E-02    0.1908889626E-02    0.2770191210E-02    0.3766604242E-02    0.4879222128E-02    0.6085816869E-02    0.7362149500E-02    0.8683459737E-02    0.1002600884E-01    0.1136829236E-01    0.1269192233E-01    0.1398200449E-01    0.1522718348E-01    0.1641943250E-01    0.1755360254E-01    0.1862692787E-01
        0.0286215345    0.1419833814E-02    0.2263292306E-02    0.3284469086E-02    0.4465810703E-02    0.5784890837E-02    0.7215346525E-02    0.8728432859E-02    0.1029478984E-01    0.1188627185E-01    0.1347738532E-01    0.1504633416E-01    0.1657546622E-01    0.1805132616E-01    0.1946440530E-01    0.2080860672E-01    0.2208065854E-01
        0.0313374022    0.1635778936E-02    0.2607499629E-02    0.3783942602E-02    0.5144873800E-02    0.6664445499E-02    0.8312276153E-02    0.1005524262E-01    0.1185951646E-01    0.1369267186E-01    0.1552534173E-01    0.1733242144E-01    0.1909358246E-01    0.2079333229E-01    0.2242072559E-01    0.2396874729E-01    0.2543363621E-01
        0.0343109759    0.1822772264E-02    0.2905559968E-02    0.4216454504E-02    0.5732900808E-02    0.7426088477E-02    0.9262155941E-02    0.1120418838E-01    0.1321448737E-01    0.1525692007E-01    0.1729876447E-01    0.1931205039E-01    0.2127413127E-01    0.2316775032E-01    0.2498071806E-01    0.2670522439E-01    0.2833708467E-01
        0.0375667089    0.1953022851E-02    0.3113193618E-02    0.4517782596E-02    0.6142627116E-02    0.7956861432E-02    0.9924206396E-02    0.1200510981E-01    0.1415917824E-01    0.1634769425E-01    0.1853559397E-01    0.2069290441E-01    0.2279535654E-01    0.2482445660E-01    0.2676714074E-01    0.2861503812E-01    0.3036366305E-01
        0.0411313750    0.2003566736E-02    0.3193823464E-02    0.4634896846E-02    0.6302028182E-02    0.8163579890E-02    0.1018235506E-01    0.1231779050E-01    0.1452845007E-01    0.1677460723E-01    0.1902027526E-01    0.2123468404E-01    0.2339291160E-01    0.2547595964E-01    0.2747040123E-01    0.2936762613E-01    0.3116301279E-01
        0.0450342886    0.1948140836E-02    0.3105641694E-02    0.4507226111E-02    0.6128903956E-02    0.7939990873E-02    0.9904381458E-02    0.1198267380E-01    0.1413458946E-01    0.1632148459E-01    0.1850832747E-01    0.2066514074E-01    0.2276762252E-01    0.2479722661E-01    0.2674082570E-01    0.2858998141E-01    0.3034014168E-01
        0.0493075457    0.1791615474E-02    0.2856449353E-02    0.4146156879E-02    0.5638839367E-02    0.7306431145E-02    0.9115851169E-02    0.1103094143E-01    0.1301468383E-01    0.1503150915E-01    0.1704912252E-01    0.1903984182E-01    0.2098118257E-01    0.2285594500E-01    0.2465191557E-01    0.2636120338E-01    0.2797950686E-01
        0.0539862877    0.1566525218E-02    0.2498101355E-02    0.3626928133E-02    0.4934115139E-02    0.6395363147E-02    0.7981940820E-02    0.9662355419E-02    0.1140427749E-01    0.1317655922E-01    0.1495084124E-01    0.1670274166E-01    0.1841238894E-01    0.2006451901E-01    0.2164823173E-01    0.2315642294E-01    0.2458515076E-01
        0.0591089906    0.1321379153E-02    0.2107856729E-02    0.3061539477E-02    0.4166828555E-02    0.5403540557E-02    0.6747691868E-02    0.8172876459E-02    0.9651871739E-02    0.1115834062E-01    0.1266820099E-01    0.1416065344E-01    0.1561865893E-01    0.1702904791E-01    0.1838233785E-01    0.1967226988E-01    0.2089528404E-01
        0.0647177816    0.1122924065E-02    0.1791919361E-02    0.2603772306E-02    0.3545537064E-02    0.4600349889E-02    0.5748058996E-02    0.6966366507E-02    0.8232177325E-02    0.9523045847E-02    0.1081835351E-01    0.1210020567E-01    0.1335386382E-01    0.1456786359E-01    0.1573388079E-01    0.1684635187E-01    0.1790203677E-01
        0.0708587849    0.1012396570E-02    0.1615787093E-02    0.2348263613E-02    0.3198268665E-02    0.4150701582E-02    0.5187472564E-02    0.6288521985E-02    0.7433031757E-02    0.8600731186E-02    0.9772965144E-02    0.1093351243E-01    0.1206898579E-01    0.1316894770E-01    0.1422579705E-01    0.1523443167E-01    0.1619185678E-01
        0.0775825017    0.9541231835E-03    0.1522614003E-02    0.2212554155E-02    0.3012961963E-02    0.3909517963E-02    0.4885097126E-02    0.5920738529E-02    0.6996793335E-02    0.8094157870E-02    0.9195278799E-02    0.1028491954E-01    0.1135053072E-01    0.1238235225E-01    0.1337329986E-01    0.1431864211E-01    0.1521562769E-01
        0.0849442250    0.8228787948E-03    0.1313467404E-02    0.1909151407E-02    0.2600597171E-02    0.3375578151E-02    0.4219417177E-02    0.5115810603E-02    0.6047813101E-02    0.6998903540E-02    0.7953860300E-02    0.8899434428E-02    0.9824681777E-02    0.1072106235E-01    0.1158235133E-01    0.1240436587E-01    0.1318464660E-01
        0.0930044946    0.5949951795E-03    0.9511106753E-03    0.1384876894E-02    0.1890210449E-02    0.2458882504E-02    0.3080759270E-02    0.3744336952E-02    0.4437422488E-02    0.5147908243E-02    0.5864437768E-02    0.6576945407E-02    0.7276954270E-02    0.7957702398E-02    0.8614122815E-02    0.9242675305E-02    0.9841133350E-02
        0.1018295948    0.4268331195E-03    0.6838823599E-03    0.9985240113E-03    0.1367145493E-02    0.1784529969E-02    0.2243938903E-02    0.2737427716E-02    0.3256300486E-02    0.3791672497E-02    0.4334987171E-02    0.4878464548E-02    0.5415381204E-02    0.5940222196E-02    0.6448716301E-02    0.6937747555E-02    0.7405220853E-02
        0.1114920997    0.4167451130E-03    0.6673525948E-03    0.9737434965E-03    0.1332198055E-02    0.1737434649E-02    0.2182712343E-02    0.2660158530E-02    0.3161226224E-02    0.3677247784E-02    0.4199935608E-02    0.4721808828E-02    0.5236452012E-02    0.5738647929E-02    0.6224397740E-02    0.6690823937E-02    0.7136031669E-02
        0.1220714697    0.4863256782E-03    0.7767440380E-03    0.1129825675E-02    0.1540247458E-02    0.2000937233E-02    0.2503310054E-02    0.3037741489E-02    0.3594149795E-02    0.4162639143E-02    0.4734038273E-02    0.5300322467E-02    0.5854831110E-02    0.6392342384E-02    0.6909030518E-02    0.7402308090E-02    0.7870637501E-02
        0.1336547051    0.5241110930E-03    0.8355561133E-03    0.1212695355E-02    0.1649056964E-02    0.2136344747E-02    0.2664780519E-02    0.3223681426E-02    0.3802121632E-02    0.4389620624E-02    0.4976686855E-02    0.5555213581E-02    0.6118649050E-02    0.6662016749E-02    0.7181820308E-02    0.7675841334E-02    0.8142917516E-02
        0.1463370617    0.4161299819E-03    0.6644726949E-03    0.9662300422E-03    0.1316743431E-02    0.1709847723E-02    0.2138084516E-02    0.2593120238E-02    0.3066256782E-02    0.3548990810E-02    0.4033478372E-02    0.4512893903E-02    0.4981610007E-02    0.5435252310E-02    0.5870653072E-02    0.6285707792E-02    0.6679207173E-02
        0.1602228341    0.2867923588E-03    0.4604807873E-03    0.6739634617E-03    0.9251595370E-03    0.1210804853E-02    0.1526460804E-02    0.1866709378E-02    0.2225473794E-02    0.2596438123E-02    0.2973448813E-02    0.3350869855E-02    0.3723812905E-02    0.4088266091E-02    0.4441129389E-02    0.4780154329E-02    0.5103845575E-02
        0.1754262130    0.2796722304E-03    0.4489543035E-03    0.6569083894E-03    0.9014226611E-03    0.1179214979E-02    0.1485850685E-02    0.1815945784E-02    0.2163493606E-02    0.2522285376E-02    0.2886308016E-02    0.3250090454E-02    0.3608922902E-02    0.3958973965E-02    0.4297315417E-02    0.4621854730E-02    0.4931232089E-02
        0.1920722248    0.3464055619E-03    0.5527253043E-03    0.8029916351E-03    0.1093084792E-02    0.1417623467E-02    0.1770171009E-02    0.2143612947E-02    0.2530606212E-02    0.2924057526E-02    0.3317509875E-02    0.3705428579E-02    0.4083330782E-02    0.4447807903E-02    0.4796465140E-02    0.5127785391E-02    0.5440977856E-02
        0.2102977595    0.3063777798E-03    0.4896367645E-03    0.7126548159E-03    0.9720893926E-03    0.1263413912E-02    0.1581063612E-02    0.1918752931E-02    0.2269878299E-02    0.2627965391E-02    0.2987044623E-02    0.3341939353E-02    0.3688409415E-02    0.4023191565E-02    0.4343957916E-02    0.4649199509E-02    0.4938091428E-02
        0.2302526962    0.2453074869E-03    0.3945594351E-03    0.5785262354E-03    0.7955083012E-03    0.1042639862E-02    0.1315887532E-02    0.1610249659E-02    0.1920094271E-02    0.2239592970E-02    0.2563128987E-02    0.2885641512E-02    0.3202835335E-02    0.3511281306E-02    0.3808423117E-02    0.4092497651E-02    0.4362424202E-02
        0.2521011363    0.2879275566E-03    0.4600717518E-03    0.6694381108E-03    0.9127669907E-03    0.1185652394E-02    0.1482698142E-02    0.1797843968E-02    0.2124772353E-02    0.2457348650E-02    0.2789980381E-02    0.3117880995E-02    0.3437188957E-02    0.3744986581E-02    0.4039243209E-02    0.4318692694E-02    0.4582698324E-02
        0.2760227522    0.2801752800E-03    0.4479512374E-03    0.6522129124E-03    0.8898285678E-03    0.1156502047E-02    0.1446925782E-02    0.1755112270E-02    0.2074811060E-02    0.2399957430E-02    0.2725035791E-02    0.3045341887E-02    0.3357097303E-02    0.3657462652E-02    0.3944476070E-02    0.4216928458E-02    0.4474227858E-02
        0.3022142655    0.2630676154E-03    0.4220747685E-03    0.6169326745E-03    0.8451238627E-03    0.1102851673E-02    0.1385146872E-02    0.1686192142E-02    0.1999765527E-02    0.2319732463E-02    0.2640454386E-02    0.2957086897E-02    0.3265717969E-02    0.3563393333E-02    0.3848059113E-02    0.4118436653E-02    0.4373884093E-02
        0.3308910644    0.2922613983E-03    0.4664020687E-03    0.6775416117E-03    0.9219781273E-03    0.1194843584E-02    0.1490335459E-02    0.1802116188E-02    0.2123765867E-02    0.2449226951E-02    0.2773131311E-02    0.3091010758E-02    0.3399361014E-02    0.3695615771E-02    0.3978060619E-02    0.4245697069E-02    0.4498104838E-02
        0.3622889751    0.2809319700E-03    0.4502131711E-03    0.6570253724E-03    0.8982449177E-03    0.1169365746E-02    0.1464707725E-02    0.1777849347E-02    0.2102146563E-02    0.2431249414E-02    0.2759487929E-02    0.3082121322E-02    0.3395421177E-02    0.3696650660E-02    0.3983975168E-02    0.4256318760E-02    0.4513217793E-02
        0.3966662010    0.3042381772E-03    0.4855989962E-03    0.7054356348E-03    0.9597370703E-03    0.1243240753E-02    0.1549736123E-02    0.1872534489E-02    0.2204961180E-02    0.2540803918E-02    0.2874618984E-02    0.3201914408E-02    0.3519190487E-02    0.3823899063E-02    0.4114350363E-02    0.4389574430E-02    0.4649183331E-02
        0.4343054463    0.3089261256E-03    0.4939929088E-03    0.7189585741E-03    0.9798081618E-03    0.1271122123E-02    0.1586429967E-02    0.1918743445E-02    0.2261097936E-02    0.2607028898E-02    0.2950888262E-02    0.3288028255E-02    0.3614837087E-02    0.3928691894E-02    0.4227859194E-02    0.4511350068E-02    0.4778777095E-02
        0.4755162407    0.3257327385E-03    0.5201158405E-03    0.7556878192E-03    0.1027934535E-02    0.1330990669E-02    0.1658059875E-02    0.2001963117E-02    0.2355649277E-02    0.2712625327E-02    0.3067234255E-02    0.3414818357E-02    0.3751748518E-02    0.4075379530E-02    0.4383956139E-02    0.4676473143E-02    0.4952535813E-02
        0.5206374847    0.3421130207E-03    0.5457973868E-03    0.7921498477E-03    0.1076234063E-02    0.1391811749E-02    0.1731813194E-02    0.2088880374E-02    0.2455839215E-02    0.2826093786E-02    0.3193885305E-02    0.3554453484E-02    0.3904071466E-02    0.4240008879E-02    0.4560444104E-02    0.4864327134E-02    0.5151240375E-02
        0.5700402368    0.3578936283E-03    0.5709478003E-03    0.8284552006E-03    0.1125117843E-02    0.1454353068E-02    0.1808807809E-02    0.2180892839E-02    0.2563227355E-02    0.2949017304E-02    0.3332313447E-02    0.3708180989E-02    0.4072742921E-02    0.4423149264E-02    0.4757492243E-02    0.5074668275E-02    0.5374235975E-02
        0.6241307649    0.3764002819E-03    0.6000329402E-03    0.8698657607E-03    0.1180211585E-02    0.1524192617E-02    0.1894247253E-02    0.2282608716E-02    0.2681705210E-02    0.3084528556E-02    0.3484905075E-02    0.3877685964E-02    0.4258807290E-02    0.4625269688E-02    0.4975057836E-02    0.5307001130E-02    0.5620627677E-02
        0.6833538873    0.3959359926E-03    0.6307004800E-03    0.9135093927E-03    0.1238334871E-02    0.1598063914E-02    0.1984950767E-02    0.2391026394E-02    0.2808470972E-02    0.3229995960E-02    0.3649143521E-02    0.4060504689E-02    0.4459797021E-02    0.4843852832E-02    0.5210540161E-02    0.5558619332E-02    0.5887590690E-02
        0.7481966305    0.4162925800E-03    0.6626622197E-03    0.9590444915E-03    0.1299132061E-02    0.1675620233E-02    0.2080569038E-02    0.2505753813E-02    0.2943038203E-02    0.3384790633E-02    0.3824221240E-02    0.4255628937E-02    0.4674494090E-02    0.5077471819E-02    0.5462311368E-02    0.5827706240E-02    0.6173134072E-02
        0.8191922345    0.4374814305E-03    0.6959071443E-03    0.1006437123E-02    0.1362550058E-02    0.1756774016E-02    0.2180942032E-02    0.2626511649E-02    0.3084967070E-02    0.3548284022E-02    0.4009306976E-02    0.4462022740E-02    0.4901664351E-02    0.5324706086E-02    0.5728778943E-02    0.6112512844E-02    0.6475367764E-02
        0.8969245379    0.4594252170E-03    0.7303216667E-03    0.1055556224E-02    0.1428449949E-02    0.1841358352E-02    0.2285834036E-02    0.2752952917E-02    0.3233767383E-02    0.3719824983E-02    0.4203583478E-02    0.4678706577E-02    0.5140175197E-02    0.5584281751E-02    0.6008540429E-02    0.6411520801E-02    0.6792669788E-02
        0.9820327791    0.4820895513E-03    0.7658487963E-03    0.1106336479E-02    0.1496753434E-02    0.1929251162E-02    0.2395040166E-02    0.2884758579E-02    0.3388988103E-02    0.3898825083E-02    0.4406328213E-02    0.4904831923E-02    0.5389062262E-02    0.5855129227E-02    0.6300431443E-02    0.6723480956E-02    0.7123715826E-02
        1.0752168532    0.5053805833E-03    0.8023854416E-03    0.1158685182E-02    0.1567362803E-02    0.2020311200E-02    0.2508338473E-02    0.3021602334E-02    0.3550189203E-02    0.4084731296E-02    0.4616881258E-02    0.5139640133E-02    0.5647476763E-02    0.6136318005E-02    0.6603447912E-02    0.7047323678E-02    0.7467378598E-02
        1.1772430677    0.5293177244E-03    0.8399434959E-03    0.1212604124E-02    0.1640244948E-02    0.2114440659E-02    0.2625546335E-02    0.3163209056E-02    0.3717004395E-02    0.4277091961E-02    0.4834712652E-02    0.5382529911E-02    0.5914752638E-02    0.6427123593E-02    0.6916813251E-02    0.7382226769E-02    0.7822796955E-02
        1.2889504441    0.5538319144E-03    0.8784728095E-03    0.1268061260E-02    0.1715354440E-02    0.2211549069E-02    0.2746510800E-02    0.3309359127E-02    0.3889150371E-02    0.4475565340E-02    0.5059427548E-02    0.5633058223E-02    0.6190403384E-02    0.6727020832E-02    0.7239968758E-02    0.7727603488E-02    0.8189361985E-02
        1.4112576178    0.5788948417E-03    0.9179615735E-03    0.1325039449E-02    0.1792635350E-02    0.2311521263E-02    0.2871052102E-02    0.3459810972E-02    0.4066328729E-02    0.4679800849E-02    0.5290627222E-02    0.5890782023E-02    0.6473945629E-02    0.7035490447E-02    0.7572364240E-02    0.8082878310E-02    0.8566478920E-02
        1.5451703927    0.6045164866E-03    0.9584200345E-03    0.1383524512E-02    0.1872027267E-02    0.2414242753E-02    0.2999003281E-02    0.3614349583E-02    0.4248280425E-02    0.4889498621E-02    0.5527973845E-02    0.6155328507E-02    0.6764975019E-02    0.7352100592E-02    0.7913545165E-02    0.8447579554E-02    0.8953665102E-02
        1.6917900122    0.6306997524E-03    0.9998638586E-03    0.1443519288E-02    0.1953503559E-02    0.2519654999E-02    0.3130277712E-02    0.3772864428E-02    0.4434874100E-02    0.5104508783E-02    0.5771301114E-02    0.6426517211E-02    0.7063299674E-02    0.7676651413E-02    0.8263307956E-02    0.8821505020E-02    0.9350725543E-02
        1.8523222157    0.6574385057E-03    0.1042285446E-02    0.1504987529E-02    0.2036989219E-02    0.2627645519E-02    0.3264728832E-02    0.3935177316E-02    0.4625901619E-02    0.5324594736E-02    0.6020345700E-02    0.6704060365E-02    0.7368610475E-02    0.8008816509E-02    0.8621314066E-02    0.9204310179E-02    0.9757316777E-02
        2.0280871538    0.6847545879E-03    0.1085696225E-02    0.1567916879E-02    0.2122448486E-02    0.2738159703E-02    0.3402286673E-02    0.4101205051E-02    0.4821267973E-02    0.5549650885E-02    0.6274992830E-02    0.6987835967E-02    0.7680780963E-02    0.8348468777E-02    0.8987440717E-02    0.9595882698E-02    0.1017334403E-01
        2.2205302450    0.7126652653E-03    0.1130105501E-02    0.1632300053E-02    0.2209860471E-02    0.2851167297E-02    0.3542914330E-02    0.4270905728E-02    0.5020927382E-02    0.5779628570E-02    0.6535192231E-02    0.7277794017E-02    0.7999764240E-02    0.8695568433E-02    0.9361660580E-02    0.9996214343E-02    0.1059882594E-01
        2.4312340620    0.7398720138E-03    0.1173426254E-02    0.1695106730E-02    0.2295116677E-02    0.2961366951E-02    0.3680026158E-02    0.4436343478E-02    0.5215553810E-02    0.6003796448E-02    0.6788814514E-02    0.7560433514E-02    0.8310729736E-02    0.9034009391E-02    0.9726654646E-02    0.1038684122E-01    0.1101422445E-01
        2.6619313461    0.7688772591E-03    0.1219628058E-02    0.1762062673E-02    0.2385967468E-02    0.3078760155E-02    0.3826053465E-02    0.4612507648E-02    0.5422772641E-02    0.6242447003E-02    0.7058809056E-02    0.7861316518E-02    0.8641781759E-02    0.9394349173E-02    0.1011533296E-01    0.1080291928E-01    0.1145683341E-01
        2.9145192568    0.7985850536E-03    0.1266943895E-02    0.1830610131E-02    0.2478950610E-02    0.3198882479E-02    0.3975451888E-02    0.4792717971E-02    0.5634733831E-02    0.6486547690E-02    0.7334967317E-02    0.8169081654E-02    0.8980443071E-02    0.9763042508E-02    0.1051313802E-01    0.1122893989E-01    0.1191025701E-01
        3.1910749729    0.8287278699E-03    0.1314941456E-02    0.1900123169E-02    0.2573220245E-02    0.3320645268E-02    0.4126871577E-02    0.4975350112E-02    0.5849530646E-02    0.6733906855E-02    0.7614815500E-02    0.8480980833E-02    0.9323703883E-02    0.1013683481E-01    0.1091659102E-01    0.1166122349E-01    0.1237064034E-01
        3.4938727747    0.8595052740E-03    0.1363932807E-02    0.1971053142E-02    0.2669389919E-02    0.3444843097E-02    0.4281302832E-02    0.5161600618E-02    0.6068572457E-02    0.6986149939E-02    0.7900195985E-02    0.8799073010E-02    0.9673839267E-02    0.1051821767E-01    0.1132840202E-01    0.1210270232E-01    0.1284114326E-01
        3.8254027466    0.8908059736E-03    0.1413739381E-02    0.2043143496E-02    0.2767114729E-02    0.3571033559E-02    0.4438198350E-02    0.5350811976E-02    0.6291088534E-02    0.7242392579E-02    0.8190113309E-02    0.9122257483E-02    0.1002965276E-01    0.1090591206E-01    0.1174722606E-01    0.1255198513E-01    0.1332034995E-01
        4.1883912545    0.9226661593E-03    0.1464418378E-02    0.2116478875E-02    0.2866511773E-02    0.3699370169E-02    0.4597751101E-02    0.5543218814E-02    0.6517356763E-02    0.7502957429E-02    0.8484937088E-02    0.9450954596E-02    0.1039162158E-01    0.1130046113E-01    0.1217368445E-01    0.1300978637E-01    0.1380908526E-01
        4.5858233661    0.9550222462E-03    0.1515869733E-02    0.2190916795E-02    0.2967390352E-02    0.3829608915E-02    0.4759659668E-02    0.5738459411E-02    0.6746953670E-02    0.7767359712E-02    0.8784124251E-02    0.9784569278E-02    0.1075910884E-01    0.1170120056E-01    0.1260710382E-01    0.1347544545E-01    0.1430672573E-01
        5.0209673996    0.9879151761E-03    0.1568159864E-02    0.2266555330E-02    0.3069885308E-02    0.3961925606E-02    0.4924144112E-02    0.5936800501E-02    0.6980194493E-02    0.8035965079E-02    0.9088093864E-02    0.1012357925E-01    0.1113265941E-01    0.1210875476E-01    0.1304820448E-01    0.1394979853E-01    0.1481424589E-01
        5.4974018001    0.1021335897E-02    0.1621276082E-02    0.2343378060E-02    0.3173976146E-02    0.4096295299E-02    0.5091174728E-02    0.6138207468E-02    0.7217040043E-02    0.8308731279E-02    0.9396804349E-02    0.1046795072E-01    0.1151225880E-01    0.1252314490E-01    0.1349706442E-01    0.1443300554E-01    0.1533191577E-01
        6.0190445678    0.1055202846E-02    0.1675090615E-02    0.2421201995E-02    0.3279416493E-02    0.4232401280E-02    0.5260358949E-02    0.6342208031E-02    0.7456936464E-02    0.8585023753E-02    0.9709545074E-02    0.1081690654E-01    0.1189707859E-01    0.1294351268E-01    0.1395282245E-01    0.1492423409E-01    0.1585896664E-01
        6.5901854779    0.1089570922E-02    0.1729692204E-02    0.2500156864E-02    0.3386383295E-02    0.4370472945E-02    0.5431982765E-02    0.6549147861E-02    0.7700291569E-02    0.8865315284E-02    0.1002685855E-01    0.1117106731E-01    0.1228783096E-01    0.1337068107E-01    0.1441643721E-01    0.1542460802E-01    0.1639672050E-01
        7.2155213579    0.1124418827E-02    0.1785048482E-02    0.2580197119E-02    0.3494815879E-02    0.4510432838E-02    0.5605950630E-02    0.6758912517E-02    0.7946972204E-02    0.9149456239E-02    0.1034858455E-01    0.1153027345E-01    0.1268437487E-01    0.1380455264E-01    0.1488788661E-01    0.1593421765E-01    0.1694542067E-01
        7.9001947124    0.1159736104E-02    0.1841144094E-02    0.2661301601E-02    0.3604686427E-02    0.4652245749E-02    0.5782219371E-02    0.6971450616E-02    0.8196919398E-02    0.9437382821E-02    0.1067466119E-01    0.1189447775E-01    0.1308669801E-01    0.1424517821E-01    0.1536732014E-01    0.1645335239E-01    0.1750554154E-01
        8.6498360130    0.1195479811E-02    0.1897911938E-02    0.2743374168E-02    0.3715865406E-02    0.4795745059E-02    0.5960582383E-02    0.7186513666E-02    0.8449842522E-02    0.9728765063E-02    0.1100472711E-01    0.1226330266E-01    0.1349443074E-01    0.1469222934E-01    0.1585449209E-01    0.1698189715E-01    0.1807715041E-01
        9.4706100008    0.1231668105E-02    0.1955381729E-02    0.2826458472E-02    0.3828412498E-02    0.4941008249E-02    0.6141136365E-02    0.7404218818E-02    0.8705880980E-02    0.1002376871E-01    0.1133898331E-01    0.1263700088E-01    0.1390790324E-01    0.1514614935E-01    0.1635000347E-01    0.1752066194E-01    0.1866132195E-01
       10.3692663829    0.1268187853E-02    0.2013374600E-02    0.2910296538E-02    0.3941978727E-02    0.5087585293E-02    0.6323322312E-02    0.7623892640E-02    0.8964244807E-02    0.1032149031E-01    0.1167642362E-01    0.1301448463E-01    0.1432597917E-01    0.1560579829E-01    0.1685276593E-01    0.1806867289E-01    0.1925726430E-01
       11.3531953391    0.1305330356E-02    0.2072353631E-02    0.2995558202E-02    0.4057471749E-02    0.5236647922E-02    0.6508596833E-02    0.7847291862E-02    0.9227001567E-02    0.1062431711E-01    0.1201976602E-01    0.1339882002E-01    0.1475209972E-01    0.1607503005E-01    0.1736709343E-01    0.1863075909E-01    0.1987038211E-01
       12.4304882957    0.1342711035E-02    0.2131708761E-02    0.3081362006E-02    0.4173697928E-02    0.5386655846E-02    0.6695045746E-02    0.8072109166E-02    0.9491440697E-02    0.1092913640E-01    0.1236551072E-01    0.1378615182E-01    0.1518210335E-01    0.1654944209E-01    0.1788842092E-01    0.1920228039E-01    0.2049605253E-01
       13.6100044661    0.1380385497E-02    0.2191528670E-02    0.3167836438E-02    0.4290831534E-02    0.5537834173E-02    0.6882949032E-02    0.8298682699E-02    0.9757962401E-02    0.1123641800E-01    0.1271421284E-01    0.1417714855E-01    0.1561681500E-01    0.1703007385E-01    0.1841807300E-01    0.1978492625E-01    0.2113641482E-01
       14.9014437053    0.1418630158E-02    0.2252252531E-02    0.3255616561E-02    0.4409732949E-02    0.5691293483E-02    0.7073687200E-02    0.8528677535E-02    0.1002852746E-01    0.1154842993E-01    0.1306846521E-01    0.1457475696E-01    0.1605957958E-01    0.1752072810E-01    0.1896038339E-01    0.2038364443E-01    0.2179712016E-01
       16.3154262774    0.1456963097E-02    0.2313115497E-02    0.3343596990E-02    0.4528905082E-02    0.5845101723E-02    0.7264859071E-02    0.8759199321E-02    0.1029973614E-01    0.1186126997E-01    0.1342388529E-01    0.1497415921E-01    0.1650521263E-01    0.1801594368E-01    0.1950972060E-01    0.2099275051E-01    0.2247255494E-01
       17.8635801925    0.1495842551E-02    0.2374845291E-02    0.3432829798E-02    0.4649773088E-02    0.6001098328E-02    0.7458751011E-02    0.8993005447E-02    0.1057483454E-01    0.1217868942E-01    0.1378475258E-01    0.1538019966E-01    0.1695917795E-01    0.1852187670E-01    0.2007302156E-01    0.2162006217E-01    0.2317152515E-01
       19.5586368304    0.1534844399E-02    0.2436768734E-02    0.3522342037E-02    0.4771019206E-02    0.6157582646E-02    0.7653249433E-02    0.9227548466E-02    0.1085083186E-01    0.1249726062E-01    0.1414723083E-01    0.1578868823E-01    0.1741701394E-01    0.1903390089E-01    0.2064562088E-01    0.2226101306E-01    0.2388970859E-01
       21.4145356385    0.1574456383E-02    0.2499660317E-02    0.3613253330E-02    0.4894160042E-02    0.6316512111E-02    0.7850787359E-02    0.9465762809E-02    0.1113118367E-01    0.1282098069E-01    0.1451588934E-01    0.1620481576E-01    0.1788460556E-01    0.1955869049E-01    0.2123509633E-01    0.2292421279E-01    0.2463688505E-01
       23.4465387640    0.1615280308E-02    0.2564475597E-02    0.3706945012E-02    0.5021066682E-02    0.6480301640E-02    0.8054366427E-02    0.9711268642E-02    0.1142015274E-01    0.1315477948E-01    0.1489636084E-01    0.1663497492E-01    0.1836918861E-01    0.2010443340E-01    0.2185071823E-01    0.2362016069E-01    0.2542494088E-01
       25.6713565631    0.1657163437E-02    0.2630972172E-02    0.3803066758E-02    0.5151264662E-02    0.6648338924E-02    0.8263225756E-02    0.9963149885E-02    0.1171666899E-01    0.1349744948E-01    0.1528734235E-01    0.1707784222E-01    0.1886952904E-01    0.2067012615E-01    0.2249187932E-01    0.2434882869E-01    0.2625462177E-01
       28.1072850208    0.1700133110E-02    0.2699193518E-02    0.3901681466E-02    0.5284839215E-02    0.6820734003E-02    0.8477502276E-02    0.1022157313E-01    0.1202093636E-01    0.1384925374E-01    0.1568920343E-01    0.1753397572E-01    0.1938649251E-01    0.2125709449E-01    0.2316054441E-01    0.2511301908E-01    0.2712977995E-01
       30.7743562090    0.1744217402E-02    0.2769184264E-02    0.4002853684E-02    0.5421877805E-02    0.6997599793E-02    0.8697336514E-02    0.1048670951E-01    0.1233316535E-01    0.1421046686E-01    0.1610233640E-01    0.1800397759E-01    0.1992102399E-01    0.2186679550E-01    0.2385888104E-01    0.2591583004E-01    0.2805468043E-01
       33.6945030221    0.1789445136E-02    0.2840990214E-02    0.4106649658E-02    0.5562470186E-02    0.7179052157E-02    0.8922872676E-02    0.1075873486E-01    0.1265357329E-01    0.1458137571E-01    0.1652715818E-01    0.1848849795E-01    0.2047415451E-01    0.2250082862E-01    0.2458927642E-01    0.2676068041E-01    0.2903403659E-01
       36.8917395444    0.1835845899E-02    0.2914658379E-02    0.4213137364E-02    0.5706708453E-02    0.7365209979E-02    0.9154258748E-02    0.1103782984E-01    0.1298238465E-01    0.1496228032E-01    0.1696411226E-01    0.1898823866E-01    0.2104700794E-01    0.2316094656E-01    0.2535435411E-01    0.2765133447E-01    0.3007304566E-01
       40.3923585315    0.1883450059E-02    0.2990236997E-02    0.4322386555E-02    0.5854687102E-02    0.7556195239E-02    0.9391646587E-02    0.1132418007E-01    0.1331983141E-01    0.1535349465E-01    0.1741367053E-01    0.1950395695E-01    0.2164080727E-01    0.2384906553E-01    0.2615698993E-01    0.2859192581E-01    0.3117742347E-01
       44.2251476316    0.1932288783E-02    0.3067775572E-02    0.4434468801E-02    0.6006503087E-02    0.7752133087E-02    0.9635192030E-02    0.1161797633E-01    0.1366615333E-01    0.1575534745E-01    0.1787633505E-01    0.2003646879E-01    0.2225688032E-01    0.2456727445E-01    0.2700032632E-01    0.2958697921E-01    0.3235343750E-01
       48.4216261230    0.1982394051E-02    0.3147324896E-02    0.4549457537E-02    0.6162255886E-02    0.7953151929E-02    0.9885054989E-02    0.1191941468E-01    0.1402159833E-01    0.1616818292E-01    0.1835263953E-01    0.2058665154E-01    0.2289666427E-01    0.2531784223E-01    0.2788778404E-01    0.3064142945E-01    0.3360793536E-01
       53.0163041156    0.2033798681E-02    0.3228937086E-02    0.4667428106E-02    0.6322047559E-02    0.8159383509E-02    0.1014139956E-01    0.1222869663E-01    0.1438642272E-01    0.1659236136E-01    0.1884315043E-01    0.2115544580E-01    0.2356170842E-01    0.2610322233E-01    0.2882307008E-01    0.3176063467E-01    0.3494836836E-01
       58.0469663481    0.2086536347E-02    0.3312665614E-02    0.4788457812E-02    0.6485982822E-02    0.8370962990E-02    0.1040439414E-01    0.1254602925E-01    0.1476089150E-01    0.1702825955E-01    0.1934846750E-01    0.2174385581E-01    0.2425367461E-01    0.2692605344E-01    0.2981017981E-01    0.3295038288E-01    0.3638280409E-01
       63.5549829136    0.2140641601E-02    0.3398565344E-02    0.4912625966E-02    0.6654169105E-02    0.8588029046E-02    0.1067421153E-01    0.1287162540E-01    0.1514527846E-01    0.1747627079E-01    0.1986922338E-01    0.2235294809E-01    0.2497433408E-01    0.2778915474E-01    0.3085339152E-01    0.3421688726E-01    0.3791992779E-01
       69.5856494710    0.2196149892E-02    0.3486692564E-02    0.5040013939E-02    0.6826716631E-02    0.8810723951E-02    0.1095102902E-01    0.1320570373E-01    0.1553986630E-01    0.1793680461E-01    0.2040608206E-01    0.2298384748E-01    0.2572556000E-01    0.2869551392E-01    0.3195725027E-01    0.3556676793E-01    0.3956902239E-01
       76.1885597370    0.2253097592E-02    0.3577105026E-02    0.5170705213E-02    0.7003738480E-02    0.9039193671E-02    0.1123502857E-01    0.1354848889E-01    0.1594494649E-01    0.1841028579E-01    0.2095973578E-01    0.2363772985E-01    0.2650931383E-01    0.2964826574E-01    0.3312653807E-01    0.3700701365E-01    0.4133992651E-01
       83.4180133251    0.2311522020E-02    0.3669861980E-02    0.5304785440E-02    0.7185350669E-02    0.9273587960E-02    0.1152639686E-01    0.1390021153E-01    0.1636081891E-01    0.1889715264E-01    0.2153089987E-01    0.2431581061E-01    0.2732762413E-01    0.3065065830E-01    0.3436622560E-01    0.3854491955E-01    0.4324295521E-01
       91.3334622825    0.2371461460E-02    0.3765024216E-02    0.5442342491E-02    0.7371672223E-02    0.9514060457E-02    0.1182532540E-01    0.1426110833E-01    0.1678779133E-01    0.1939785425E-01    0.2212030496E-01    0.2501932764E-01    0.2818255561E-01    0.3170600362E-01    0.3568140098E-01    0.4018799032E-01    0.4528878126E-01
      100.0000000000    0.2432955195E-02    0.3862654099E-02    0.5583466518E-02    0.7562825255E-02    0.9760768785E-02    0.1213201068E-01    0.1463142195E-01    0.1722617832E-01    0.1991284648E-01    0.2272868591E-01    0.2574951758E-01    0.2907616606E-01    0.3281760862E-01    0.3707716851E-01    0.4194380329E-01    0.4748825295E-01
