               #####        0.2000000000        0.2533333333        0.3066666667        0.3600000000        0.4133333333        0.4666666667        0.5200000000        0.5733333333        0.6266666667        0.6800000000        0.7333333333        0.7866666667        0.8400000000        0.8933333333        0.9466666667        1.0000000000
        0.0010000000    0.1513211917E-07    0.2412392511E-07    0.3501356230E-07    0.4761625892E-07    0.6169557846E-07    0.7697305749E-07    0.9314440361E-07    0.1098980122E-06    0.1269342999E-06    0.1439810184E-06    0.1608045215E-06    0.1772147610E-06    0.1930654134E-06    0.2082448304E-06    0.2226959643E-06    0.2363812479E-06
        0.0010948890    0.2156382683E-07    0.3437748687E-07    0.4989564048E-07    0.6785499457E-07    0.8791863527E-07    0.1096897601E-06    0.1327347582E-06    0.1566095954E-06    0.1808873628E-06    0.2051800995E-06    0.2291548477E-06    0.2525407743E-06    0.2751292200E-06    0.2967594771E-06    0.3173522045E-06    0.3368537563E-06
        0.0011987818    0.3071564062E-07    0.4896750185E-07    0.7107168269E-07    0.9665316919E-07    0.1252320869E-06    0.1562432577E-06    0.1890690719E-06    0.2230770668E-06    0.2576591652E-06    0.2922627577E-06    0.3264135724E-06    0.3597258198E-06    0.3919020535E-06    0.4227107536E-06    0.4520420663E-06    0.4798194040E-06
        0.0013125330    0.4372586064E-07    0.6970867546E-07    0.1011755745E-06    0.1375927356E-06    0.1782770691E-06    0.2224240534E-06    0.2691545236E-06    0.3175681616E-06    0.3667993498E-06    0.4160614176E-06    0.4646791974E-06    0.5121034697E-06    0.5579104243E-06    0.6017662417E-06    0.6435196486E-06    0.6830613438E-06
        0.0014370779    0.6221281272E-07    0.9918098316E-07    0.1439519280E-06    0.1957661892E-06    0.2536519460E-06    0.3164646110E-06    0.3829533903E-06    0.4518373781E-06    0.5218850183E-06    0.5919770534E-06    0.6611528468E-06    0.7286309385E-06    0.7938077281E-06    0.8562013852E-06    0.9156049406E-06    0.9718624530E-06
        0.0015734408    0.8845518346E-07    0.1410171665E-06    0.2046733625E-06    0.2783440593E-06    0.3606476280E-06    0.4499568059E-06    0.5444933166E-06    0.6424360453E-06    0.7420340069E-06    0.8416958417E-06    0.9400556788E-06    0.1036002368E-05    0.1128676719E-05    0.1217382499E-05    0.1301838786E-05    0.1381823189E-05
        0.0017227429    0.1256776075E-06    0.2003580257E-06    0.2908013295E-06    0.3954736178E-06    0.5124120630E-06    0.6393048548E-06    0.7736256081E-06    0.9127870333E-06    0.1054301421E-05    0.1195907788E-05    0.1335665461E-05    0.1471995618E-05    0.1603675928E-05    0.1729699077E-05    0.1849687486E-05    0.1963324141E-05
        0.0018862122    0.1784201319E-06    0.2844414342E-06    0.4128410308E-06    0.5614415575E-06    0.7274567804E-06    0.9076050511E-06    0.1098300075E-05    0.1295869029E-05    0.1496780358E-05    0.1697824274E-05    0.1896245608E-05    0.2089802808E-05    0.2276758001E-05    0.2455651782E-05    0.2625982923E-05    0.2787299736E-05
        0.0020651929    0.2530699820E-06    0.4034501002E-06    0.5855718959E-06    0.7963474382E-06    0.1031825280E-05    0.1287351322E-05    0.1557839319E-05    0.1838080185E-05    0.2123065053E-05    0.2408241254E-05    0.2689700774E-05    0.2964263955E-05    0.3229461656E-05    0.3483176278E-05    0.3724753041E-05    0.3953548738E-05
        0.0022611570    0.3585856966E-06    0.5716660149E-06    0.8297232066E-06    0.1128382550E-05    0.1462045936E-05    0.1824119700E-05    0.2207397795E-05    0.2604499934E-05    0.3008329264E-05    0.3412435042E-05    0.3811279665E-05    0.4200357323E-05    0.4576162672E-05    0.4935618084E-05    0.5277886355E-05    0.5602052150E-05
        0.0024757158    0.5075344924E-06    0.8091242679E-06    0.1174374538E-05    0.1597094559E-05    0.2069362300E-05    0.2581846745E-05    0.3124350024E-05    0.3686427364E-05    0.4258034723E-05    0.4830042058E-05    0.5394611283E-05    0.5945364290E-05    0.6477328845E-05    0.6986024076E-05    0.7470411015E-05    0.7929187998E-05
        0.0027106339    0.7174179554E-06    0.1143726536E-05    0.1660023428E-05    0.2257559662E-05    0.2925139471E-05    0.3649575603E-05    0.4416455313E-05    0.5211016370E-05    0.6019062288E-05    0.6827687741E-05    0.7625812855E-05    0.8404420827E-05    0.9156465718E-05    0.9875411539E-05    0.1056002488E-04    0.1120845632E-04
        0.0029678432    0.1012844170E-05    0.1614704012E-05    0.2343611717E-05    0.3187218611E-05    0.4129722365E-05    0.5152509356E-05    0.6235235543E-05    0.7357062703E-05    0.8497950175E-05    0.9639678831E-05    0.1076660543E-04    0.1186599831E-04    0.1292788182E-04    0.1394270174E-04    0.1490909522E-04    0.1582443664E-04
        0.0032494587    0.1427754740E-05    0.2276167881E-05    0.3303679094E-05    0.4492886043E-05    0.5821519105E-05    0.7263346132E-05    0.8789695253E-05    0.1037119668E-04    0.1197960303E-04    0.1358923250E-04    0.1517803234E-04    0.1672805235E-04    0.1822518484E-04    0.1965543352E-04    0.2101748604E-04    0.2230761868E-04
        0.0035577965    0.2009306117E-05    0.3203297207E-05    0.4649344829E-05    0.6322966419E-05    0.8192831454E-05    0.1022203355E-04    0.1237023210E-04    0.1459610219E-04    0.1685989544E-04    0.1912547058E-04    0.2136179021E-04    0.2354358773E-04    0.2565093580E-04    0.2766328408E-04    0.2957976418E-04    0.3139510100E-04
        0.0038953921    0.2822810566E-05    0.4500216234E-05    0.6531741880E-05    0.8883005848E-05    0.1151000902E-04    0.1436091999E-04    0.1737908146E-04    0.2050644988E-04    0.2368719151E-04    0.2687053447E-04    0.3001287174E-04    0.3307869903E-04    0.3603990295E-04    0.3886623668E-04    0.4155805120E-04    0.4410788258E-04
        0.0042650218    0.3958025501E-05    0.6310021458E-05    0.9158571778E-05    0.1245548927E-04    0.1613910642E-04    0.2013677528E-04    0.2436907915E-04    0.2875465194E-04    0.3321521797E-04    0.3767958987E-04    0.4208661777E-04    0.4638650585E-04    0.5053964485E-04    0.5450140539E-04    0.5827479937E-04    0.6184928015E-04
        0.0046697254    0.5537996358E-05    0.8828879905E-05    0.1281456939E-04    0.1742767676E-04    0.2258196037E-04    0.2817581759E-04    0.3409817158E-04    0.4023520876E-04    0.4647742635E-04    0.5272522452E-04    0.5889303361E-04    0.6491115857E-04    0.7072387390E-04    0.7626516218E-04    0.8154327515E-04    0.8654333281E-04
        0.0051128308    0.7730671366E-05    0.1232454688E-04    0.1788838357E-04    0.2432816826E-04    0.3152358197E-04    0.3933286695E-04    0.4760103424E-04    0.5616925955E-04    0.6488471465E-04    0.7360837114E-04    0.8222076295E-04    0.9062456511E-04    0.9874149914E-04    0.1064736620E-03    0.1138390344E-03    0.1208166580E-03
        0.0055979820    0.1076443880E-04    0.1716113776E-04    0.2490853727E-04    0.3387582092E-04    0.4389556338E-04    0.5477049359E-04    0.6628490727E-04    0.7821773505E-04    0.9035622190E-04    0.1025067891E-03    0.1145030606E-03    0.1262094602E-03    0.1375162059E-03    0.1482777413E-03    0.1585294319E-03    0.1682418122E-03
        0.0061291687    0.1494724955E-04    0.2382961665E-04    0.3458768866E-04    0.4703996322E-04    0.6095413590E-04    0.7605646889E-04    0.9204761220E-04    0.1086207259E-03    0.1254804588E-03    0.1423580246E-03    0.1590223511E-03    0.1752850859E-03    0.1909925331E-03    0.2059277614E-03    0.2201563653E-03    0.2336370059E-03
        0.0067107592    0.2069473999E-04    0.3299263531E-04    0.4788772589E-04    0.6512895417E-04    0.8439497737E-04    0.1053071023E-03    0.1274511481E-03    0.1504024985E-03    0.1737523524E-03    0.1971285874E-03    0.2202112023E-03    0.2427392661E-03    0.2644979775E-03    0.2851632619E-03    0.3048522057E-03    0.3235069415E-03
        0.0073475362    0.2855819618E-04    0.4552912182E-04    0.6608450712E-04    0.8987827862E-04    0.1164674523E-03    0.1453299244E-03    0.1758945740E-03    0.2075757728E-03    0.2398095697E-03    0.2720824668E-03    0.3039527419E-03    0.3350600658E-03    0.3651048175E-03    0.3936018239E-03    0.4207544620E-03    0.4464819359E-03
        0.0080447363    0.3927075718E-04    0.6260795047E-04    0.9087482264E-04    0.1235960924E-03    0.1601633441E-03    0.1998593964E-03    0.2418995881E-03    0.2854791358E-03    0.3298228264E-03    0.3742245663E-03    0.4180767211E-03    0.4608833888E-03    0.5022274580E-03    0.5413811585E-03    0.5786905378E-03    0.6140431061E-03
        0.0088080930    0.5379067671E-04    0.8575692842E-04    0.1244765794E-03    0.1692995943E-03    0.2193937810E-03    0.2737780149E-03    0.3313786156E-03    0.3910940591E-03    0.4518629415E-03    0.5127181198E-03    0.5728269327E-03    0.6315094595E-03    0.6881862600E-03    0.7417638970E-03    0.7928215890E-03    0.8412032255E-03
        0.0096438838    0.7336900908E-04    0.1169707295E-03    0.1697855450E-03    0.2309283851E-03    0.2992660405E-03    0.3734622304E-03    0.4520542206E-03    0.5335408415E-03    0.6164750317E-03    0.6995376366E-03    0.7815923266E-03    0.8617106298E-03    0.9390893461E-03    0.1012083486E-02    0.1081649491E-02    0.1147571490E-02
        0.0105589819    0.9960048393E-04    0.1587920412E-03    0.2304932582E-03    0.3135051155E-03    0.4062922359E-03    0.5070436625E-03    0.6137764236E-03    0.7244546308E-03    0.8371148623E-03    0.9499662795E-03    0.1061465280E-02    0.1170349688E-02    0.1275508779E-02    0.1374465752E-02    0.1468781603E-02    0.1558159056E-02
        0.0115609128    0.1345234364E-03    0.2144709489E-03    0.3113185816E-03    0.4234508674E-03    0.5487988191E-03    0.6849213700E-03    0.8291445419E-03    0.9787216866E-03    0.1131002453E-02    0.1283567911E-02    0.1434331553E-02    0.1581585816E-02    0.1723798375E-02    0.1857238428E-02    0.1984427496E-02    0.2104958077E-02
        0.0126579159    0.1806599380E-03    0.2880289954E-03    0.4181009612E-03    0.5687126248E-03    0.7370929173E-03    0.9199712422E-03    0.1113763244E-02    0.1314785035E-02    0.1519479532E-02    0.1724597789E-02    0.1927334935E-02    0.2125393195E-02    0.2316664101E-02    0.2495528918E-02    0.2666022334E-02    0.2827588703E-02
        0.0138590124    0.2410868997E-03    0.3843726811E-03    0.5579656263E-03    0.7589889661E-03    0.9837566159E-03    0.1227916073E-02    0.1486694528E-02    0.1755183229E-02    0.2028638620E-02    0.2302724166E-02    0.2573692245E-02    0.2838469152E-02    0.3094161721E-02    0.3332314820E-02    0.3559326883E-02    0.3774444875E-02
        0.0151740797    0.3194918801E-03    0.5093826067E-03    0.7394535875E-03    0.1005908265E-02    0.1303880433E-02    0.1627620938E-02    0.1970820999E-02    0.2326986673E-02    0.2689836561E-02    0.3053622067E-02    0.3413369273E-02    0.3764993038E-02    0.4104535027E-02    0.4419290608E-02    0.4719319593E-02    0.5003608514E-02
        0.0166139325    0.4201161173E-03    0.6698229019E-03    0.9723910704E-03    0.1322853173E-02    0.1714839637E-02    0.2140820031E-02    0.2592523739E-02    0.3061428671E-02    0.3539282135E-02    0.4018521725E-02    0.4492594745E-02    0.4956110578E-02    0.5403670640E-02    0.5816228294E-02    0.6209464747E-02    0.6582026962E-02
        0.0181904113    0.5477249263E-03    0.8732942947E-03    0.1267822537E-02    0.1724872269E-02    0.2236184885E-02    0.2791988380E-02    0.3381538782E-02    0.3993751562E-02    0.4617877558E-02    0.5244051429E-02    0.5863710388E-02    0.6469796555E-02    0.7054971535E-02    0.7590768439E-02    0.8101420288E-02    0.8585137290E-02
        0.0199164806    0.7073678111E-03    0.1127852121E-02    0.1637458009E-02    0.2227932571E-02    0.2888681302E-02    0.3607155043E-02    0.4369538219E-02    0.5161555388E-02    0.5969339364E-02    0.6780139291E-02    0.7582865087E-02    0.8368354692E-02    0.9126668324E-02    0.9815428882E-02    0.1047175202E-01    0.1109329519E-01
        0.0218063349    0.9041455191E-03    0.1441635724E-02    0.2093137926E-02    0.2848198086E-02    0.3693385254E-02    0.4612769491E-02    0.5588784408E-02    0.6603244293E-02    0.7638446435E-02    0.8678076002E-02    0.9707907858E-02    0.1071615745E-01    0.1168941130E-01    0.1256489385E-01    0.1339892631E-01    0.1418847945E-01
        0.0238755154    0.1142929785E-02    0.1822423246E-02    0.2646191808E-02    0.3601168127E-02    0.4670546534E-02    0.5834361041E-02    0.7070548918E-02    0.8356215105E-02    0.9669014527E-02    0.1098829594E-01    0.1229599851E-01    0.1357710999E-01    0.1481359612E-01    0.1591300137E-01    0.1695996774E-01    0.1795063021E-01
        0.0261410384    0.1428001221E-02    0.2277057772E-02    0.3306614290E-02    0.4500575000E-02    0.5838211572E-02    0.7294844340E-02    0.8843129436E-02    0.1045460547E-01    0.1210140356E-01    0.1375767669E-01    0.1540073490E-01    0.1701164052E-01    0.1856623247E-01    0.1992924479E-01    0.2122660739E-01    0.2245346041E-01
        0.0286215345    0.1763336826E-02    0.2811911093E-02    0.4083752130E-02    0.5559346389E-02    0.7213518612E-02    0.9016208918E-02    0.1093399715E-01    0.1293196132E-01    0.1497576280E-01    0.1703341208E-01    0.1907669392E-01    0.2108193829E-01    0.2301687145E-01    0.2468502360E-01    0.2627184454E-01    0.2777131574E-01
        0.0313374022    0.2153176260E-02    0.3433795083E-02    0.4987648631E-02    0.6791476976E-02    0.8815196569E-02    0.1102274904E-01    0.1337386116E-01    0.1582623420E-01    0.1833804910E-01    0.2087012396E-01    0.2338769122E-01    0.2586139541E-01    0.2824821074E-01    0.3026492298E-01    0.3218188182E-01    0.3399174495E-01
        0.0343109759    0.2603993632E-02    0.4153115451E-02    0.6033649179E-02    0.8218350248E-02    0.1067185789E-01    0.1335156604E-01    0.1620959434E-01    0.1919531157E-01    0.2225830187E-01    0.2535097632E-01    0.2843078068E-01    0.3146149117E-01    0.3438577030E-01    0.3679837732E-01    0.3908969728E-01    0.4125089462E-01
        0.0375667089    0.3127544252E-02    0.4988739954E-02    0.7249502257E-02    0.9878473060E-02    0.1283474960E-01    0.1606869011E-01    0.1952403790E-01    0.2314075986E-01    0.2685851115E-01    0.3061977730E-01    0.3437261947E-01    0.3807237325E-01    0.4164249870E-01    0.4450704493E-01    0.4722505824E-01    0.4978602367E-01
        0.0411313750    0.3748631698E-02    0.5980375294E-02    0.8693340999E-02    0.1185199446E-01    0.1540965754E-01    0.1930910721E-01    0.2348474968E-01    0.2786572883E-01    0.3237993184E-01    0.3695777019E-01    0.4153562412E-01    0.4605810942E-01    0.5042257516E-01    0.5381458733E-01    0.5702990670E-01    0.6005611201E-01
        0.0450342886    0.4501695921E-02    0.7183144290E-02    0.1044587837E-01    0.1425024490E-01    0.1854362776E-01    0.2326060954E-01    0.2832501617E-01    0.3365320496E-01    0.3915866147E-01    0.4475658540E-01    0.5036829282E-01    0.5592432096E-01    0.6128614024E-01    0.6530689424E-01    0.6911425810E-01    0.7269363370E-01
        0.0493075457    0.5445869787E-02    0.8691512737E-02    0.1264506939E-01    0.1726286151E-01    0.2248609538E-01    0.2824021470E-01    0.3443651848E-01    0.4097547968E-01    0.4775202307E-01    0.5466121049E-01    0.6160404941E-01    0.6849189533E-01    0.7513639102E-01    0.7992723556E-01    0.8445872194E-01    0.8871378124E-01
        0.0539862877    0.6661089823E-02    0.1063300536E-01    0.1547693631E-01    0.2114534131E-01    0.2757290202E-01    0.3467445321E-01    0.4234567402E-01    0.5046620328E-01    0.5890579311E-01    0.6753165774E-01    0.7621649406E-01    0.8484495936E-01    0.9315937686E-01    0.9890553700E-01    0.1043337358E+00    0.1094242168E+00
        0.0591089906    0.8203279364E-02    0.1309690002E-01    0.1907240742E-01    0.2607936527E-01    0.3404626060E-01    0.4287594006E-01    0.5244448153E-01    0.6260372907E-01    0.7318874509E-01    0.8402790592E-01    0.9495454160E-01    0.1058167161E+00    0.1162623470E+00    0.1231599136E+00    0.1296672695E+00    0.1357619255E+00
        0.0647177816    0.1008584118E-01    0.1610490955E-01    0.2346520995E-01    0.3211635083E-01    0.4198279281E-01    0.5295490023E-01    0.6488445687E-01    0.7758616317E-01    0.9084741798E-01    0.1044432403E+00    0.1181538216E+00    0.1317792629E+00    0.1448439079E+00    0.1530592263E+00    0.1608017461E+00    0.1680461634E+00
        0.0708587849    0.1222801589E-01    0.1952967383E-01    0.2847508202E-01    0.3902100990E-01    0.5109401271E-01    0.6457380741E-01    0.7928303622E-01    0.9498761231E-01    0.1114112680E+00    0.1282589514E+00    0.1452434281E+00    0.1621065325E+00    0.1782198350E+00    0.1878378840E+00    0.1969006822E+00    0.2053791332E+00
        0.0775825017    0.1439332892E-01    0.2299855764E-01    0.3357144886E-01    0.4609084295E-01    0.6049868439E-01    0.7667031567E-01    0.9439545073E-01    0.1133787757E+00    0.1332641838E+00    0.1536718466E+00    0.1742367931E+00    0.1946369338E+00    0.2140676039E+00    0.2250548995E+00    0.2354226914E+00    0.2451347099E+00
        0.0849442250    0.1632626859E-01    0.2611209183E-01    0.3819147818E-01    0.5258985263E-01    0.6928517719E-01    0.8815742492E-01    0.1089587478E+00    0.1313195266E+00    0.1547902619E+00    0.1788974641E+00    0.2031948033E+00    0.2272958222E+00    0.2502023516E+00    0.2624861970E+00    0.2741189662E+00    0.2850504703E+00
        0.0930044946    0.1807411449E-01    0.2895312967E-01    0.4247301478E-01    0.5873588241E-01    0.7777598093E-01    0.9947968709E-01    0.1235478633E+00    0.1495188455E+00    0.1768375424E+00    0.2049320483E+00    0.2332740734E+00    0.2614125253E+00    0.2881339002E+00    0.3017924565E+00    0.3147973188E+00    0.3270750635E+00
        0.1018295948    0.2012270693E-01    0.3229748216E-01    0.4755184578E-01    0.6609217927E-01    0.8801565054E-01    0.1131953215E+00    0.1412483911E+00    0.1715940407E+00    0.2035565349E+00    0.2364585661E+00    0.2696848128E+00    0.3027130809E+00    0.3340725688E+00    0.3494469799E+00    0.3641745309E+00    0.3781482867E+00
        0.1114920997    0.2335470932E-01    0.3754055336E-01    0.5544583400E-01    0.7739523644E-01    0.1035248680E+00    0.1336389129E+00    0.1672133364E+00    0.2035082986E+00    0.2417040447E+00    0.2810016591E+00    0.3206838974E+00    0.3601427736E+00    0.3975768415E+00    0.4152064753E+00    0.4321844267E+00    0.4483599104E+00
        0.1220714697    0.2812032902E-01    0.4523181562E-01    0.6695108102E-01    0.9372160817E-01    0.1256650190E+00    0.1624400052E+00    0.2033225752E+00    0.2473810447E+00    0.2936313282E+00    0.3411342996E+00    0.3890516880E+00    0.4366718520E+00    0.4817729970E+00    0.5021276131E+00    0.5218182938E+00    0.5406393821E+00
        0.1336547051    0.3323176847E-01    0.5351669055E-01    0.7944386956E-01    0.1115840067E+00    0.1500021914E+00    0.1941761950E+00    0.2431794362E+00    0.2958989824E+00    0.3511891382E+00    0.4079607020E+00    0.4652363819E+00    0.5221801375E+00    0.5760745080E+00    0.5994944089E+00    0.6222578483E+00    0.6440918310E+00
        0.1463370617    0.3684796218E-01    0.5955752252E-01    0.8895366663E-01    0.1257713050E+00    0.1700361031E+00    0.2210982245E+00    0.2778997065E+00    0.3391959771E+00    0.4036951539E+00    0.4701463144E+00    0.5374053733E+00    0.6044765715E+00    0.6680838549E+00    0.6951880766E+00    0.7216671440E+00    0.7471673482E+00
        0.1602228341    0.3942878751E-01    0.6412634412E-01    0.9665275028E-01    0.1379343386E+00    0.1879953672E+00    0.2461316599E+00    0.3112135000E+00    0.3818829499E+00    0.4566843815E+00    0.5341659903E+00    0.6129677494E+00    0.6918827337E+00    0.7669760896E+00    0.7988272701E+00    0.8300722832E+00    0.8602642441E+00
        0.1754262130    0.4445361972E-01    0.7262718973E-01    0.1101663991E+00    0.1581202366E+00    0.2164587633E+00    0.2843901150E+00    0.3606635693E+00    0.4437428848E+00    0.5319426535E+00    0.6235525745E+00    0.7169508961E+00    0.8106854247E+00    0.9000019099E+00    0.9373036904E+00    0.9740202440E+00    0.1009596541E+01
        0.1920722248    0.5220661936E-01    0.8546349017E-01    0.1299955698E+00    0.1868920217E+00    0.2560215670E+00    0.3364627983E+00    0.4267861975E+00    0.5252164213E+00    0.6297865723E+00    0.7384883912E+00    0.8494098034E+00    0.9608328826E+00    0.1067020294E+01    0.1110259607E+01    0.1152997468E+01    0.1194547202E+01
        0.2102977595    0.5773746982E-01    0.9510018153E-01    0.1457242566E+00    0.2108754169E+00    0.2904992410E+00    0.3836716984E+00    0.4888405952E+00    0.6039914357E+00    0.7268345817E+00    0.8549944550E+00    0.9861835870E+00    0.1118328308E+01    0.1244538453E+01    0.1295724375E+01    0.1346469476E+01    0.1395935156E+01
        0.2302526962    0.6195847096E-01    0.1030330892E+00    0.1596007993E+00    0.2332763241E+00    0.3242403372E+00    0.4316442612E+00    0.5538192377E+00    0.6884645012E+00    0.8328842139E+00    0.9842315442E+00    0.1139733509E+01    0.1296855194E+01    0.1447325191E+01    0.1508751168E+01    0.1569751064E+01    0.1629315566E+01
        0.2521011363    0.7037273466E-01    0.1175129290E+00    0.1828559712E+00    0.2683140023E+00    0.3742197004E+00    0.4997059706E+00    0.6429125022E+00    0.8012026817E+00    0.9714435192E+00    0.1150295224E+01    0.1334479727E+01    0.1520979534E+01    0.1699891463E+01    0.1772560336E+01    0.1845002367E+01    0.1915982140E+01
        0.2760227522    0.7765508172E-01    0.1306064878E+00    0.2048401576E+00    0.3027858446E+00    0.4250852679E+00    0.5709335883E+00    0.7382909792E+00    0.9241365607E+00    0.1124805363E+01    0.1336340843E+01    0.1554824421E+01    0.1776622818E+01    0.1989887746E+01    0.2076984966E+01    0.2164052131E+01    0.2249591774E+01
        0.3022142655    0.8408226630E-01    0.1428537191E+00    0.2265229369E+00    0.3382766175E+00    0.4792164779E+00    0.6486597702E+00    0.8443653326E+00    0.1062840700E+01    0.1299758132E+01    0.1550392120E+01    0.1810028313E+01    0.2074271883E+01    0.2328962133E+01    0.2434159798E+01    0.2539544923E+01    0.2643317276E+01
        0.3308910644    0.9333654445E-01    0.1595660637E+00    0.2548359142E+00    0.3831561997E+00    0.5461353178E+00    0.7432588423E+00    0.9721194580E+00    0.1228759179E+01    0.1508153919E+01    0.1804736381E+01    0.2112893818E+01    0.2427350619E+01    0.2731215485E+01    0.2858211897E+01    0.2985832761E+01    0.3111885327E+01
        0.3622889751    0.1006487018E+00    0.1740450167E+00    0.2814174063E+00    0.4279617622E+00    0.6160279655E+00    0.8453566024E+00    0.1113326650E+01    0.1415367896E+01    0.1745555477E+01    0.2097253788E+01    0.2463728794E+01    0.2838620084E+01    0.3201813408E+01    0.3356296962E+01    0.3511896811E+01    0.3665973182E+01
        0.3966662010    0.1098185117E+00    0.1915995788E+00    0.3129519310E+00    0.4804801112E+00    0.6974765016E+00    0.9640914587E+00    0.1277567512E+01    0.1632706466E+01    0.2022580907E+01    0.2439321557E+01    0.2874872523E+01    0.3321578349E+01    0.3755533320E+01    0.3943900342E+01    0.4134126160E+01    0.4323016541E+01
        0.4343054463    0.1179160292E+00    0.2082778917E+00    0.3447889532E+00    0.5358915535E+00    0.7861124624E+00    0.1096136696E+01    0.1463041014E+01    0.1880852609E+01    0.2341421346E+01    0.2835388542E+01    0.3353113919E+01    0.3885396708E+01    0.4403913386E+01    0.4634440302E+01    0.4867804479E+01    0.5100158464E+01
        0.4755162407    0.1263814853E+00    0.2259425820E+00    0.3791304316E+00    0.5966925891E+00    0.8847717791E+00    0.1244817235E+01    0.1673794878E+01    0.2164857326E+01    0.2708420810E+01    0.3293362709E+01    0.3908160566E+01    0.4541776182E+01    0.5160769460E+01    0.5443532862E+01    0.5730472978E+01    0.6016960991E+01
        0.5206374847    0.1339529069E+00    0.2428974064E+00    0.4140575769E+00    0.6610939012E+00    0.9922085287E+00    0.1409831474E+01    0.1910821051E+01    0.2487297291E+01    0.3127981911E+01    0.3819673122E+01    0.4548634144E+01    0.5301667105E+01    0.6039477514E+01    0.6386891198E+01    0.6740283105E+01    0.7094101992E+01
        0.5700402368    0.1402535312E+00    0.2585484272E+00    0.4488436177E+00    0.7284371686E+00    0.1108112016E+01    0.1591530875E+01    0.2175456299E+01    0.2850809322E+01    0.3604333529E+01    0.4420398786E+01    0.5282682646E+01    0.6175467028E+01    0.7052845061E+01    0.7480055369E+01    0.7915651895E+01    0.8353003043E+01
        0.6241307649    0.1446724776E+00    0.2719737143E+00    0.4823454537E+00    0.7975670633E+00    0.1231597301E+01    0.1789621442E+01    0.2468333832E+01    0.3257282787E+01    0.4140920385E+01    0.5100796118E+01    0.6117586519E+01    0.7172655730E+01    0.8212747762E+01    0.8738145774E+01    0.9275117093E+01    0.9815780495E+01
        0.6833538873    0.1464205723E+00    0.2820714539E+00    0.5132340900E+00    0.8671067015E+00    0.1361493161E+01    0.2003453375E+01    0.2789673341E+01    0.3708141734E+01    0.4740658963E+01    0.5865506671E+01    0.7059899013E+01    0.8301854511E+01    0.9530108960E+01    0.1017589761E+02    0.1083743250E+02    0.1150540911E+02
        0.7481966305    0.1449161403E+00    0.2880440674E+00    0.5405079775E+00    0.9359715139E+00    0.1496893982E+01    0.2232672081E+01    0.3140065393E+01    0.4205260167E+01    0.5406961667E+01    0.6719665320E+01    0.8116617371E+01    0.9572043908E+01    0.1101615404E+02    0.1180898617E+02    0.1262296501E+02    0.1344719347E+02
        0.8191922345    0.1399994630E+00    0.2896510722E+00    0.5637974662E+00    0.1003822855E+01    0.1637884161E+01    0.2478277214E+01    0.3521862667E+01    0.4752655719E+01    0.6145704132E+01    0.7671118985E+01    0.9297634207E+01    0.1099522988E+02    0.1268526600E+02    0.1365693792E+02    0.1465665615E+02    0.1567177773E+02
        0.8969245379    0.1320859547E+00    0.2873621853E+00    0.5836316222E+00    0.1071626329E+01    0.1786497541E+01    0.2743997228E+01    0.3940950030E+01    0.5358642097E+01    0.6967752990E+01    0.8733319994E+01    0.1061898151E+02    0.1259002011E+02    0.1455885473E+02    0.1574698003E+02    0.1697184128E+02    0.1821892802E+02
        0.9820327791    0.1222071872E+00    0.2824028341E+00    0.6017256606E+00    0.1142363871E+01    0.1947901552E+01    0.3037948577E+01    0.4408897122E+01    0.6038496189E+01    0.7892154403E+01    0.9929029045E+01    0.1210703359E+02    0.1438630940E+02    0.1667046808E+02    0.1811899411E+02    0.1961503127E+02    0.2114213358E+02
        1.0752168532    0.1117024401E+00    0.2765521021E+00    0.6210993833E+00    0.1221503594E+01    0.2131198632E+01    0.3373795484E+01    0.4944510609E+01    0.6816410748E+01    0.8948476018E+01    0.1129303062E+02    0.1380158208E+02    0.1642870282E+02    0.1906950752E+02    0.2082883363E+02    0.2264882014E+02    0.2451110326E+02
        1.1772430677    0.1018060783E+00    0.2719321130E+00    0.6460511045E+00    0.1317076861E+01    0.2349625986E+01    0.3771107999E+01    0.5574336391E+01    0.7726099161E+01    0.1017747589E+02    0.1287284213E+02    0.1575657507E+02    0.1877728361E+02    0.2182198469E+02    0.2394840878E+02    0.2615130514E+02    0.2841054039E+02
        1.2889504441    0.9337313577E-01    0.2707964999E+00    0.6817785576E+00    0.1439084274E+01    0.2619748159E+01    0.4254254905E+01    0.6331124269E+01    0.8808720717E+01    0.1162841607E+02    0.1472538188E+02    0.1803613475E+02    0.2150299428E+02    0.2500527495E+02    0.2755958767E+02    0.3020918107E+02    0.3293248671E+02
        1.4112576178    0.8691148051E-01    0.2752427802E+00    0.7336272838E+00    0.1598244841E+01    0.2959520817E+01    0.4849515241E+01    0.7249748646E+01    0.1010744156E+02    0.1335216953E+02    0.1690858994E+02    0.2070470337E+02    0.2467634437E+02    0.2869547994E+02    0.3174085642E+02    0.3490379133E+02    0.3816185684E+02
        1.5451703927    0.8266117707E-01    0.2868434835E+00    0.8062509763E+00    0.1804454591E+01    0.3385661842E+01    0.5580996527E+01    0.8361399036E+01    0.1165973360E+02    0.1539156349E+02    0.1946982327E+02    0.2381353949E+02    0.2835207564E+02    0.3295044150E+02    0.3655024145E+02    0.4029407580E+02    0.4415950836E+02
        1.6917900122    0.8059517835E-01    0.3064246893E+00    0.9030524016E+00    0.2065508781E+01    0.3911257137E+01    0.6466809894E+01    0.9688140199E+01    0.1349026702E+02    0.1777264667E+02    0.2243558948E+02    0.2738902326E+02    0.3255613667E+02    0.3779559905E+02    0.4201191052E+02    0.4640401010E+02    0.5095057287E+02
        1.8523222157    0.8044958351E-01    0.3342058333E+00    0.1026240045E+01    0.2386819424E+01    0.4544928892E+01    0.7517590064E+01    0.1124083026E+02    0.1560838291E+02    0.2050191741E+02    0.2580872105E+02    0.3142992743E+02    0.3728315357E+02    0.4322179344E+02    0.4811520534E+02    0.5322292006E+02    0.5852604990E+02
        2.0280871538    0.8186035812E-01    0.3702120977E+00    0.1177444898E+01    0.2772211618E+01    0.5291839754E+01    0.8737874040E+01    0.1302117195E+02    0.1801116519E+02    0.2357072983E+02    0.2957434681E+02    0.3591509361E+02    0.4250587308E+02    0.4919645651E+02    0.5482687569E+02    0.6071880340E+02    0.6685718762E+02
        2.2205302450    0.8457010157E-01    0.4146878033E+00    0.1358452956E+01    0.3225056814E+01    0.6155401139E+01    0.1012872231E+02    0.1502567964E+02    0.2068916018E+02    0.2696306190E+02    0.3370987122E+02    0.4081567379E+02    0.4818964378E+02    0.5568019117E+02    0.6210813604E+02    0.6885592283E+02    0.7591357057E+02
        2.4312340620    0.8262251160E-01    0.4511893018E+00    0.1534007029E+01    0.3681634736E+01    0.7033437014E+01    0.1154074441E+02    0.1705130445E+02    0.2338168411E+02    0.3035862675E+02    0.3783483155E+02    0.4569133970E+02    0.5383512051E+02    0.6212166855E+02    0.6943506551E+02    0.7713745265E+02    0.8522512569E+02
        2.6619313461    0.8841292233E-01    0.5159002572E+00    0.1783640818E+01    0.4282743599E+01    0.8142211450E+01    0.1327674457E+02    0.1949619813E+02    0.2658910292E+02    0.3436495539E+02    0.4266700560E+02    0.5137151624E+02    0.6038339904E+02    0.6956290852E+02    0.7780250164E+02    0.8652078323E+02    0.9571950862E+02
        2.9145192568    0.9460311896E-01    0.5886185764E+00    0.2063173024E+01    0.4947198673E+01    0.9351110032E+01    0.1514706694E+02    0.2210543418E+02    0.2998772170E+02    0.3858788790E+02    0.4774118032E+02    0.5732006178E+02    0.6722805421E+02    0.7733568802E+02    0.8657583071E+02    0.9640488918E+02    0.1068280442E+03
        3.1910749729    0.1030106262E+00    0.6753313103E+00    0.2385170206E+01    0.5694674176E+01    0.1068694053E+02    0.1718657718E+02    0.2492371119E+02    0.3363395384E+02    0.4309698003E+02    0.5314086798E+02    0.6363473872E+02    0.7448106500E+02    0.8556592294E+02    0.9587637764E+02    0.1069112213E+03    0.1186743704E+03
        3.4938727747    0.1131701283E+00    0.7748609843E+00    0.2745677171E+01    0.6514943931E+01    0.1213059075E+02    0.1936654076E+02    0.2791309075E+02    0.3748124122E+02    0.4783733630E+02    0.5880280096E+02    0.7024370558E+02    0.8206182715E+02    0.9416682266E+02    0.1056244258E+03    0.1179693548E+03    0.1311969164E+03
        3.8254027466    0.1252583061E+00    0.8876948317E+00    0.3143956740E+01    0.7403677351E+01    0.1367317369E+02    0.2167409473E+02    0.3105767139E+02    0.4151112869E+02    0.5278788112E+02    0.6470289103E+02    0.7711937664E+02    0.8993887585E+02    0.1031055547E+03    0.1157901061E+03    0.1295535391E+03    0.1443731170E+03
        4.1883912545    0.1394394725E+00    0.1013980464E+01    0.3578241234E+01    0.8355241580E+01    0.1530499622E+02    0.2409629447E+02    0.3434178061E+02    0.4570505544E+02    0.5792655568E+02    0.7081484944E+02    0.8423057725E+02    0.9807572832E+02    0.1123436583E+03    0.1263365060E+03    0.1416276557E+03    0.1581667829E+03
        4.5858233661    0.1556707095E+00    0.1152887600E+01    0.4044588808E+01    0.9361010280E+01    0.1701287169E+02    0.2661581119E+02    0.3774368061E+02    0.5003601119E+02    0.6322004056E+02    0.7709812618E+02    0.9152882104E+02    0.1064155928E+03    0.1218204905E+03    0.1372038332E+03    0.1541301956E+03    0.1725151268E+03
        5.0209673996    0.1739917144E+00    0.1303662038E+01    0.4539564061E+01    0.1041423320E+02    0.1878717975E+02    0.2922011019E+02    0.4124702817E+02    0.5448258155E+02    0.6864066312E+02    0.8351785535E+02    0.9897137175E+02    0.1149075730E+03    0.1314821353E+03    0.1483353533E+03    0.1669990173E+03    0.1873536535E+03
        5.4974018001    0.1943277553E+00    0.1465097155E+01    0.5059295654E+01    0.1150821929E+02    0.2061850929E+02    0.3189621933E+02    0.4483379147E+02    0.5902015433E+02    0.7415600625E+02    0.9003292590E+02    0.1065078014E+03    0.1234917476E+03    0.1412649425E+03    0.1596619124E+03    0.1801587293E+03    0.2026056136E+03
        6.0190445678    0.2164460173E+00    0.1635532456E+01    0.5599581249E+01    0.1263616936E+02    0.2249686636E+02    0.3462934530E+02    0.4848249826E+02    0.6361899308E+02    0.7972691647E+02    0.9659397327E+02    0.1140779836E+03    0.1320971969E+03    0.1510931207E+03    0.1711004030E+03    0.1935214596E+03    0.2181824467E+03
        6.5901854779    0.2400855416E+00    0.1813435865E+01    0.6157090011E+01    0.1379278779E+02    0.2441370724E+02    0.3740563489E+02    0.5217204313E+02    0.6824929637E+02    0.8531392619E+02    0.1031512204E+03    0.1216213795E+03    0.1406527742E+03    0.1608901750E+03    0.1825657531E+03    0.2069988702E+03    0.2339927921E+03
        7.2155213579    0.2650331708E+00    0.1997735739E+01    0.6729804418E+01    0.1497455030E+02    0.2636213286E+02    0.4021258918E+02    0.5588255500E+02    0.7288265424E+02    0.9087937485E+02    0.1096573102E+03    0.1290806152E+03    0.1490914867E+03    0.1705833863E+03    0.1939770209E+03    0.2205065573E+03    0.2499433106E+03
        7.9001947124    0.2911003285E+00    0.2187707675E+01    0.7316367236E+01    0.1617820953E+02    0.2833466433E+02    0.4303631058E+02    0.5959224689E+02    0.7748857302E+02    0.9638365470E+02    0.1160633104E+03    0.1363972811E+03    0.1573461514E+03    0.1800990584E+03    0.2052545566E+03    0.2339584407E+03    0.2659304993E+03
        8.6498360130    0.3181397415E+00    0.2382896717E+01    0.7915521534E+01    0.1739968522E+02    0.3032179661E+02    0.4585990712E+02    0.6327577427E+02    0.8203284364E+02    0.1017836267E+03    0.1223172082E+03    0.1435105388E+03    0.1653481542E+03    0.1893616860E+03    0.2163188701E+03    0.2472619218E+03    0.2818377784E+03
        9.4706100008    0.3460514538E+00    0.2582941635E+01    0.8525466356E+01    0.1863304013E+02    0.3231080296E+02    0.4866224105E+02    0.6690296555E+02    0.8647626056E+02    0.1070313291E+03    0.1283626154E+03    0.1503558357E+03    0.1730261745E+03    0.1982934755E+03    0.2270876034E+03    0.2603129871E+03    0.2975421806E+03
       10.3692663829    0.3747698852E+00    0.2787342883E+01    0.9143297506E+01    0.1986979730E+02    0.3428509991E+02    0.5141738119E+02    0.7043832477E+02    0.9077411329E+02    0.1120733972E+03    0.1341380781E+03    0.1568640731E+03    0.1803051518E+03    0.2068139637E+03    0.2374710077E+03    0.2729971993E+03    0.3129249700E+03
       11.3531953391    0.4042360864E+00    0.2995258782E+01    0.9764724700E+01    0.2109885045E+02    0.3622448476E+02    0.5409515351E+02    0.7384180443E+02    0.9487706091E+02    0.1168519180E+03    0.1395777973E+03    0.1629621345E+03    0.1871063725E+03    0.2148400330E+03    0.2473682917E+03    0.2851990564E+03    0.3278664892E+03
       12.4304882957    0.4343659164E+00    0.3205402140E+01    0.1038415187E+02    0.2230701376E+02    0.3810625945E+02    0.5666281031E+02    0.7707092556E+02    0.9873356541E+02    0.1213070611E+03    0.1446142573E+03    0.1685754407E+03    0.1933496854E+03    0.2222867682E+03    0.2566706919E+03    0.2968072567E+03    0.3422253939E+03
       13.6100044661    0.4650261731E+00    0.3416059769E+01    0.1099505004E+02    0.2347998696E+02    0.3990686748E+02    0.5908732752E+02    0.8008367290E+02    0.1022933317E+03    0.1253808943E+03    0.1491825184E+03    0.1736321665E+03    0.1989580050E+03    0.2290699896E+03    0.2652736026E+03    0.3077059724E+03    0.3558366273E+03
       14.9014437053    0.4960255225E+00    0.3625198540E+01    0.1159043165E+02    0.2460334333E+02    0.4160344534E+02    0.6133753336E+02    0.8284118920E+02    0.1055106015E+03    0.1290212156E+03    0.1532244893E+03    0.1780685127E+03    0.2038619039E+03    0.2351105938E+03    0.2730872709E+03    0.3177659145E+03    0.3685511071E+03
       16.3154262774    0.5271190034E+00    0.3830593185E+01    0.1216323760E+02    0.2566321711E+02    0.4317482113E+02    0.6338541447E+02    0.8530952582E+02    0.1083461002E+03    0.1321844437E+03    0.1566916845E+03    0.1818324435E+03    0.2080049161E+03    0.2403371730E+03    0.2800347899E+03    0.3268644187E+03    0.3802433191E+03
       17.8635801925    0.5580196484E+00    0.4029929393E+01    0.1270656872E+02    0.2664663608E+02    0.4460190243E+02    0.6520659300E+02    0.8746006509E+02    0.1107679398E+03    0.1348357286E+03    0.1595477292E+03    0.1848834744E+03    0.2113467494E+03    0.2446948586E+03    0.2860375445E+03    0.3349182236E+03    0.3907753409E+03
       19.5586368304    0.5884110863E+00    0.4220876506E+01    0.1321382422E+02    0.2754167929E+02    0.4586779939E+02    0.6678040243E+02    0.8926927791E+02    0.1127515051E+03    0.1369489000E+03    0.1617661501E+03    0.1871960601E+03    0.2138579664E+03    0.2481537844E+03    0.2910290924E+03    0.3418492419E+03    0.4000401847E+03
       21.4145356385    0.6179585284E+00    0.4401146723E+01    0.1367883571E+02    0.2833767248E+02    0.4695809199E+02    0.6808972624E+02    0.9071942518E+02    0.1142777510E+03    0.1385077396E+03    0.1633289168E+03    0.1887552075E+03    0.2155274828E+03    0.2506917157E+03    0.2949827576E+03    0.3475806930E+03    0.4079520346E+03
       23.4465387640    0.6463183713E+00    0.4568550627E+01    0.1409601928E+02    0.2902548489E+02    0.4786101819E+02    0.6912180151E+02    0.9179770084E+02    0.1153360945E+03    0.1395007361E+03    0.1642325911E+03    0.1895523276E+03    0.2163543056E+03    0.2523032572E+03    0.2978633267E+03    0.3520842234E+03    0.4144283822E+03
       25.6713565631    0.6731475141E+00    0.4721047696E+01    0.1446050597E+02    0.2959768198E+02    0.4856782587E+02    0.6986864989E+02    0.9249672930E+02    0.1159227530E+03    0.1399283104E+03    0.1644740688E+03    0.1896036356E+03    0.2163369497E+03    0.2529820576E+03    0.2996607410E+03    0.3552926130E+03    0.4194477561E+03
       28.1072850208    0.6981133087E+00    0.4856793597E+01    0.1476820540E+02    0.3004860056E+02    0.4907334981E+02    0.7032548358E+02    0.9281769611E+02    0.1160375952E+03    0.1398004204E+03    0.1640683072E+03    0.1889103482E+03    0.2155243357E+03    0.2527106762E+03    0.3003856104E+03    0.3572274242E+03    0.4228903154E+03
       30.7743562090    0.7209035721E+00    0.4974193151E+01    0.1501591855E+02    0.3037471149E+02    0.4937460702E+02    0.7049400615E+02    0.9276177619E+02    0.1156982886E+03    0.1391185638E+03    0.1630500323E+03    0.1874997468E+03    0.2139107274E+03    0.2515943744E+03    0.2999713561E+03    0.3579084257E+03    0.4248364474E+03
       33.6945030221    0.7412344103E+00    0.5071952247E+01    0.1520149617E+02    0.3057407592E+02    0.4947234618E+02    0.7037825496E+02    0.9234158349E+02    0.1149096438E+03    0.1379316503E+03    0.1613995905E+03    0.1854610950E+03    0.2115154079E+03    0.2495938263E+03    0.2986000776E+03    0.3571725025E+03    0.4253245029E+03
       36.8917395444    0.7588559589E+00    0.5149075894E+01    0.1532363105E+02    0.3064686832E+02    0.4937123035E+02    0.6998363108E+02    0.9157735871E+02    0.1136896153E+03    0.1362512273E+03    0.1592147502E+03    0.1827121130E+03    0.2085377071E+03    0.2466713268E+03    0.2962026454E+03    0.3553684097E+03    0.4240414910E+03
       40.3923585315    0.7735603973E+00    0.5204879061E+01    0.1538211278E+02    0.3059595120E+02    0.4907408215E+02    0.6933349603E+02    0.9046191225E+02    0.1121090096E+03    0.1340598990E+03    0.1565455820E+03    0.1794043515E+03    0.2047782094E+03    0.2432121130E+03    0.2926341818E+03    0.3523512586E+03    0.4215908272E+03
       44.2251476316    0.7851878495E+00    0.5239070649E+01    0.1537779156E+02    0.3042316482E+02    0.4859598601E+02    0.6842644457E+02    0.8905822063E+02    0.1101103750E+03    0.1315457042E+03    0.1532534547E+03    0.1756962922E+03    0.2004285397E+03    0.2388141575E+03    0.2885583945E+03    0.3478418225E+03    0.4176945055E+03
       48.4216261230    0.7936261881E+00    0.5251600701E+01    0.1531163074E+02    0.3013632147E+02    0.4794507351E+02    0.6728054632E+02    0.8738289220E+02    0.1077830090E+03    0.1285800926E+03    0.1497176055E+03    0.1712152814E+03    0.1958398066E+03    0.2337052704E+03    0.2833054152E+03    0.3428940681E+03    0.4119400631E+03
       53.0163041156    0.7988211153E+00    0.5242824771E+01    0.1518721449E+02    0.2974258825E+02    0.4711841501E+02    0.6596386047E+02    0.8537298180E+02    0.1052622009E+03    0.1251924711E+03    0.1457612071E+03    0.1665958654E+03    0.1902884290E+03    0.2284979179E+03    0.2771627197E+03    0.3364374693E+03    0.4058639084E+03
       58.0469663481    0.8007556753E+00    0.5213484583E+01    0.1500677916E+02    0.2923950987E+02    0.4617212524E+02    0.6439904979E+02    0.8325025550E+02    0.1022741801E+03    0.1217893379E+03    0.1412182666E+03    0.1616503055E+03    0.1847288907E+03    0.2220175978E+03    0.2710505669E+03    0.3289453851E+03    0.3978348334E+03
       63.5549829136    0.7994665716E+00    0.5164005773E+01    0.1477196566E+02    0.2865735911E+02    0.4507810948E+02    0.6268506940E+02    0.8087690604E+02    0.9922565306E+02    0.1177911398E+03    0.1369184231E+03    0.1558996458E+03    0.1789556428E+03    0.2156233833E+03    0.2632614477E+03    0.3215889075E+03    0.3887208222E+03
       69.5856494710    0.7950658942E+00    0.5096365526E+01    0.1449498596E+02    0.2798930490E+02    0.4383521828E+02    0.6091155479E+02    0.7821545335E+02    0.9605220455E+02    0.1137298699E+03    0.1319196956E+03    0.1507168542E+03    0.1721323638E+03    0.2090118902E+03    0.2557097524E+03    0.3120985387E+03    0.3797738744E+03
       76.1885597370    0.7876153171E+00    0.5011350604E+01    0.1416911745E+02    0.2722266660E+02    0.4258481363E+02    0.5882966967E+02    0.7570966611E+02    0.9235118856E+02    0.1097775455E+03    0.1268005533E+03    0.1447217018E+03    0.1662473041E+03    0.2010595751E+03    0.2478084075E+03    0.3031219293E+03    0.3681761622E+03
       83.4180133251    0.7773743833E+00    0.4908842346E+01    0.1380080532E+02    0.2644700905E+02    0.4114579448E+02    0.5682894245E+02    0.7277674727E+02    0.8907521418E+02    0.1050324477E+03    0.1220971829E+03    0.1385522654E+03    0.1593518909E+03    0.1943849851E+03    0.2383429666E+03    0.2934713918E+03    0.3575586256E+03
       91.3334622825    0.7645367981E+00    0.4795548879E+01    0.1341953325E+02    0.2557005163E+02    0.3966298302E+02    0.5473412337E+02    0.6986894541E+02    0.8533592589E+02    0.1009753989E+03    0.1163436766E+03    0.1331326801E+03    0.1523021209E+03    0.1863197785E+03    0.2305051321E+03    0.2821531569E+03    0.3456926297E+03
      100.0000000000    0.7490443035E+00    0.4666961799E+01    0.1297990137E+02    0.2463937287E+02    0.3825109669E+02    0.5233884006E+02    0.6715177995E+02    0.8144779990E+02    0.9644527659E+02    0.1115216844E+03    0.1264043093E+03    0.1462736655E+03    0.1782220969E+03    0.2207423634E+03    0.2728800891E+03    0.3322493760E+03
