               #####        0.2000000000        0.2533333333        0.3066666667        0.3600000000        0.4133333333        0.4666666667        0.5200000000        0.5733333333        0.6266666667        0.6800000000        0.7333333333        0.7866666667        0.8400000000        0.8933333333        0.9466666667        1.0000000000
        0.0010000000    0.1014152317E-07    0.1613901815E-07    0.2336301841E-07    0.3166078784E-07    0.4084197058E-07    0.5068992642E-07    0.6097759664E-07    0.7148375885E-07    0.8200743299E-07    0.9237743127E-07    0.1024575685E-06    0.1121465058E-06    0.1213751283E-06    0.1301021426E-06    0.1383084063E-06    0.1459917619E-06
        0.0010948890    0.1419344661E-07    0.2258716847E-07    0.3269743103E-07    0.4431047429E-07    0.5715988802E-07    0.7094247601E-07    0.8534046095E-07    0.1000442337E-06    0.1147725151E-06    0.1292857213E-06    0.1433932560E-06    0.1569532915E-06    0.1698690989E-06    0.1820828866E-06    0.1935678642E-06    0.2043210121E-06
        0.0011987818    0.1982088977E-07    0.3154256951E-07    0.4566136710E-07    0.6187877056E-07    0.7982274289E-07    0.9906987606E-07    0.1191763999E-06    0.1397099509E-06    0.1602777277E-06    0.1805451559E-06    0.2002460712E-06    0.2191824139E-06    0.2372191038E-06    0.2542754359E-06    0.2703139980E-06    0.2853305732E-06
        0.0013125330    0.2762779214E-07    0.4396631857E-07    0.6364612153E-07    0.8625111340E-07    0.1112627220E-06    0.1380907707E-06    0.1661167002E-06    0.1947378512E-06    0.2234067086E-06    0.2516569184E-06    0.2791174814E-06    0.3055123278E-06    0.3306531729E-06    0.3544275243E-06    0.3767832340E-06    0.3977144245E-06
        0.0014370779    0.3845074710E-07    0.6118975371E-07    0.8857895379E-07    0.1200392609E-06    0.1548489566E-06    0.1921866674E-06    0.2311915190E-06    0.2710247649E-06    0.3109244058E-06    0.3502413974E-06    0.3884594048E-06    0.4251942100E-06    0.4601837695E-06    0.4932715230E-06    0.5243848937E-06    0.5535157018E-06
        0.0015734408    0.5344254265E-07    0.8504739879E-07    0.1231155406E-06    0.1668420981E-06    0.2152239577E-06    0.2671194956E-06    0.3213321858E-06    0.3766962582E-06    0.4321526126E-06    0.4867991451E-06    0.5399182038E-06    0.5909757656E-06    0.6396076171E-06    0.6855961559E-06    0.7288405080E-06    0.7693293039E-06
        0.0017227429    0.7419569276E-07    0.1180735488E-06    0.1709245551E-06    0.2316312892E-06    0.2988011021E-06    0.3708490473E-06    0.4461139562E-06    0.5229773593E-06    0.5999688802E-06    0.6758361038E-06    0.7495826953E-06    0.8204672561E-06    0.8879841394E-06    0.9518312418E-06    0.1011868517E-05    0.1068080182E-05
        0.0018862122    0.1029023742E-06    0.1637567905E-06    0.2370561131E-06    0.3212505837E-06    0.4144087303E-06    0.5143323828E-06    0.6187176583E-06    0.7253198933E-06    0.8320998154E-06    0.9373204440E-06    0.1039599957E-05    0.1137910106E-05    0.1231549607E-05    0.1320099470E-05    0.1403365465E-05    0.1481325701E-05
        0.0020651929    0.1425712309E-06    0.2268850195E-06    0.3284412249E-06    0.4450926568E-06    0.5741632612E-06    0.7126074734E-06    0.8572332639E-06    0.1004930652E-05    0.1152874225E-05    0.1298657397E-05    0.1440365654E-05    0.1576574357E-05    0.1706311877E-05    0.1828997705E-05    0.1944362734E-05    0.2052376635E-05
        0.0022611570    0.1973205173E-06    0.3140119442E-06    0.4545671098E-06    0.6160142738E-06    0.7946497409E-06    0.9862584083E-06    0.1186422464E-05    0.1390837652E-05    0.1595593563E-05    0.1797359451E-05    0.1993485601E-05    0.2182000294E-05    0.2361558781E-05    0.2531357630E-05    0.2691024396E-05    0.2840517099E-05
        0.0024757158    0.2727730223E-06    0.4340855591E-06    0.6283869822E-06    0.8515692010E-06    0.1098512281E-05    0.1363389325E-05    0.1640093213E-05    0.1922673805E-05    0.2205725409E-05    0.2484643646E-05    0.2755765593E-05    0.3016365571E-05    0.3264584620E-05    0.3499312088E-05    0.3720033109E-05    0.3926689655E-05
        0.0027106339    0.3765931404E-06    0.5993028289E-06    0.8675573012E-06    0.1175684886E-05    0.1516616952E-05    0.1882308826E-05    0.2264328959E-05    0.2654462528E-05    0.3045246380E-05    0.3430323666E-05    0.3804637314E-05    0.4164424229E-05    0.4507117910E-05    0.4831184981E-05    0.5135914613E-05    0.5421226689E-05
        0.0029678432    0.5191443986E-06    0.8261560642E-06    0.1195952515E-05    0.1620715190E-05    0.2090699779E-05    0.2594816471E-05    0.3121442134E-05    0.3659252399E-05    0.4197959099E-05    0.4728799134E-05    0.5244801188E-05    0.5740777724E-05    0.6213190751E-05    0.6659926463E-05    0.7080004962E-05    0.7473315808E-05
        0.0032494587    0.7144175088E-06    0.1136909806E-05    0.1645803015E-05    0.2230337671E-05    0.2877104196E-05    0.3570841415E-05    0.4295554222E-05    0.5035658653E-05    0.5776996707E-05    0.6507509098E-05    0.7217602288E-05    0.7900137479E-05    0.8550245885E-05    0.9165018605E-05    0.9743107161E-05    0.1028435957E-04
        0.0035577965    0.9811656617E-06    0.1561407507E-05    0.2260310510E-05    0.3063097852E-05    0.3951353106E-05    0.4904116901E-05    0.5899421904E-05    0.6915865433E-05    0.7934003194E-05    0.8937273220E-05    0.9912499956E-05    0.1084987913E-04    0.1174272405E-04    0.1258703970E-04    0.1338097410E-04    0.1412431853E-04
        0.0038953921    0.1344373217E-05    0.2139408782E-05    0.3097031450E-05    0.4196994324E-05    0.5414063592E-05    0.6719521150E-05    0.8083267804E-05    0.9475978036E-05    0.1087100967E-04    0.1224566984E-04    0.1358190566E-04    0.1486628352E-04    0.1608964146E-04    0.1724650557E-04    0.1833433833E-04    0.1935285373E-04
        0.0042650218    0.1837197629E-05    0.2923679743E-05    0.4232350634E-05    0.5735541234E-05    0.7398767446E-05    0.9182783595E-05    0.1104645663E-04    0.1294971081E-04    0.1485613737E-04    0.1673472463E-04    0.1856080183E-04    0.2031601083E-04    0.2198783102E-04    0.2356878190E-04    0.2505539569E-04    0.2644728156E-04
        0.0046697254    0.2502705873E-05    0.3982756319E-05    0.5765481417E-05    0.7813189233E-05    0.1007890411E-04    0.1250916400E-04    0.1504793576E-04    0.1764062657E-04    0.2023763893E-04    0.2279672746E-04    0.2528428463E-04    0.2767530222E-04    0.2995272418E-04    0.3210636023E-04    0.3413148644E-04    0.3602757039E-04
        0.0051128308    0.3396457123E-05    0.5405054271E-05    0.7824415420E-05    0.1060338832E-04    0.1367822166E-04    0.1697636131E-04    0.2042176396E-04    0.2394034089E-04    0.2746478267E-04    0.3093775748E-04    0.3431365609E-04    0.3755853948E-04    0.4064926066E-04    0.4357199024E-04    0.4632031733E-04    0.4889351936E-04
        0.0055979820    0.4589506560E-05    0.7303649401E-05    0.1057284241E-04    0.1432796543E-04    0.1848287370E-04    0.2293952751E-04    0.2759517234E-04    0.3234969487E-04    0.3711214235E-04    0.4180504442E-04    0.4636677102E-04    0.5075146162E-04    0.5492783854E-04    0.5887721464E-04    0.6259092711E-04    0.6606799960E-04
        0.0061291687    0.6169881455E-05    0.9818626558E-05    0.1421355072E-04    0.1926173262E-04    0.2484736391E-04    0.3083864540E-04    0.3709743953E-04    0.4348915942E-04    0.4989153319E-04    0.5620041391E-04    0.6233294951E-04    0.6822748760E-04    0.7384198017E-04    0.7915130526E-04    0.8414381708E-04    0.8881820304E-04
        0.0067107592    0.8243922326E-05    0.1311921392E-04    0.1899151693E-04    0.2573667399E-04    0.3319994712E-04    0.4120523209E-04    0.4956795559E-04    0.5810828861E-04    0.6666285686E-04    0.7509250385E-04    0.8328652629E-04    0.9116254701E-04    0.9866438331E-04    0.1057584683E-03    0.1124292415E-03    0.1186749490E-03
        0.0073475362    0.1093470393E-04    0.1740127022E-04    0.2519026826E-04    0.3413701623E-04    0.4403627035E-04    0.5465444670E-04    0.6574672800E-04    0.7707458983E-04    0.8842133321E-04    0.9960238156E-04    0.1104708985E-03    0.1209176193E-03    0.1308680234E-03    0.1402775880E-03    0.1491256735E-03    0.1574099536E-03
        0.0080447363    0.1437492484E-04    0.2287596931E-04    0.3311550227E-04    0.4487703057E-04    0.5789073765E-04    0.7184955060E-04    0.8643162901E-04    0.1013234051E-03    0.1162400031E-03    0.1309387760E-03    0.1452266904E-03    0.1589601053E-03    0.1720410550E-03    0.1844110089E-03    0.1960428340E-03    0.2069334722E-03
        0.0088080930    0.1869151366E-04    0.2974530284E-04    0.4305962430E-04    0.5835297500E-04    0.7527451624E-04    0.9342496543E-04    0.1123858380E-03    0.1317494061E-03    0.1511452498E-03    0.1702578585E-03    0.1888362338E-03    0.2066936010E-03    0.2237025769E-03    0.2397870548E-03    0.2549117543E-03    0.2690726988E-03
        0.0096438838    0.2397483440E-04    0.3815307433E-04    0.5523080586E-04    0.7484695665E-04    0.9655152036E-04    0.1198323537E-03    0.1441526836E-03    0.1689895345E-03    0.1938677841E-03    0.2183827398E-03    0.2422124562E-03    0.2651173654E-03    0.2869340778E-03    0.3075649750E-03    0.3269648037E-03    0.3451284638E-03
        0.0105589819    0.3022715560E-04    0.4810288745E-04    0.6963425254E-04    0.9436601261E-04    0.1217308030E-03    0.1510829182E-03    0.1817456010E-03    0.2130594907E-03    0.2444255606E-03    0.2753335815E-03    0.3053776512E-03    0.3342557283E-03    0.3617618160E-03    0.3877728403E-03    0.4122317490E-03    0.4351321133E-03
        0.0115609128    0.3728003415E-04    0.5932667809E-04    0.8588189933E-04    0.1163842307E-03    0.1501339171E-03    0.1863345857E-03    0.2241515693E-03    0.2627716597E-03    0.3014560627E-03    0.3395755035E-03    0.3766293779E-03    0.4122451768E-03    0.4461688456E-03    0.4782486008E-03    0.5084140839E-03    0.5366573710E-03
        0.0126579159    0.4468259006E-04    0.7110694427E-04    0.1029351166E-03    0.1394941473E-03    0.1799453300E-03    0.2233341565E-03    0.2686602217E-03    0.3149488418E-03    0.3613145247E-03    0.4070030454E-03    0.4514143998E-03    0.4941021147E-03    0.5347616924E-03    0.5732112134E-03    0.6093663513E-03    0.6432176113E-03
        0.0138590124    0.5161155822E-04    0.8213355434E-04    0.1188973365E-03    0.1611255859E-03    0.2078495350E-03    0.2579666572E-03    0.3103214131E-03    0.3637879739E-03    0.4173435345E-03    0.4701169132E-03    0.5214150649E-03    0.5707222839E-03    0.6176868559E-03    0.6620986532E-03    0.7038602745E-03    0.7429607543E-03
        0.0151740797    0.5667978753E-04    0.9019904317E-04    0.1305730427E-03    0.1769481417E-03    0.2282604463E-03    0.2832991668E-03    0.3407952924E-03    0.3995124380E-03    0.4583273572E-03    0.5162833141E-03    0.5726192017E-03    0.6267686659E-03    0.6783454487E-03    0.7271187823E-03    0.7729816960E-03    0.8159221435E-03
        0.0166139325    0.5845819134E-04    0.9302922181E-04    0.1346701485E-03    0.1825005726E-03    0.2354232450E-03    0.2921894047E-03    0.3514902334E-03    0.4120505513E-03    0.4727118571E-03    0.5324873773E-03    0.5905921003E-03    0.6464418764E-03    0.6996383024E-03    0.7499433465E-03    0.7972466612E-03    0.8415358048E-03
        0.0181904113    0.5552253904E-04    0.8835765114E-04    0.1279078248E-03    0.1733369516E-03    0.2236029536E-03    0.2775198304E-03    0.3338445140E-03    0.3913658577E-03    0.4489835079E-03    0.5057601943E-03    0.5609502642E-03    0.6139988339E-03    0.6645274399E-03    0.7123099411E-03    0.7572414767E-03    0.7993101841E-03
        0.0199164806    0.4654049794E-04    0.7406417932E-04    0.1072170839E-03    0.1452985488E-03    0.1874352404E-03    0.2326331403E-03    0.2798503327E-03    0.3280715920E-03    0.3763745008E-03    0.4239732948E-03    0.4702427983E-03    0.5147177307E-03    0.5570806932E-03    0.5971419802E-03    0.6348135651E-03    0.6700853959E-03
        0.0218063349    0.3325717955E-04    0.5292594370E-04    0.7661814271E-04    0.1038334331E-03    0.1339480440E-03    0.1662518818E-03    0.2000005136E-03    0.2344684561E-03    0.2689964328E-03    0.3030227296E-03    0.3361003318E-03    0.3678964598E-03    0.3981840115E-03    0.4268271553E-03    0.4537627515E-03    0.4789834189E-03
        0.0238755154    0.1891776643E-04    0.3010716339E-04    0.4358660712E-04    0.5907202693E-04    0.7620907981E-04    0.9459418790E-04    0.1138040609E-03    0.1334259925E-03    0.1530847575E-03    0.1724604883E-03    0.1912984742E-03    0.2094089478E-03    0.2266622593E-03    0.2429807130E-03    0.2583280164E-03    0.2726996554E-03
        0.0261410384    0.8237843923E-05    0.1311182581E-04    0.1898480572E-04    0.2573378007E-04    0.3320506400E-04    0.4122336338E-04    0.4960456962E-04    0.5816893141E-04    0.6675278839E-04    0.7521640609E-04    0.8344831043E-04    0.9136525877E-04    0.9891019377E-04    0.1060487284E-03    0.1127645738E-03    0.1190553584E-03
        0.0286215345    0.2834828887E-05    0.4513635893E-05    0.6538078123E-05    0.8866552085E-05    0.1144681202E-04    0.1421899932E-04    0.1711998215E-04    0.2008786637E-04    0.2306605518E-04    0.2600599825E-04    0.2886875309E-04    0.3162504197E-04    0.3425460512E-04    0.3674503269E-04    0.3909021456E-04    0.4128891240E-04
        0.0313374022    0.8718004431E-06    0.1389418731E-05    0.2014916845E-05    0.2736119252E-05    0.3537505695E-05    0.4401063901E-05    0.5307570024E-05    0.6237957370E-05    0.7174583532E-05    0.8102120990E-05    0.9008096933E-05    0.9882967864E-05    0.1071996957E-04    0.1151479345E-04    0.1226512955E-04    0.1297023661E-04
        0.0343109759    0.3254715640E-06    0.5195431436E-06    0.7548757133E-06    0.1027308428E-05    0.1331387024E-05    0.1660633098E-05    0.2007988502E-05    0.2366314832E-05    0.2728878107E-05    0.3089709361E-05    0.3443843248E-05    0.3787381398E-05    0.4117466786E-05    0.4432184980E-05    0.4730405825E-05    0.5011628587E-05
        0.0375667089    0.6489702974E-07    0.1044237120E-06    0.1531661447E-06    0.2106803629E-06    0.2762196434E-06    0.3487389975E-06    0.4269500687E-06    0.5094092026E-06    0.5946257442E-06    0.6811621244E-06    0.7677186084E-06    0.8531815246E-06    0.9366486174E-06    0.1017431489E-05    0.1095036346E-05    0.1169138805E-05
        0.0411313750    0.5528883750E-08    0.9564579358E-08    0.1518127255E-07    0.2265161062E-07    0.3218630976E-07    0.4389493317E-07    0.5776343515E-07    0.7365239893E-07    0.9131565863E-07    0.1104315271E-06    0.1306399467E-06    0.1515752545E-06    0.1728928629E-06    0.1942872800E-06    0.2155003750E-06    0.2363238035E-06
        0.0450342886    0.5172864808E-08    0.8724688081E-08    0.1348888954E-07    0.1961643862E-07    0.2721245130E-07    0.3631277492E-07    0.4687208487E-07    0.5876535616E-07    0.7180215031E-07    0.8574823204E-07    0.1003502979E-06    0.1153570237E-06    0.1305358014E-06    0.1456836203E-06    0.1606314723E-06    0.1752450815E-06
        0.0493075457    0.9747953468E-07    0.1554427986E-06    0.2255712297E-06    0.3065434111E-06    0.3966592188E-06    0.4939300650E-06    0.5962185906E-06    0.7013905449E-06    0.8074577124E-06    0.9126804469E-06    0.1015631902E-05    0.1115210070E-05    0.1210624156E-05    0.1301360673E-05    0.1387133607E-05    0.1467836913E-05
        0.0539862877    0.4118695436E-06    0.6556039228E-06    0.9493433954E-06    0.1286960659E-05    0.1660791754E-05    0.2062086766E-05    0.2481647568E-05    0.2910485727E-05    0.3340409864E-05    0.3764419047E-05    0.4176921695E-05    0.4573736214E-05    0.4951990470E-05    0.5309947336E-05    0.5646776799E-05    0.5962347262E-05
        0.0591089906    0.1127085733E-05    0.1793509237E-05    0.2596107281E-05    0.3517853169E-05    0.4537545425E-05    0.5631074220E-05    0.6773189194E-05    0.7939307498E-05    0.9107113214E-05    0.1025761487E-04    0.1137571942E-04    0.1245021010E-04    0.1347345081E-04    0.1444089391E-04    0.1535044831E-04    0.1620190459E-04
        0.0647177816    0.1920036278E-05    0.3055021651E-05    0.4421635723E-05    0.5990736404E-05    0.7726085719E-05    0.9586524622E-05    0.1152899645E-04    0.1351163100E-04    0.1549646499E-04    0.1745123355E-04    0.1935033489E-04    0.2117477984E-04    0.2291167761E-04    0.2455338943E-04    0.2609644781E-04    0.2754057517E-04
        0.0708587849    0.2173849530E-05    0.3458751951E-05    0.5005761112E-05    0.6781827583E-05    0.8745874577E-05    0.1085126727E-04    0.1304924070E-04    0.1529239313E-04    0.1753776437E-04    0.1974886004E-04    0.2189673835E-04    0.2395994799E-04    0.2592394150E-04    0.2778011391E-04    0.2952457743E-04    0.3115704954E-04
        0.0775825017    0.1517396242E-05    0.2414478519E-05    0.3494744983E-05    0.4735215153E-05    0.6107294876E-05    0.7578488647E-05    0.9114784613E-05    0.1068309039E-04    0.1225338454E-04    0.1380013605E-04    0.1530307151E-04    0.1674713996E-04    0.1812211040E-04    0.1942190586E-04    0.2064375086E-04    0.2178739665E-04
        0.0849442250    0.4918262404E-06    0.7832388566E-06    0.1134794599E-05    0.1539344027E-05    0.1987882770E-05    0.2470068362E-05    0.2974967284E-05    0.3491835797E-05    0.4010826641E-05    0.4523471243E-05    0.5022957368E-05    0.5504145375E-05    0.5963461348E-05    0.6398698299E-05    0.6808749276E-05    0.7193360515E-05
        0.0930044946    0.1025352222E-07    0.1740372150E-07    0.2708682685E-07    0.3965123998E-07    0.5534753001E-07    0.7427571524E-07    0.9635766686E-07    0.1213390975E-06    0.1488199861E-06    0.1783015460E-06    0.2092403022E-06    0.2410944432E-06    0.2733607859E-06    0.3055989523E-06    0.3374414181E-06    0.3685954384E-06
        0.1018295948    0.1927467940E-08    0.4257491555E-08    0.8236552337E-08    0.1438589853E-07    0.2315384188E-07    0.3484766714E-07    0.4958897587E-07    0.6730111956E-07    0.8772946919E-07    0.1104842123E-06    0.1350948497E-06    0.1610610908E-06    0.1878956834E-06    0.2151548463E-06    0.2424543909E-06    0.2694764943E-06
        0.1114920997    0.3993746173E-06    0.6362780494E-06    0.9223392563E-06    0.1251876539E-05    0.1617686655E-05    0.2011448681E-05    0.2424320017E-05    0.2847567147E-05    0.3273143682E-05    0.3694091359E-05    0.4104777676E-05    0.4500920577E-05    0.4879511392E-05    0.5238660355E-05    0.5577383650E-05    0.5895404610E-05
        0.1220714697    0.1786360224E-05    0.2841047899E-05    0.4109718855E-05    0.5564671701E-05    0.7171675295E-05    0.8892067270E-05    0.1068561752E-04    0.1251341351E-04    0.1434037170E-04    0.1613685973E-04    0.1787953625E-04    0.1955124943E-04    0.2114051237E-04    0.2264068249E-04    0.2404893803E-04    0.2536535710E-04
        0.1336547051    0.1827839296E-05    0.2906665350E-05    0.4204026537E-05    0.5691417845E-05    0.7333673381E-05    0.9091134146E-05    0.1092259157E-04    0.1278824382E-04    0.1465225972E-04    0.1648442614E-04    0.1826099136E-04    0.1996454632E-04    0.2158347524E-04    0.2311110718E-04    0.2454466397E-04    0.2588431587E-04
        0.1463370617    0.3037141811E-06    0.4849207288E-06    0.7047542890E-06    0.9593741066E-06    0.1243722161E-05    0.1551768945E-05    0.1876925814E-05    0.2212512226E-05    0.2552212039E-05    0.2890415389E-05    0.3222446798E-05    0.3544628579E-05    0.3854259803E-05    0.4149525612E-05    0.4429349705E-05    0.4693249364E-05
        0.1602228341    0.3380883106E-07    0.5664041818E-07    0.8693031144E-07    0.1254700481E-06    0.1727629459E-06    0.2288956778E-06    0.2934802746E-06    0.3656745447E-06    0.4442752258E-06    0.5278497992E-06    0.6148822121E-06    0.7038932524E-06    0.7935336344E-06    0.8826419567E-06    0.9702649507E-06    0.1055657138E-05
        0.1754262130    0.9980462141E-06    0.1588016277E-05    0.2298386861E-05    0.3114010499E-05    0.4016052256E-05    0.4983120133E-05    0.5992836342E-05    0.7023439916E-05    0.8055200290E-05    0.9071348115E-05    0.1005857648E-04    0.1100701469E-04    0.1190996110E-04    0.1276344343E-04    0.1356565719E-04    0.1431645584E-04
        0.1920722248    0.1892772590E-05    0.3007749467E-05    0.4346453280E-05    0.5878386987E-05    0.7566289716E-05    0.9368506901E-05    0.1124211913E-04    0.1314602392E-04    0.1504355125E-04    0.1690408943E-04    0.1870385908E-04    0.2042569834E-04    0.2205841829E-04    0.2359587159E-04    0.2503583586E-04    0.2637902524E-04
        0.2102977595    0.2835178621E-06    0.4548778860E-06    0.6649012631E-06    0.9109931179E-06    0.1189285727E-05    0.1494741166E-05    0.1821454960E-05    0.2163072145E-05    0.2513253892E-05    0.2866078042E-05    0.3216352911E-05    0.3559769325E-05    0.3892957450E-05    0.4213455220E-05    0.4519597864E-05    0.4810392974E-05
        0.2302526962    0.5943723712E-06    0.9483605014E-06    0.1377175567E-05    0.1872988819E-05    0.2425614771E-05    0.3023031882E-05    0.3652219598E-05    0.4300086966E-05    0.4954361601E-05    0.5604240450E-05    0.6240808747E-05    0.6857135904E-05    0.7448208717E-05    0.8010734024E-05    0.8542837815E-05    0.9043774813E-05
        0.2521011363    0.1651466617E-05    0.2622893576E-05    0.3787881426E-05    0.5119217648E-05    0.6583889299E-05    0.8145228403E-05    0.9765686761E-05    0.1140952904E-04    0.1304508110E-04    0.1464609164E-04    0.1619234180E-04    0.1766940024E-04    0.1906801581E-04    0.2038327579E-04    0.2161361874E-04    0.2275996917E-04
        0.2760227522    0.4543247453E-06    0.7283312907E-06    0.1063569357E-05    0.1455569143E-05    0.1897834022E-05    0.2382044697E-05    0.2898579219E-05    0.3437199614E-05    0.3987801851E-05    0.4541044401E-05    0.5088826428E-05    0.5624503765E-05    0.6142953088E-05    0.6640499176E-05    0.7114723175E-05    0.7564253339E-05
        0.3022142655    0.1339204329E-05    0.2127849136E-05    0.3074529783E-05    0.4157605110E-05    0.5350686226E-05    0.6624321731E-05    0.7948208984E-05    0.9293362677E-05    0.1063394824E-04    0.1194841518E-04    0.1322003141E-04    0.1443672399E-04    0.1559062093E-04    0.1667739413E-04    0.1769547357E-04    0.1864535282E-04
        0.3308910644    0.8406609583E-06    0.1341072280E-05    0.1946983468E-05    0.2647158037E-05    0.3427018042E-05    0.4269401498E-05    0.5155768000E-05    0.6067529406E-05    0.6987315713E-05    0.7899894316E-05    0.8792752787E-05    0.9656220410E-05    0.1048335797E-04    0.1126966424E-04    0.1201263964E-04    0.1271136799E-04
        0.3622889751    0.1245470608E-05    0.1980008098E-05    0.2862817415E-05    0.3874274124E-05    0.4990276242E-05    0.6183747081E-05    0.7426648499E-05    0.8691984226E-05    0.9955522104E-05    0.1119688668E-04    0.1240010589E-04    0.1355350986E-04    0.1464934442E-04    0.1568318819E-04    0.1665323704E-04    0.1755966476E-04
        0.3966662010    0.9909855383E-06    0.1580516557E-05    0.2293961897E-05    0.3117875235E-05    0.4034875392E-05    0.5024565448E-05    0.6064977245E-05    0.7134155000E-05    0.8211650762E-05    0.9279600411E-05    0.1032339479E-04    0.1133180452E-04    0.1229683180E-04    0.1321334927E-04    0.1407857542E-04    0.1489157523E-04
        0.4343054463    0.1322908891E-05    0.2102880942E-05    0.3040087250E-05    0.4113615069E-05    0.5297828599E-05    0.6563973273E-05    0.7882312778E-05    0.9224247381E-05    0.1056412908E-04    0.1188040788E-04    0.1315620115E-04    0.1437917960E-04    0.1554115434E-04    0.1663745860E-04    0.1766619038E-04    0.1862753685E-04
        0.4755162407    0.1228585412E-05    0.1956548708E-05    0.2834718431E-05    0.3845162070E-05    0.4965273726E-05    0.6169075219E-05    0.7429102236E-05    0.8718379218E-05    0.1001220614E-04    0.1128937629E-04    0.1253287283E-04    0.1372990377E-04    0.1487162402E-04    0.1595262561E-04    0.1697025894E-04    0.1792400638E-04
        0.5206374847    0.1295453394E-05    0.2063036139E-05    0.2988989099E-05    0.4054386664E-05    0.5235368070E-05    0.6504512164E-05    0.7832830831E-05    0.9191856361E-05    0.1055552932E-04    0.1190148443E-04    0.1321178464E-04    0.1447295614E-04    0.1567569256E-04    0.1681431459E-04    0.1788605211E-04    0.1889038182E-04
        0.5700402368    0.1408006130E-05    0.2240557096E-05    0.3243257168E-05    0.4394854390E-05    0.5668883392E-05    0.7035244853E-05    0.8462411029E-05    0.9919681955E-05    0.1137918216E-04    0.1281718174E-04    0.1421481461E-04    0.1555805255E-04    0.1683733803E-04    0.1804697110E-04    0.1918432139E-04    0.2024911087E-04
        0.6241307649    0.1465996582E-05    0.2333291517E-05    0.3378259107E-05    0.4578940655E-05    0.5907904635E-05    0.7333870769E-05    0.8823999358E-05    0.1034624708E-04    0.1187146299E-04    0.1337478525E-04    0.1483640948E-04    0.1624157731E-04    0.1758020414E-04    0.1884624583E-04    0.2003687873E-04    0.2115175112E-04
        0.6833538873    0.1532064217E-05    0.2438762916E-05    0.3531493402E-05    0.4787411492E-05    0.6177916777E-05    0.7670338392E-05    0.9230326565E-05    0.1082432312E-04    0.1242176641E-04    0.1399656655E-04    0.1552792183E-04    0.1700031559E-04    0.1840313209E-04    0.1972999587E-04    0.2097791376E-04    0.2214649021E-04
        0.7481966305    0.1608403949E-05    0.2560196586E-05    0.3707186132E-05    0.5025346056E-05    0.6484610381E-05    0.8050649941E-05    0.9687388057E-05    0.1135959627E-04    0.1303520803E-04    0.1468686387E-04    0.1629276360E-04    0.1783665827E-04    0.1930744294E-04    0.2069846041E-04    0.2200659899E-04    0.2323146828E-04
        0.8191922345    0.1681203319E-05    0.2676498464E-05    0.3876276141E-05    0.5255533801E-05    0.6782898244E-05    0.8422473536E-05    0.1013647735E-04    0.1188797219E-04    0.1364330628E-04    0.1537374883E-04    0.1705639527E-04    0.1867416613E-04    0.2021538333E-04    0.2167304068E-04    0.2304385696E-04    0.2432741027E-04
        0.8969245379    0.1756867634E-05    0.2797560158E-05    0.4052563574E-05    0.5495883239E-05    0.7094777808E-05    0.8811684997E-05    0.1060699393E-04    0.1244193027E-04    0.1428114040E-04    0.1609442689E-04    0.1785771081E-04    0.1955303640E-04    0.2116812715E-04    0.2269561844E-04    0.2413206130E-04    0.2547701131E-04
        0.9820327791    0.1855671544E-05    0.2953387064E-05    0.4275841136E-05    0.5795146824E-05    0.7476483133E-05    0.9280166742E-05    0.1116456564E-04    0.1308909195E-04    0.1501685791E-04    0.1691643943E-04    0.1876283908E-04    0.2053746067E-04    0.2222762796E-04    0.2382577503E-04    0.2532840366E-04    0.2673513320E-04
        1.0752168532    0.1944358067E-05    0.3094412285E-05    0.4479807653E-05    0.6071281878E-05    0.7832320512E-05    0.9721332344E-05    0.1169470301E-04    0.1370992797E-04    0.1572839039E-04    0.1771720335E-04    0.1965021403E-04    0.2150797370E-04    0.2327723148E-04    0.2495008525E-04    0.2652288928E-04    0.2799525929E-04
        1.1772430677    0.2029971167E-05    0.3231628888E-05    0.4679939350E-05    0.6344497332E-05    0.8187175958E-05    0.1016441133E-04    0.1223043554E-04    0.1434060301E-04    0.1645433838E-04    0.1853708987E-04    0.2056139025E-04    0.2250682438E-04    0.2435949295E-04    0.2611111565E-04    0.2775788054E-04    0.2929939689E-04
        1.2889504441    0.2122055588E-05    0.3379061296E-05    0.4894661252E-05    0.6637107186E-05    0.8566443210E-05    0.1063693473E-04    0.1280050697E-04    0.1501027393E-04    0.1722365109E-04    0.1940440668E-04    0.2152376548E-04    0.2356036285E-04    0.2549967138E-04    0.2733305309E-04    0.2905654875E-04    0.3066977842E-04
        1.4112576178    0.2210702989E-05    0.3523162139E-05    0.5107615107E-05    0.6931079292E-05    0.8951575302E-05    0.1112081532E-04    0.1338798502E-04    0.1570357824E-04    0.1802272252E-04    0.2030733103E-04    0.2252722885E-04    0.2466006662E-04    0.2669068802E-04    0.2861011498E-04    0.3041426717E-04    0.3210280453E-04
        1.5451703927    0.2322779032E-05    0.3700522625E-05    0.5362687816E-05    0.7274296369E-05    0.9391134354E-05    0.1166259673E-04    0.1403560912E-04    0.1645856592E-04    0.1888473523E-04    0.2127445969E-04    0.2359631306E-04    0.2582700895E-04    0.2795074836E-04    0.2995816963E-04    0.3184501879E-04    0.3361094563E-04
        1.6917900122    0.2453959924E-05    0.3903214170E-05    0.5647586050E-05    0.7650080512E-05    0.9864806820E-05    0.1223959808E-04    0.1471975165E-04    0.1725192201E-04    0.1978761333E-04    0.2228551630E-04    0.2471279063E-04    0.2704503756E-04    0.2926566419E-04    0.3136481088E-04    0.3333797161E-04    0.3518473734E-04
        1.8523222157    0.2561745809E-05    0.4077014473E-05    0.5902230672E-05    0.7998642529E-05    0.1031791114E-04    0.1280502659E-04    0.1540237033E-04    0.1805386327E-04    0.2070862794E-04    0.2332340513E-04    0.2586385876E-04    0.2830451633E-04    0.3062808302E-04    0.3282430774E-04    0.3488853374E-04    0.3682038181E-04
        2.0280871538    0.2678724719E-05    0.4264431875E-05    0.6175018973E-05    0.8369732328E-05    0.1079771320E-04    0.1340116402E-04    0.1611964904E-04    0.1889443041E-04    0.2167227361E-04    0.2440794997E-04    0.2706558376E-04    0.2961857860E-04    0.3204889321E-04    0.3434585112E-04    0.3650462222E-04    0.3852484449E-04
        2.2205302450    0.2801301955E-05    0.4461237977E-05    0.6461718827E-05    0.8759699888E-05    0.1130159782E-04    0.1402672458E-04    0.1687177717E-04    0.1977531320E-04    0.2268168273E-04    0.2554362220E-04    0.2832365548E-04    0.3099401356E-04    0.3353587442E-04    0.3593811543E-04    0.3819572331E-04    0.4030835156E-04
        2.4312340620    0.2917871399E-05    0.4643270008E-05    0.6721201671E-05    0.9107403218E-05    0.1174670018E-04    0.1457633240E-04    0.1753060309E-04    0.2054562971E-04    0.2356352804E-04    0.2653515754E-04    0.2942158475E-04    0.3219398832E-04    0.3483285397E-04    0.3732666690E-04    0.3967025369E-04    0.4186328112E-04
        2.6619313461    0.3046761371E-05    0.4848323906E-05    0.7017890790E-05    0.9509161197E-05    0.1226443148E-04    0.1521809194E-04    0.1830150392E-04    0.2144797147E-04    0.2459710588E-04    0.2769767715E-04    0.3070912391E-04    0.3360143927E-04    0.3635432106E-04    0.3895580273E-04    0.4140052228E-04    0.4368815707E-04
        2.9145192568    0.3159681315E-05    0.5027945990E-05    0.7277723189E-05    0.9860894995E-05    0.1271751422E-04    0.1577946305E-04    0.1897553614E-04    0.2223660264E-04    0.2550011921E-04    0.2871306401E-04    0.3183347998E-04    0.3483034137E-04    0.3768266550E-04    0.4037809207E-04    0.4291109088E-04    0.4528134287E-04
        3.1910749729    0.3382100938E-05    0.5381786422E-05    0.7789666933E-05    0.1055411303E-04    0.1361084092E-04    0.1688687065E-04    0.2030599172E-04    0.2379428433E-04    0.2728492355E-04    0.3072128758E-04    0.3405858467E-04    0.3726369748E-04    0.4031422953E-04    0.4319698794E-04    0.4590607083E-04    0.4844114025E-04
        3.4938727747    0.3598397441E-05    0.5725846125E-05    0.8287370102E-05    0.1122789160E-04    0.1447889701E-04    0.1796269778E-04    0.2159826247E-04    0.2530706915E-04    0.2901817475E-04    0.3267148377E-04    0.3621945646E-04    0.3962693683E-04    0.4287014165E-04    0.4593505390E-04    0.4881539619E-04    0.5151080001E-04
        3.8254027466    0.3754636548E-05    0.5974296499E-05    0.8646596789E-05    0.1171390767E-04    0.1510463770E-04    0.1873772969E-04    0.2252874356E-04    0.2639591750E-04    0.3026540303E-04    0.3407463842E-04    0.3777411717E-04    0.4132721140E-04    0.4470912692E-04    0.4790523794E-04    0.5090898156E-04    0.5371995405E-04
        4.1883912545    0.3937720452E-05    0.6265407517E-05    0.9067458742E-05    0.1228327000E-04    0.1583769197E-04    0.1964578299E-04    0.2361915503E-04    0.2767226073E-04    0.3172782504E-04    0.3572035639E-04    0.3959800088E-04    0.4332236944E-04    0.4686745665E-04    0.5021790618E-04    0.5336681109E-04    0.5631372225E-04
        4.5858233661    0.4131395770E-05    0.6573302916E-05    0.9512487765E-05    0.1288521580E-04    0.1661263451E-04    0.2060576706E-04    0.2477209696E-04    0.2902207863E-04    0.3327478694E-04    0.3746159264E-04    0.4152812158E-04    0.4543409271E-04    0.4915219974E-04    0.5266630196E-04    0.5596912264E-04    0.5906016263E-04
        5.0209673996    0.4317922481E-05    0.6869744304E-05    0.9940811609E-05    0.1346440296E-04    0.1735817979E-04    0.2152936140E-04    0.2588149679E-04    0.3032118523E-04    0.3476395501E-04    0.3913811762E-04    0.4338683988E-04    0.4746799597E-04    0.5135301260E-04    0.5502498590E-04    0.5847627951E-04    0.6170634522E-04
        5.4974018001    0.4536941428E-05    0.7217787350E-05    0.1044367707E-04    0.1414446381E-04    0.1823379812E-04    0.2261445751E-04    0.2718533168E-04    0.3184842397E-04    0.3651503293E-04    0.4110983201E-04    0.4557307512E-04    0.4986046005E-04    0.5394192491E-04    0.5779967385E-04    0.6142565452E-04    0.6481926792E-04
        6.0190445678    0.5008036096E-05    0.7966726604E-05    0.1152645617E-04    0.1560985044E-04    0.2012185612E-04    0.2495544896E-04    0.2999921940E-04    0.3514508065E-04    0.4029512646E-04    0.4536617420E-04    0.5029222628E-04    0.5502433344E-04    0.5952927186E-04    0.6378736516E-04    0.6778969942E-04    0.7153559401E-04
        6.5901854779    0.5270644119E-05    0.8383870398E-05    0.1212905920E-04    0.1642494928E-04    0.2117182385E-04    0.2625731183E-04    0.3156429218E-04    0.3697903246E-04    0.4239845769E-04    0.4773496941E-04    0.5291905572E-04    0.5789915501E-04    0.6264026525E-04    0.6712165094E-04    0.7133391051E-04    0.7527631286E-04
        7.2155213579    0.5549006008E-05    0.8825966375E-05    0.1276772873E-04    0.1728901830E-04    0.2228518424E-04    0.2763812064E-04    0.3322457575E-04    0.3892478139E-04    0.4463015928E-04    0.5024842324E-04    0.5570633804E-04    0.6094957836E-04    0.6594126341E-04    0.7065954083E-04    0.7509449710E-04    0.7924535184E-04
        7.9001947124    0.5867095003E-05    0.9331161338E-05    0.1349771048E-04    0.1827693465E-04    0.2355847808E-04    0.2921757990E-04    0.3512391188E-04    0.4115077758E-04    0.4718330432E-04    0.5312385510E-04    0.5889494964E-04    0.6443911400E-04    0.6971732876E-04    0.7470647194E-04    0.7939605034E-04    0.8378523134E-04
        8.6498360130    0.6192087684E-05    0.9847282279E-05    0.1424360012E-04    0.1928663848E-04    0.2486014352E-04    0.3083247462E-04    0.3706602595E-04    0.4342700406E-04    0.4979410237E-04    0.5606422024E-04    0.6215554505E-04    0.6800739051E-04    0.7357855615E-04    0.7884462606E-04    0.8379451738E-04    0.8842734634E-04
        9.4706100008    0.6568869072E-05    0.1044575714E-04    0.1510877590E-04    0.2045812567E-04    0.2637059646E-04    0.3270650093E-04    0.3931977514E-04    0.4606840174E-04    0.5282362680E-04    0.5947602728E-04    0.6593877755E-04    0.7214747450E-04    0.7805839441E-04    0.8364562526E-04    0.8889740350E-04    0.9381278826E-04
       10.3692663829    0.6866986122E-05    0.1091919923E-04    0.1579331450E-04    0.2138526542E-04    0.2756627457E-04    0.3419023582E-04    0.4110436339E-04    0.4816011729E-04    0.5522284210E-04    0.6217810662E-04    0.6893511499E-04    0.7542652072E-04    0.8160660207E-04    0.8744826251E-04    0.9293919982E-04    0.9807842828E-04
       11.3531953391    0.7482807553E-05    0.1189792422E-04    0.1720890844E-04    0.2330252252E-04    0.3003839223E-04    0.3725720604E-04    0.4479238326E-04    0.5248199127E-04    0.6017924607E-04    0.6775941615E-04    0.7512353587E-04    0.8219820026E-04    0.8893357477E-04    0.9530012525E-04    0.1012844422E-03    0.1068854501E-03
       12.4304882957    0.8499999017E-05    0.1351496174E-04    0.1954797495E-04    0.2647046529E-04    0.3412287632E-04    0.4232412619E-04    0.5088489873E-04    0.5962118087E-04    0.6836618506E-04    0.7697818711E-04    0.8534474148E-04    0.9338244590E-04    0.1010346790E-03    0.1082678844E-03    0.1150668259E-03    0.1214302810E-03
       13.6100044661    0.8939506179E-05    0.1421365743E-04    0.2055896443E-04    0.2784017076E-04    0.3588935001E-04    0.4451595188E-04    0.5352079229E-04    0.6271028461E-04    0.7190897271E-04    0.8096777063E-04    0.8976839378E-04    0.9822310974E-04    0.1062723577E-03    0.1138808392E-03    0.1210325270E-03    0.1277261347E-03
       14.9014437053    0.9581788237E-05    0.1523495843E-04    0.2203673000E-04    0.2984203324E-04    0.3847075521E-04    0.4771856191E-04    0.5737188988E-04    0.6722319155E-04    0.7708436409E-04    0.8679557853E-04    0.9623002810E-04    0.1052936600E-03    0.1139226229E-03    0.1220790753E-03    0.1297458355E-03    0.1369215242E-03
       16.3154262774    0.1024578313E-04    0.1629096382E-04    0.2356480633E-04    0.3191206352E-04    0.4114003044E-04    0.5103013412E-04    0.6135395292E-04    0.7188951051E-04    0.8243563183E-04    0.9282138269E-04    0.1029111465E-03    0.1126043365E-03    0.1218326656E-03    0.1305556639E-03    0.1387549560E-03    0.1464290666E-03
       17.8635801925    0.1098032907E-04    0.1745929845E-04    0.2525543584E-04    0.3420223477E-04    0.4409308025E-04    0.5469366336E-04    0.6575913600E-04    0.7705156671E-04    0.8835532378E-04    0.9948719092E-04    0.1103018077E-03    0.1206913607E-03    0.1305826570E-03    0.1399323189E-03    0.1487206511E-03    0.1569460725E-03
       19.5586368304    0.1176225081E-04    0.1870307855E-04    0.2705523469E-04    0.3664023712E-04    0.4723668018E-04    0.5859351530E-04    0.7044841543E-04    0.8254646934E-04    0.9465665920E-04    0.1065826965E-03    0.1181688501E-03    0.1292996147E-03    0.1398965755E-03    0.1499132603E-03    0.1593285688E-03    0.1681408069E-03
       21.4145356385    0.1259007451E-04    0.2001992436E-04    0.2896073567E-04    0.3922136455E-04    0.5056476125E-04    0.6272216415E-04    0.7541274691E-04    0.8836362574E-04    0.1013274963E-03    0.1140942326E-03    0.1264971253E-03    0.1384125269E-03    0.1497564949E-03    0.1604792815E-03    0.1705582988E-03    0.1799917335E-03
       23.4465387640    0.1347640974E-04    0.2142985511E-04    0.3100088222E-04    0.4198481039E-04    0.5412785343E-04    0.6714229279E-04    0.8072750077E-04    0.9459135472E-04    0.1084691158E-03    0.1221358450E-03    0.1354130807E-03    0.1481684590E-03    0.1603121200E-03    0.1717908090E-03    0.1825803458E-03    0.1926787895E-03
       25.6713565631    0.1442535854E-04    0.2293936983E-04    0.3318506742E-04    0.4494329592E-04    0.5794236111E-04    0.7187425495E-04    0.8641715430E-04    0.1012583423E-03    0.1161144170E-03    0.1307445823E-03    0.1449577961E-03    0.1586123636E-03    0.1716120904E-03    0.1838999676E-03    0.1954501107E-03    0.2062604420E-03
       28.1072850208    0.1544133409E-04    0.2455546984E-04    0.3552341616E-04    0.4811053595E-04    0.6202597048E-04    0.7693999449E-04    0.9250809642E-04    0.1083955140E-03    0.1242988667E-03    0.1399603838E-03    0.1551755556E-03    0.1697926990E-03    0.1837088383E-03    0.1968629461E-03    0.2092273131E-03    0.2207997153E-03
       30.7743562090    0.1652905500E-04    0.2628564871E-04    0.3802676905E-04    0.5150121603E-04    0.6639761954E-04    0.8236300787E-04    0.9902858237E-04    0.1160359815E-03    0.1330604383E-03    0.1498260104E-03    0.1661137717E-03    0.1817613461E-03    0.1966584990E-03    0.2107399009E-03    0.2239758893E-03    0.2363640834E-03
       33.6945030221    0.1769356898E-04    0.2813792854E-04    0.4070673353E-04    0.5513106088E-04    0.7107758595E-04    0.8816845295E-04    0.1060088645E-03    0.1242151964E-03    0.1424397876E-03    0.1603872433E-03    0.1778232045E-03    0.1945738487E-03    0.2105211704E-03    0.2255952347E-03    0.2397642883E-03    0.2530257825E-03
       36.8917395444    0.1894027776E-04    0.3012089815E-04    0.4357573814E-04    0.5901690743E-04    0.7608758100E-04    0.9438326549E-04    0.1134813322E-03    0.1329711139E-03    0.1524804410E-03    0.1716930956E-03    0.1903581975E-03    0.2082896709E-03    0.2253611916E-03    0.2414978948E-03    0.2566657889E-03    0.2708621455E-03
       40.3923585315    0.2027496331E-04    0.3224375351E-04    0.4664709040E-04    0.6317678290E-04    0.8145085016E-04    0.1010362838E-03    0.1214806623E-03    0.1423443686E-03    0.1632289974E-03    0.1837960393E-03    0.2037769287E-03    0.2229724724E-03    0.2412474413E-03    0.2585216930E-03    0.2747588396E-03    0.2899559607E-03
       44.2251476316    0.2170381551E-04    0.3451634079E-04    0.4993503859E-04    0.6762998832E-04    0.8719228070E-04    0.1081583826E-03    0.1300439792E-03    0.1523784630E-03    0.1747353438E-03    0.1967522490E-03    0.2181416808E-03    0.2386904040E-03    0.2582536568E-03    0.2767456473E-03    0.2941274225E-03    0.3103958560E-03
       48.4216261230    0.2323346140E-04    0.3694920216E-04    0.5345483780E-04    0.7239718795E-04    0.9333851705E-04    0.1157826155E-03    0.1392110271E-03    0.1631199692E-03    0.1870528867E-03    0.2106218617E-03    0.2335191296E-03    0.2555164235E-03    0.2764587765E-03    0.2962543491E-03    0.3148614423E-03    0.3322767093E-03
       53.0163041156    0.2487099628E-04    0.3955362479E-04    0.5722282065E-04    0.7750050499E-04    0.9991808420E-04    0.1239443687E-03    0.1490243542E-03    0.1746187445E-03    0.2002387996E-03    0.2254692561E-03    0.2499806536E-03    0.2735286337E-03    0.2959473055E-03    0.3171383550E-03    0.3370571439E-03    0.3557000895E-03
       58.0469663481    0.2662401679E-04    0.4234169318E-04    0.6125647295E-04    0.8296362414E-04    0.1069615199E-03    0.1326815249E-03    0.1595295103E-03    0.1869281626E-03    0.2143542887E-03    0.2413633512E-03    0.2676026649E-03    0.2928106456E-03    0.3168097078E-03    0.3394946073E-03    0.3608175587E-03    0.3807747272E-03
       63.5549829136    0.2850065629E-04    0.4532634520E-04    0.6557451473E-04    0.8881190131E-04    0.1145015163E-03    0.1420346388E-03    0.1707752576E-03    0.2001053617E-03    0.2294648760E-03    0.2583779259E-03    0.2864669638E-03    0.3134519654E-03    0.3391428264E-03    0.3634268835E-03    0.3862529829E-03    0.4076170192E-03
       69.5856494710    0.3050962254E-04    0.4852143206E-04    0.7019698706E-04    0.9507248125E-04    0.1225730714E-03    0.1520471256E-03    0.1828137971E-03    0.2142115090E-03    0.2456407042E-03    0.2765919614E-03    0.3066611183E-03    0.3355484104E-03    0.3630503323E-03    0.3890462785E-03    0.4134814891E-03    0.4363515693E-03
       76.1885597370    0.3266023818E-04    0.5194178249E-04    0.7514534488E-04    0.1017744234E-03    0.1312136518E-03    0.1627654617E-03    0.1957010108E-03    0.2293120849E-03    0.2629568613E-03    0.2960900077E-03    0.3282788706E-03    0.3592025537E-03    0.3886432058E-03    0.4164717194E-03    0.4426294742E-03    0.4671117659E-03
       83.4180133251    0.3496248391E-04    0.5560327152E-04    0.8044255658E-04    0.1089488366E-03    0.1404633658E-03    0.1742394010E-03    0.2094967211E-03    0.2454771865E-03    0.2814937298E-03    0.3169625761E-03    0.3514205720E-03    0.3845242000E-03    0.4160402516E-03    0.4458305180E-03    0.4738322467E-03    0.5000404015E-03
       91.3334622825    0.3742704476E-04    0.5952289407E-04    0.8611321045E-04    0.1166290237E-03    0.1503651501E-03    0.1865222058E-03    0.2242649681E-03    0.2627818533E-03    0.3013373595E-03    0.3393065589E-03    0.3761936487E-03    0.4116308953E-03    0.4453686502E-03    0.4772589618E-03    0.5072346539E-03    0.5352903352E-03
      100.0000000000    0.4006535967E-04    0.6371884376E-04    0.9218362881E-04    0.1248506356E-03    0.1609649690E-03    0.1996708931E-03    0.2400743071E-03    0.2813064150E-03    0.3225798665E-03    0.3632256797E-03    0.4027131006E-03    0.4406484725E-03    0.4767645481E-03    0.5109029461E-03    0.5429917547E-03    0.5730252027E-03
