               #####        0.2000000000        0.2533333333        0.3066666667        0.3600000000        0.4133333333        0.4666666667        0.5200000000        0.5733333333        0.6266666667        0.6800000000        0.7333333333        0.7866666667        0.8400000000        0.8933333333        0.9466666667        1.0000000000
        0.0010000000    0.1040520650E-07    0.1655863856E-07    0.2397046558E-07    0.3248398033E-07    0.4190387784E-07    0.5200788542E-07    0.6256304046E-07    0.7334236855E-07    0.8413966408E-07    0.9477928826E-07    0.1051215150E-06    0.1150623704E-06    0.1245309426E-06    0.1334848645E-06    0.1419044961E-06    0.1497876238E-06
        0.0010948890    0.1456200614E-07    0.2317368679E-07    0.3354648148E-07    0.4546107969E-07    0.5864415367E-07    0.7278463455E-07    0.8755649291E-07    0.1026420798E-06    0.1177528120E-06    0.1326428844E-06    0.1471167513E-06    0.1610289023E-06    0.1742800964E-06    0.1868110415E-06    0.1985942514E-06    0.2096266280E-06
        0.0011987818    0.2033641384E-07    0.3236296431E-07    0.4684897977E-07    0.6348818451E-07    0.8189886565E-07    0.1016466034E-06    0.1222760848E-06    0.1433437004E-06    0.1644464325E-06    0.1852410047E-06    0.2054543295E-06    0.2248831959E-06    0.2433890102E-06    0.2608889683E-06    0.2773446846E-06    0.2927518329E-06
        0.0013125330    0.2835041060E-07    0.4511627930E-07    0.6531081756E-07    0.8850705528E-07    0.1141728576E-06    0.1417026126E-06    0.1704615813E-06    0.1998313405E-06    0.2292500548E-06    0.2582391721E-06    0.2864179893E-06    0.3135032154E-06    0.3393016411E-06    0.3636978314E-06    0.3866382743E-06    0.4081169385E-06
        0.0014370779    0.3946815793E-07    0.6280884118E-07    0.9092276301E-07    0.1232155151E-06    0.1589462837E-06    0.1972719634E-06    0.2373088991E-06    0.2781961498E-06    0.3191515539E-06    0.3595088926E-06    0.3987381682E-06    0.4364449959E-06    0.4723603981E-06    0.5063236717E-06    0.5382603194E-06    0.5681619448E-06
        0.0015734408    0.5487971786E-07    0.8733449103E-07    0.1264263612E-06    0.1713288150E-06    0.2210117656E-06    0.2743028916E-06    0.3299734869E-06    0.3868264292E-06    0.4437741378E-06    0.4998902481E-06    0.5544378084E-06    0.6068684338E-06    0.6568081163E-06    0.7040334011E-06    0.7484407013E-06    0.7900183415E-06
        0.0017227429    0.7623916627E-07    0.1213254923E-06    0.1756321052E-06    0.2380108095E-06    0.3070306036E-06    0.3810628939E-06    0.4584007553E-06    0.5373811394E-06    0.6164931739E-06    0.6944499483E-06    0.7702276855E-06    0.8430645665E-06    0.9124410174E-06    0.9780466138E-06    0.1039737452E-05    0.1097497312E-05
        0.0018862122    0.1058249705E-06    0.1684077524E-06    0.2437888987E-06    0.3303746386E-06    0.4261786491E-06    0.5289403365E-06    0.6362903753E-06    0.7459203442E-06    0.8557330532E-06    0.9639421859E-06    0.1069126672E-05    0.1170229056E-05    0.1266528135E-05    0.1357593020E-05    0.1443223962E-05    0.1523398448E-05
        0.0020651929    0.1467814037E-06    0.2335850055E-06    0.3381402014E-06    0.4582363997E-06    0.5911185311E-06    0.7336511075E-06    0.8825478241E-06    0.1034606851E-05    0.1186919344E-05    0.1337007645E-05    0.1482900698E-05    0.1623131791E-05    0.1756700601E-05    0.1883009475E-05    0.2001781358E-05    0.2112985023E-05
        0.0022611570    0.2034328868E-06    0.3237390487E-06    0.4686481782E-06    0.6350964892E-06    0.8192655731E-06    0.1016809778E-05    0.1223174418E-05    0.1433921891E-05    0.1645020659E-05    0.1853036789E-05    0.2055238481E-05    0.2249592933E-05    0.2434713737E-05    0.2609772571E-05    0.2774385448E-05    0.2928509090E-05
        0.0024757158    0.2817190446E-06    0.4483220829E-06    0.6489959388E-06    0.8794978051E-06    0.1134539856E-05    0.1408104127E-05    0.1693883169E-05    0.1985731671E-05    0.2278066658E-05    0.2566132731E-05    0.2846146820E-05    0.3115293849E-05    0.3371653883E-05    0.3614079841E-05    0.3842039970E-05    0.4055474332E-05
        0.0027106339    0.3898008088E-06    0.6203212525E-06    0.8979838153E-06    0.1216917937E-05    0.1569807118E-05    0.1948324604E-05    0.2343743080E-05    0.2747559573E-05    0.3152049194E-05    0.3550632129E-05    0.3938073928E-05    0.4310479503E-05    0.4665192337E-05    0.5000625266E-05    0.5316042529E-05    0.5611361197E-05
        0.0029678432    0.5388355388E-06    0.8574921574E-06    0.1241315009E-05    0.1682189013E-05    0.2170000323E-05    0.2693238583E-05    0.3239839698E-05    0.3798049695E-05    0.4357190188E-05    0.4908165657E-05    0.5443740330E-05    0.5958529887E-05    0.6448862126E-05    0.6912543055E-05    0.7348555602E-05    0.7756785133E-05
        0.0032494587    0.7440378521E-06    0.1184047037E-05    0.1714039422E-05    0.2322809506E-05    0.2996391847E-05    0.3718892673E-05    0.4473653549E-05    0.5244444271E-05    0.6016519851E-05    0.6777320954E-05    0.7516856234E-05    0.8227690877E-05    0.8904754211E-05    0.9545016715E-05    0.1014707399E-04    0.1071076775E-04
        0.0035577965    0.1026103803E-05    0.1632921181E-05    0.2363834541E-05    0.3203390374E-05    0.4132328938E-05    0.5128731142E-05    0.6169623269E-05    0.7232622187E-05    0.8297393063E-05    0.9346615277E-05    0.1036650974E-04    0.1134682307E-04    0.1228056230E-04    0.1316354940E-04    0.1399384757E-04    0.1477123851E-04
        0.0038953921    0.1413135417E-05    0.2248835592E-05    0.3255438980E-05    0.4411663251E-05    0.5690984203E-05    0.7063215235E-05    0.8496717204E-05    0.9960664329E-05    0.1142705177E-04    0.1287202580E-04    0.1427661001E-04    0.1562668361E-04    0.1691261594E-04    0.1812865311E-04    0.1927212777E-04    0.2034273928E-04
        0.0042650218    0.1943229297E-05    0.3092416447E-05    0.4476615858E-05    0.6066561826E-05    0.7825780482E-05    0.9712761742E-05    0.1168399791E-04    0.1369709978E-04    0.1571355736E-04    0.1770056890E-04    0.1963203955E-04    0.2148855149E-04    0.2325686146E-04    0.2492905712E-04    0.2650147057E-04    0.2797368841E-04
        0.0046697254    0.2667408899E-05    0.4244861459E-05    0.6144907871E-05    0.8327376094E-05    0.1074219970E-04    0.1333239927E-04    0.1603825296E-04    0.1880157434E-04    0.2156950198E-04    0.2429700984E-04    0.2694827831E-04    0.2949665315E-04    0.3192395571E-04    0.3421932501E-04    0.3637772623E-04    0.3839859193E-04
        0.0051128308    0.3654008795E-05    0.5814916899E-05    0.8417737317E-05    0.1140743957E-04    0.1471543922E-04    0.1826368194E-04    0.2197035618E-04    0.2575575370E-04    0.2954746110E-04    0.3328379834E-04    0.3691569706E-04    0.4040664426E-04    0.4373173752E-04    0.4687609870E-04    0.4983283075E-04    0.5260115637E-04
        0.0055979820    0.4994554507E-05    0.7948234657E-05    0.1150595146E-04    0.1559248553E-04    0.2011409111E-04    0.2496407843E-04    0.3003062120E-04    0.3520476825E-04    0.4038753983E-04    0.4549462716E-04    0.5045895998E-04    0.5523062971E-04    0.5977559795E-04    0.6407352820E-04    0.6811499318E-04    0.7189893047E-04
        0.0061291687    0.6810055154E-05    0.1083738623E-04    0.1568831889E-04    0.2126029201E-04    0.2742548396E-04    0.3403842421E-04    0.4094663719E-04    0.4800156770E-04    0.5506825721E-04    0.6203175067E-04    0.6880059774E-04    0.7530674816E-04    0.8150379067E-04    0.8736399657E-04    0.9287451190E-04    0.9803388815E-04
        0.0067107592    0.9259987793E-05    0.1473616019E-04    0.2133222673E-04    0.2890872993E-04    0.3729186461E-04    0.4628382773E-04    0.5567728880E-04    0.6527024841E-04    0.7487919631E-04    0.8434782144E-04    0.9355177358E-04    0.1023985210E-03    0.1108249558E-03    0.1187933741E-03    0.1262862976E-03    0.1333017572E-03
        0.0073475362    0.1255259998E-04    0.1997595752E-04    0.2891741458E-04    0.3918792661E-04    0.5055188861E-04    0.6274116522E-04    0.7547470211E-04    0.8847867222E-04    0.1015043135E-03    0.1143397337E-03    0.1268163662E-03    0.1388087769E-03    0.1502314186E-03    0.1610331807E-03    0.1711903709E-03    0.1807003200E-03
        0.0080447363    0.1695737847E-04    0.2698563398E-04    0.3906469861E-04    0.5293919160E-04    0.6829083409E-04    0.8475740244E-04    0.1019592147E-03    0.1195263532E-03    0.1371227633E-03    0.1544621969E-03    0.1713169350E-03    0.1875175277E-03    0.2029484086E-03    0.2175405327E-03    0.2312618946E-03    0.2441088890E-03
        0.0088080930    0.2281864508E-04    0.3631313627E-04    0.5256729224E-04    0.7123746142E-04    0.9189535476E-04    0.1140535501E-03    0.1372011228E-03    0.1608402888E-03    0.1845188364E-03    0.2078515738E-03    0.2305320695E-03    0.2523323030E-03    0.2730967631E-03    0.2927325403E-03    0.3111965676E-03    0.3284839954E-03
        0.0096438838    0.3057046226E-04    0.4864922243E-04    0.7042514385E-04    0.9543783278E-04    0.1231135071E-03    0.1527991650E-03    0.1838103023E-03    0.2154800215E-03    0.2472024866E-03    0.2784616456E-03    0.3088469651E-03    0.3380529612E-03    0.3658712940E-03    0.3921774927E-03    0.4169138623E-03    0.4400739082E-03
        0.0105589819    0.4074915678E-04    0.6484739250E-04    0.9387379007E-04    0.1272146656E-03    0.1641051959E-03    0.2036749638E-03    0.2450115350E-03    0.2872259480E-03    0.3295106450E-03    0.3711777422E-03    0.4116800098E-03    0.4506102484E-03    0.4876907502E-03    0.5227556033E-03    0.5557279064E-03    0.5865990070E-03
        0.0115609128    0.5400344904E-04    0.8594000541E-04    0.1244076819E-03    0.1685931866E-03    0.2174829321E-03    0.2699233950E-03    0.3247053272E-03    0.3806505935E-03    0.4366889599E-03    0.4919087844E-03    0.5455848334E-03    0.5971774568E-03    0.6463186197E-03    0.6927884498E-03    0.7364850396E-03    0.7773969299E-03
        0.0126579159    0.7108660669E-04    0.1131257913E-03    0.1637621055E-03    0.2219249861E-03    0.2862802201E-03    0.3553093999E-03    0.4274206991E-03    0.5010632563E-03    0.5748282765E-03    0.6475157128E-03    0.7181709024E-03    0.7860834823E-03    0.8507690009E-03    0.9119380425E-03    0.9694564765E-03    0.1023309234E-02
        0.0138590124    0.9285707214E-04    0.1477708520E-03    0.2139146337E-03    0.2898899894E-03    0.3739541087E-03    0.4641235887E-03    0.5583190170E-03    0.6545145097E-03    0.7508698089E-03    0.8458173176E-03    0.9381099855E-03    0.1026819897E-02    0.1111314247E-02    0.1191215004E-02    0.1266346985E-02    0.1336690532E-02
        0.0151740797    0.1201383956E-03    0.1911857628E-03    0.2767624588E-03    0.3750591948E-03    0.4838211368E-03    0.6004821920E-03    0.7223518809E-03    0.8468090068E-03    0.9714726204E-03    0.1094314513E-02    0.1213721220E-02    0.1328492204E-02    0.1437808760E-02    0.1541181824E-02    0.1638384785E-02    0.1729392254E-02
        0.0166139325    0.1540059683E-03    0.2450818170E-03    0.3547827577E-03    0.4807894224E-03    0.6202113265E-03    0.7697590172E-03    0.9259833277E-03    0.1085523957E-02    0.1245328723E-02    0.1402797583E-02    0.1555862202E-02    0.1702983618E-02    0.1843112384E-02    0.1975621636E-02    0.2100220967E-02    0.2216877918E-02
        0.0181904113    0.1953971838E-03    0.3109506445E-03    0.4501346207E-03    0.6100062800E-03    0.7868982297E-03    0.9766369523E-03    0.1174845889E-02    0.1377261334E-02    0.1580010753E-02    0.1779795226E-02    0.1973990516E-02    0.2160644115E-02    0.2338424648E-02    0.2506536931E-02    0.2664612674E-02    0.2812610864E-02
        0.0199164806    0.2439134903E-03    0.3881580540E-03    0.5619000840E-03    0.7614659365E-03    0.9822775831E-03    0.1219125307E-02    0.1466545280E-02    0.1719214696E-02    0.1972299420E-02    0.2221681270E-02    0.2464084374E-02    0.2697071495E-02    0.2918980848E-02    0.3128820016E-02    0.3326129504E-02    0.3510858353E-02
        0.0218063349    0.3000054497E-03    0.4774209029E-03    0.6911166036E-03    0.9365739077E-03    0.1208161941E-02    0.1499473042E-02    0.1803785974E-02    0.2114553181E-02    0.2425828750E-02    0.2732547216E-02    0.3030679297E-02    0.3317227387E-02    0.3590147801E-02    0.3848220223E-02    0.4090879857E-02    0.4318064394E-02
        0.0238755154    0.3623418202E-03    0.5766210061E-03    0.8347184474E-03    0.1131176543E-02    0.1459194552E-02    0.1811033769E-02    0.2178575065E-02    0.2553909370E-02    0.2929855105E-02    0.3300293792E-02    0.3660358648E-02    0.4006429190E-02    0.4336037281E-02    0.4647709350E-02    0.4940763644E-02    0.5215125326E-02
        0.0261410384    0.4317977011E-03    0.6871508078E-03    0.9947210416E-03    0.1348004678E-02    0.1738897696E-02    0.2158178662E-02    0.2596170171E-02    0.3043445547E-02    0.3491446317E-02    0.3932880398E-02    0.4361947620E-02    0.4774333395E-02    0.5167096678E-02    0.5538481810E-02    0.5887676869E-02    0.6214593225E-02
        0.0286215345    0.5090388691E-03    0.8100697856E-03    0.1172658068E-02    0.1589136740E-02    0.2049952751E-02    0.2544236279E-02    0.3060575952E-02    0.3587856561E-02    0.4115988290E-02    0.4636373436E-02    0.5142173486E-02    0.5628301794E-02    0.6091291411E-02    0.6529073074E-02    0.6940690274E-02    0.7326039249E-02
        0.0313374022    0.5926650434E-03    0.9431510854E-03    0.1365308603E-02    0.1850212176E-02    0.2386741160E-02    0.2962242478E-02    0.3563426190E-02    0.4177347770E-02    0.4792259101E-02    0.5398147813E-02    0.5987050139E-02    0.6553042681E-02    0.7092088472E-02    0.7601778240E-02    0.8080998643E-02    0.8529629355E-02
        0.0343109759    0.6838977869E-03    0.1088340132E-02    0.1575491457E-02    0.2135055189E-02    0.2754202624E-02    0.3418337539E-02    0.4112118987E-02    0.4820605136E-02    0.5530238179E-02    0.6229460661E-02    0.6909079435E-02    0.7562256697E-02    0.8184332365E-02    0.8772525210E-02    0.9325550044E-02    0.9843267918E-02
        0.0375667089    0.7847925960E-03    0.1248910385E-02    0.1807949562E-02    0.2450100174E-02    0.3160648038E-02    0.3922851689E-02    0.4719100080E-02    0.5532240460E-02    0.6346712904E-02    0.7149248622E-02    0.7929292097E-02    0.8678991725E-02    0.9392996123E-02    0.1006811084E-01    0.1070285917E-01    0.1129708039E-01
        0.0411313750    0.8992070850E-03    0.1431003785E-02    0.2071579437E-02    0.2807412266E-02    0.3621655027E-02    0.4495138914E-02    0.5407676317E-02    0.6339604699E-02    0.7273092813E-02    0.8192927687E-02    0.9087004990E-02    0.9946319821E-02    0.1076473365E-01    0.1153858061E-01    0.1226616448E-01    0.1294729801E-01
        0.0450342886    0.1035852565E-02    0.1648483147E-02    0.2386448864E-02    0.3234187097E-02    0.4172307841E-02    0.5178748983E-02    0.6230242437E-02    0.7304125268E-02    0.8379853404E-02    0.9439888905E-02    0.1047027450E-01    0.1146062508E-01    0.1240385964E-01    0.1329574722E-01    0.1413432780E-01    0.1491938101E-01
        0.0493075457    0.1208476658E-02    0.1923217692E-02    0.2784201369E-02    0.3773285233E-02    0.4867867502E-02    0.6042234051E-02    0.7269219385E-02    0.8522366982E-02    0.9777707920E-02    0.1101476750E-01    0.1221724876E-01    0.1337302492E-01    0.1447382681E-01    0.1551471188E-01    0.1649338901E-01    0.1740959779E-01
        0.0539862877    0.1435361419E-02    0.2284275463E-02    0.3306871621E-02    0.4481602805E-02    0.5781636094E-02    0.7176453773E-02    0.8633756451E-02    0.1012209797E-01    0.1161301549E-01    0.1308218258E-01    0.1451023822E-01    0.1588277957E-01    0.1718998927E-01    0.1842600208E-01    0.1958810280E-01    0.2067598755E-01
        0.0591089906    0.1728581825E-02    0.2750835288E-02    0.3982158846E-02    0.5396579308E-02    0.6961776733E-02    0.8641017778E-02    0.1039534824E-01    0.1218686793E-01    0.1398132035E-01    0.1574941711E-01    0.1746785865E-01    0.1911932515E-01    0.2069202366E-01    0.2217891966E-01    0.2357677030E-01    0.2488523228E-01
        0.0647177816    0.2088691029E-02    0.3323737807E-02    0.4811211711E-02    0.6519669374E-02    0.8410030210E-02    0.1043792347E-01    0.1255619149E-01    0.1471899918E-01    0.1688499804E-01    0.1901882845E-01    0.2109238348E-01    0.2308479511E-01    0.2498187872E-01    0.2677519503E-01    0.2846088016E-01    0.3003856395E-01
        0.0708587849    0.2493950091E-02    0.3968389113E-02    0.5743955721E-02    0.7783027826E-02    0.1003891433E-01    0.1245867305E-01    0.1498587531E-01    0.1756574431E-01    0.2014898409E-01    0.2269342304E-01    0.2516556920E-01    0.2754058988E-01    0.2980163682E-01    0.3193871286E-01    0.3394727338E-01    0.3582693030E-01
        0.0775825017    0.2898730026E-02    0.4612284254E-02    0.6675625436E-02    0.9044995346E-02    0.1166616902E-01    0.1447774289E-01    0.1741399227E-01    0.2041119635E-01    0.2341216493E-01    0.2636791940E-01    0.2923957813E-01    0.3199833399E-01    0.3462465997E-01    0.3710697809E-01    0.3944003636E-01    0.4162339872E-01
        0.0849442250    0.3226323798E-02    0.5133715498E-02    0.7430676950E-02    0.1006870274E-01    0.1298773932E-01    0.1611983381E-01    0.1939173894E-01    0.2273248576E-01    0.2607853680E-01    0.2937531343E-01    0.3257943371E-01    0.3565871116E-01    0.3859127647E-01    0.4136409239E-01    0.4397116306E-01    0.4641185481E-01
        0.0930044946    0.3473509601E-02    0.5527847559E-02    0.8002631376E-02    0.1084621118E-01    0.1399464378E-01    0.1737556906E-01    0.2091013012E-01    0.2452190135E-01    0.2814259898E-01    0.3171322669E-01    0.3518671388E-01    0.3852797572E-01    0.4171300245E-01    0.4472727797E-01    0.4756389011E-01    0.5022173439E-01
        0.1018295948    0.3743331205E-02    0.5958463409E-02    0.8628248556E-02    0.1169789045E-01    0.1509955614E-01    0.1875647074E-01    0.2258373484E-01    0.2649902274E-01    0.3042894348E-01    0.3430957303E-01    0.3808962065E-01    0.4173058864E-01    0.4520585289E-01    0.4849899621E-01    0.5160183523E-01    0.5451250756E-01
        0.1114920997    0.4242518800E-02    0.6753271042E-02    0.9779710921E-02    0.1326025619E-01    0.1711892058E-01    0.2126991941E-01    0.2561699558E-01    0.3006697777E-01    0.3453721094E-01    0.3895518654E-01    0.4326249649E-01    0.4741509008E-01    0.5138227712E-01    0.5514486647E-01    0.5869300106E-01    0.6202401570E-01
        0.1220714697    0.5112489747E-02    0.8135487165E-02    0.1177699413E-01    0.1596215477E-01    0.2059942012E-01    0.2558620707E-01    0.3080610418E-01    0.3614712210E-01    0.4151084322E-01    0.4681061813E-01    0.5197668752E-01    0.5695648643E-01    0.6171341790E-01    0.6622458727E-01    0.7047824905E-01    0.7447124000E-01
        0.1336547051    0.6131862952E-02    0.9753611083E-02    0.1411274119E-01    0.1911854738E-01    0.2466134536E-01    0.3061937860E-01    0.3685250622E-01    0.4322689001E-01    0.4962618036E-01    0.5594738781E-01    0.6210759230E-01    0.6804434655E-01    0.7371420406E-01    0.7908998766E-01    0.8415780446E-01    0.8891397699E-01
        0.1463370617    0.6819227098E-02    0.1084696516E-01    0.1569537875E-01    0.2126533693E-01    0.2743802400E-01    0.3408230332E-01    0.4104252328E-01    0.4817035940E-01    0.5533763925E-01    0.6242891903E-01    0.6935028171E-01    0.7603022905E-01    0.8241833043E-01    0.8848233721E-01    0.9420504909E-01    0.9958092149E-01
        0.1602228341    0.7115018439E-02    0.1132430861E-01    0.1639912749E-01    0.2224211658E-01    0.2873718364E-01    0.3575606407E-01    0.4313740146E-01    0.5072646960E-01    0.5838925676E-01    0.6600102164E-01    0.7345800427E-01    0.8067942100E-01    0.8760672638E-01    0.9420093817E-01    0.1004396452E+00    0.1063134617E+00
        0.1754262130    0.7822725221E-02    0.1245354422E-01    0.1804094418E-01    0.2448319577E-01    0.3166052600E-01    0.3944080058E-01    0.4764639027E-01    0.5610633417E-01    0.6467270302E-01    0.7320380941E-01    0.8158018993E-01    0.8970783770E-01    0.9751784049E-01    0.1049635202E+00    0.1120172359E+00    0.1186663559E+00
        0.1920722248    0.9317181653E-02    0.1481985180E-01    0.2144884929E-01    0.2908252582E-01    0.3758155972E-01    0.4679403312E-01    0.5650475024E-01    0.6650844186E-01    0.7663016715E-01    0.8670059953E-01    0.9657787175E-01    0.1061515454E+00    0.1153417264E+00    0.1240951123E+00    0.1323809487E+00    0.1401860071E+00
        0.2102977595    0.1046347920E-01    0.1663873249E-01    0.2407756209E-01    0.3265021086E-01    0.4221143974E-01    0.5260198329E-01    0.6357463806E-01    0.7489437700E-01    0.8636321561E-01    0.9778605233E-01    0.1089995545E+00    0.1198769094E+00    0.1303264426E+00    0.1402867224E+00    0.1497219486E+00    0.1586161587E+00
        0.2302526962    0.1095062495E-01    0.1743095551E-01    0.2526081850E-01    0.3432573825E-01    0.4449850586E-01    0.5563243212E-01    0.6745999405E-01    0.7972547689E-01    0.9221427736E-01    0.1047083460E+00    0.1170229965E+00    0.1290128840E+00    0.1405707692E+00    0.1516223912E+00    0.1621219134E+00    0.1720457822E+00
        0.2521011363    0.1239239513E-01    0.1971603914E-01    0.2856381809E-01    0.3881810147E-01    0.5034991885E-01    0.6300301024E-01    0.7645874233E-01    0.9041983219E-01    0.1046439854E+00    0.1188822516E+00    0.1329247062E+00    0.1466064380E+00    0.1598054797E+00    0.1724367119E+00    0.1844469554E+00    0.1958081019E+00
        0.2760227522    0.1390550608E-01    0.2211190207E-01    0.3202785805E-01    0.4353796751E-01    0.5651465581E-01    0.7079120705E-01    0.8598966678E-01    0.1017697310E+00    0.1178631436E+00    0.1339895542E+00    0.1499124175E+00    0.1654452315E+00    0.1804489862E+00    0.1948253775E+00    0.2085117972E+00    0.2214738088E+00
        0.3022142655    0.1478419432E-01    0.2353438573E-01    0.3415019557E-01    0.4654728112E-01    0.6062263068E-01    0.7621593889E-01    0.9290056822E-01    0.1103032020E+00    0.1281343885E+00    0.1460805078E+00    0.1638724030E+00    0.1812937916E+00    0.1981797285E+00    0.2144100999E+00    0.2299050874E+00    0.2446172178E+00
        0.3308910644    0.1658531663E-01    0.2638075500E-01    0.3826855901E-01    0.5217463053E-01    0.6799742651E-01    0.8556304925E-01    0.1043712451E+00    0.1240046749E+00    0.1441495248E+00    0.1644553166E+00    0.1846190900E+00    0.2043954653E+00    0.2235953908E+00    0.2420792637E+00    0.2597525888E+00    0.2765573321E+00
        0.3622889751    0.1782708767E-01    0.2838179298E-01    0.4124639072E-01    0.5638471005E-01    0.7371885720E-01    0.9308088242E-01    0.1139080368E+00    0.1357451171E+00    0.1582530170E+00    0.1810367605E+00    0.2037489687E+00    0.2261035886E+00    0.2478761983E+00    0.2688974651E+00    0.2890494022E+00    0.3082560985E+00
        0.3966662010    0.1958633396E-01    0.3117818695E-01    0.4533983100E-01    0.6206372695E-01    0.8128844130E-01    0.1028493810E+00    0.1261088836E+00    0.1505688588E+00    0.1758638767E+00    0.2015508035E+00    0.2272348124E+00    0.2525867229E+00    0.2773446333E+00    0.3013075331E+00    0.3243322573E+00    0.3463235671E+00
        0.4343054463    0.2111711694E-01    0.3364720586E-01    0.4902796481E-01    0.6730004776E-01    0.8843762575E-01    0.1122952428E+00    0.1381608715E+00    0.1654909831E+00    0.1938885699E+00    0.2228517949E+00    0.2519264891E+00    0.2807284957E+00    0.3089474378E+00    0.3363408833E+00    0.3627322902E+00    0.3880004112E+00
        0.4755162407    0.2296400230E-01    0.3660364290E-01    0.5340841722E-01    0.7346956258E-01    0.9680359709E-01    0.1232907933E+00    0.1521359210E+00    0.1827469952E+00    0.2146954873E+00    0.2474159731E+00    0.2803889982E+00    0.3131689687E+00    0.3453904186E+00    0.3767630115E+00    0.4070709286E+00    0.4361617419E+00
        0.5206374847    0.2476191488E-01    0.3951104019E-01    0.5777612441E-01    0.7971953950E-01    0.1054198344E+00    0.1347969314E+00    0.1669671347E+00    0.2012855106E+00    0.2372874697E+00    0.2743328763E+00    0.3118241624E+00    0.3492412019E+00    0.3861509569E+00    0.4222038040E+00    0.4571348337E+00    0.4907522423E+00
        0.5700402368    0.2667461808E-01    0.4261328946E-01    0.6246043484E-01    0.8646757607E-01    0.1147929318E+00    0.1474100450E+00    0.1833402110E+00    0.2218828433E+00    0.2625357579E+00    0.3045744808E+00    0.3473112122E+00    0.3901381794E+00    0.4325416754E+00    0.4741003731E+00    0.5144892309E+00    0.5534675943E+00
        0.6241307649    0.2870320525E-01    0.4591388228E-01    0.6747261568E-01    0.9374171548E-01    0.1249805601E+00    0.1612348674E+00    0.2014258372E+00    0.2447959780E+00    0.2908047400E+00    0.3386323069E+00    0.3874861310E+00    0.4366547300E+00    0.4855274894E+00    0.5335958818E+00    0.5804608797E+00    0.6258210450E+00
        0.6833538873    0.3078773504E-01    0.4933492532E-01    0.7272868173E-01    0.1014695373E+00    0.1359451804E+00    0.1762968784E+00    0.2213408930E+00    0.2702610454E+00    0.3224765042E+00    0.3770581079E+00    0.4330903883E+00    0.4897382044E+00    0.5462739645E+00    0.6020828467E+00    0.6566747815E+00    0.7096728508E+00
        0.7481966305    0.3297030952E-01    0.5294119832E-01    0.7832207848E-01    0.1097829486E+00    0.1478734220E+00    0.1928606617E+00    0.2434533247E+00    0.2987772516E+00    0.3582111063E+00    0.4207010700E+00    0.4851877362E+00    0.5506885690E+00    0.6163347059E+00    0.6813816659E+00    0.7452272962E+00    0.8074009585E+00
        0.8191922345    0.3524566581E-01    0.5673263625E-01    0.8426809661E-01    0.1187301996E+00    0.1608728798E+00    0.2111274569E+00    0.2680942588E+00    0.3308434337E+00    0.3987134708E+00    0.4705079187E+00    0.5449982031E+00    0.6210255849E+00    0.6975502555E+00    0.7736694329E+00    0.8486430096E+00    0.9218841481E+00
        0.8969245379    0.3761145630E-01    0.6071483460E-01    0.9059249769E-01    0.1283787558E+00    0.1750845204E+00    0.2313528762E+00    0.2956777300E+00    0.3670780805E+00    0.4448535282E+00    0.5276440430E+00    0.6140216991E+00    0.7026166600E+00    0.7921819879E+00    0.8816215575E+00    0.9700255780E+00    0.1056663401E+01
        0.9820327791    0.4007998051E-01    0.6491186948E-01    0.9734374910E-01    0.1388258275E+00    0.1906916392E+00    0.2538558429E+00    0.3267120814E+00    0.4082361131E+00    0.4976912760E+00    0.5935293945E+00    0.6940868576E+00    0.7977402907E+00    0.9029914230E+00    0.1008507923E+01    0.1113171484E+01    0.1216073859E+01
        1.0752168532    0.4264896007E-01    0.6933178887E-01    0.1045586275E+00    0.1501689215E+00    0.2078992739E+00    0.2790098651E+00    0.3618053150E+00    0.4552299384E+00    0.5585148385E+00    0.6698946489E+00    0.7874262362E+00    0.9091811100E+00    0.1033355819E+01    0.1158329628E+01    0.1282728475E+01    0.1405425467E+01
        1.1772430677    0.4533023327E-01    0.7399970198E-01    0.1122954236E+00    0.1625364733E+00    0.2269620929E+00    0.3072701930E+00    0.4016946886E+00    0.5091651162E+00    0.6288857224E+00    0.7588390981E+00    0.8967493426E+00    0.1040320031E+01    0.1187377003E+01    0.1335947781E+01    0.1484345400E+01    0.1631174838E+01
        1.2889504441    0.4812542958E-01    0.7893228058E-01    0.1206123315E+00    0.1760742398E+00    0.2481819620E+00    0.3391851482E+00    0.4472740086E+00    0.5713856184E+00    0.7107039263E+00    0.8629172675E+00    0.1025352133E+01    0.1195267723E+01    0.1370039705E+01    0.1547267433E+01    0.1724882447E+01    0.1901162528E+01
        1.4112576178    0.5104367388E-01    0.8415587626E-01    0.1295834977E+00    0.1909592882E+00    0.2719222196E+00    0.3754144924E+00    0.4996202537E+00    0.6435126274E+00    0.8062622303E+00    0.9852112359E+00    0.1177209188E+01    0.1378977918E+01    0.1587346927E+01    0.1799395807E+01    0.2012593060E+01    0.2224819619E+01
        1.5451703927    0.5408725834E-01    0.8969458368E-01    0.1392925015E+00    0.2074012298E+00    0.2986191291E+00    0.4167540933E+00    0.5600345900E+00    0.7275048269E+00    0.9183281422E+00    0.1129435846E+01    0.1357103085E+01    0.1597401354E+01    0.1846498628E+01    0.2100845915E+01    0.2357352878E+01    0.2613422695E+01
        1.6917900122    0.5726687464E-01    0.9558487876E-01    0.1498464705E+00    0.2256589593E+00    0.3288062302E+00    0.4641734324E+00    0.6300978779E+00    0.8257355934E+00    0.1050245113E+01    0.1300064949E+01    0.1570775670E+01    0.1857661506E+01    0.2156091206E+01    0.2461759257E+01    0.2770905569E+01    0.3080363329E+01
        1.8523222157    0.6059000133E-01    0.1018648064E+00    0.1613680188E+00    0.2460373505E+00    0.3631185987E+00    0.5188309339E+00    0.7117002975E+00    0.9410390567E+00    0.1205995682E+01    0.1502410907E+01    0.1825022320E+01    0.2168161663E+01    0.2526235625E+01    0.2894033814E+01    0.3267000290E+01    0.3641295514E+01
        2.0280871538    0.6406727437E-01    0.1085818272E+00    0.1740067507E+00    0.2689065309E+00    0.4023254069E+00    0.5821254791E+00    0.8071158271E+00    0.1076809203E+01    0.1390324485E+01    0.1742768889E+01    0.2127853805E+01    0.2538760437E+01    0.2968743070E+01    0.3411517214E+01    0.3861590871E+01    0.4314340616E+01
        2.2205302450    0.6771079275E-01    0.1157916395E+00    0.1879408098E+00    0.2947097577E+00    0.4473490184E+00    0.6557312860E+00    0.9190551472E+00    0.1237069981E+01    0.1608821892E+01    0.2028508432E+01    0.2488589464E+01    0.2980860488E+01    0.3497204169E+01    0.4030072815E+01    0.4572886701E+01    0.5120122592E+01
        2.4312340620    0.7155494766E-01    0.1235981705E+00    0.2034418536E+00    0.3240636119E+00    0.4994128037E+00    0.7418044775E+00    0.1050936365E+01    0.1426810057E+01    0.1868318355E+01    0.2368519793E+01    0.2918346544E+01    0.3507931903E+01    0.4127538418E+01    0.4768148627E+01    0.5421936259E+01    0.6082362880E+01
        2.6619313461    0.7556321315E-01    0.1319908927E+00    0.2206280061E+00    0.3574068854E+00    0.5595628129E+00    0.8423510532E+00    0.1206076056E+01    0.1650974354E+01    0.2175654133E+01    0.2771743564E+01    0.3428316663E+01    0.4133527917E+01    0.4875746646E+01    0.5644268366E+01    0.6429862038E+01    0.7224867110E+01
        2.9145192568    0.7979332773E-01    0.1411293008E+00    0.2399043695E+00    0.3956461337E+00    0.6295724472E+00    0.9604408801E+00    0.1389241490E+01    0.1916367687E+01    0.2539937644E+01    0.3249777608E+01    0.4032709132E+01    0.4874549051E+01    0.5761478771E+01    0.6680884974E+01    0.7621981969E+01    0.8575896910E+01
        3.1910749729    0.8425314806E-01    0.1511013704E+00    0.2615983968E+00    0.4396360505E+00    0.7112292575E+00    0.1099254910E+01    0.1605416305E+01    0.2230099468E+01    0.2970633402E+01    0.3814581924E+01    0.4746056844E+01    0.5748143547E+01    0.6804529859E+01    0.7900478896E+01    0.9023520128E+01    0.1016350533E+02
        3.4938727747    0.8901946150E-01    0.1621247547E+00    0.2862772125E+00    0.4906546878E+00    0.8070097535E+00    0.1262992086E+01    0.1860950241E+01    0.2600973676E+01    0.3479184503E+01    0.4480322710E+01    0.5585270282E+01    0.6773959916E+01    0.8027279991E+01    0.9328173820E+01    0.1066238628E+02    0.1201846731E+02
        3.8254027466    0.9407999513E-01    0.1742857296E+00    0.3143470737E+00    0.5498176666E+00    0.9192500639E+00    0.1455725749E+01    0.2162038676E+01    0.3037538312E+01    0.4076590119E+01    0.5260453570E+01    0.6566213905E+01    0.7970221875E+01    0.9450278919E+01    0.1098684647E+02    0.1256382785E+02    0.1416849049E+02
        4.1883912545    0.9945965855E-01    0.1877520988E+00    0.3463903041E+00    0.6185822188E+00    0.1050854567E+01    0.1682340731E+01    0.2515891007E+01    0.3549480523E+01    0.4775025101E+01    0.6169559294E+01    0.7705775103E+01    0.9356023020E+01    0.1109476485E+02    0.1289986473E+02    0.1475337896E+02    0.1664136333E+02
        4.5858233661    0.1052379674E+00    0.2028087015E+00    0.3832336825E+00    0.6988621848E+00    0.1205458835E+01    0.1948730185E+01    0.2930938405E+01    0.4147826652E+01    0.5588024657E+01    0.7223527355E+01    0.9022030675E+01    0.1095149832E+02    0.1298284996E+02    0.1509129333E+02    0.1725708904E+02    0.1946520565E+02
        5.0209673996    0.1114666854E+00    0.2197220627E+00    0.4257410114E+00    0.7927166064E+00    0.1386962104E+01    0.2261106166E+01    0.3415870190E+01    0.4843673734E+01    0.6528901159E+01    0.8437658015E+01    0.1053206821E+02    0.1277537819E+02    0.1513482799E+02    0.1758297333E+02    0.2009838930E+02    0.2266513387E+02
        5.4974018001    0.1182077325E+00    0.2388089659E+00    0.4749285461E+00    0.9025205245E+00    0.1599744160E+01    0.2626243503E+01    0.3979891331E+01    0.5648464286E+01    0.7611055102E+01    0.9827036386E+01    0.1225244259E+02    0.1484554726E+02    0.1756984657E+02    0.2039531345E+02    0.2329900420E+02    0.2626429039E+02
        6.0190445678    0.1255448034E+00    0.2604623379E+00    0.5320142404E+00    0.1031033457E+01    0.1848729342E+01    0.3051512517E+01    0.4632714359E+01    0.6573950394E+01    0.8847938049E+01    0.1140652270E+02    0.1419921659E+02    0.1717915048E+02    0.2030608754E+02    0.2354754861E+02    0.2687928936E+02    0.3028426092E+02
        6.5901854779    0.1336730902E+00    0.2853197537E+00    0.5987094958E+00    0.1181849610E+01    0.2140014541E+01    0.3545707094E+01    0.5385615531E+01    0.7633516474E+01    0.1025468217E+02    0.1319271630E+02    0.1639027180E+02    0.1979525141E+02    0.2336376514E+02    0.2706106684E+02    0.3086187573E+02    0.3474902512E+02
        7.2155213579    0.1425470325E+00    0.3136374935E+00    0.6761628958E+00    0.1357696545E+01    0.2478284548E+01    0.4115370087E+01    0.6246577669E+01    0.8836112447E+01    0.1184081777E+02    0.1519547011E+02    0.1883564303E+02    0.2270401635E+02    0.2675319585E+02    0.3094640623E+02    0.3525763906E+02    0.3966994702E+02
        7.9001947124    0.1523534288E+00    0.3461418259E+00    0.7663905175E+00    0.1562669069E+01    0.2870085009E+01    0.4769353587E+01    0.7226310636E+01    0.1019384988E+02    0.1361951684E+02    0.1742879698E+02    0.2155006234E+02    0.2592084741E+02    0.3049046095E+02    0.3522038378E+02    0.4008423379E+02    0.4506565623E+02
        8.6498360130    0.1632720440E+00    0.3836110919E+00    0.8715719618E+00    0.1801083684E+01    0.3322078147E+01    0.5516361431E+01    0.8335039746E+01    0.1171801959E+02    0.1560281999E+02    0.1990529190E+02    0.2454657210E+02    0.2945919339E+02    0.3458943346E+02    0.3989736623E+02    0.4535664268E+02    0.5095191548E+02
        9.4706100008    0.1754771780E+00    0.4268802333E+00    0.9940403633E+00    0.2077415918E+01    0.3840909830E+01    0.6364766587E+01    0.9582305789E+01    0.1341888903E+02    0.1780142565E+02    0.2263589778E+02    0.2783625254E+02    0.3333022995E+02    0.3906140941E+02    0.4498885698E+02    0.5108672961E+02    0.5734115257E+02
       10.3692663829    0.1891904618E+00    0.4769424557E+00    0.1136440713E+01    0.2396514246E+01    0.4433508912E+01    0.7323052981E+01    0.1097758612E+02    0.1530650770E+02    0.2022566590E+02    0.2563103230E+02    0.3142948371E+02    0.3754424762E+02    0.4391662087E+02    0.5050513935E+02    0.5728502309E+02    0.6424439615E+02
       11.3531953391    0.2046555219E+00    0.5349036736E+00    0.1301626294E+01    0.2763393650E+01    0.5106769922E+01    0.8399398909E+01    0.1252977933E+02    0.1739007492E+02    0.2288473431E+02    0.2889966048E+02    0.3533485967E+02    0.4210941607E+02    0.4916286852E+02    0.5645380157E+02    0.6395916218E+02    0.7166967115E+02
       12.4304882957    0.2222771452E+00    0.6022586966E+00    0.1493133102E+01    0.3183985090E+01    0.5868685777E+01    0.9603289190E+01    0.1424932094E+02    0.1968054673E+02    0.2578976845E+02    0.3245283869E+02    0.3956318540E+02    0.4703623198E+02    0.5481042658E+02    0.6284510907E+02    0.7111974948E+02    0.7962834515E+02
       13.6100044661    0.2424710485E+00    0.6806012029E+00    0.1714631568E+01    0.3664212680E+01    0.6726967062E+01    0.1094359444E+02    0.1614566536E+02    0.2218748312E+02    0.2895004363E+02    0.3629926200E+02    0.4412240590E+02    0.5233187336E+02    0.6086587742E+02    0.6968537880E+02    0.7877332513E+02    0.8812775656E+02
       14.9014437053    0.2653166178E+00    0.7708939528E+00    0.1968537039E+01    0.4207682268E+01    0.7685593811E+01    0.1242379328E+02    0.1822110143E+02    0.2491143704E+02    0.3236393776E+02    0.4043484394E+02    0.4900586620E+02    0.5798722204E+02    0.6731798954E+02    0.7696180576E+02    0.8690622823E+02    0.9715418504E+02
       16.3154262774    0.2914403201E+00    0.8752502441E+00    0.2259254392E+01    0.4821029729E+01    0.8752863501E+01    0.1405319349E+02    0.2048529931E+02    0.2786185799E+02    0.3604020787E+02    0.4486733443E+02    0.5422021309E+02    0.6400798203E+02    0.7417198470E+02    0.8467980351E+02    0.9552492647E+02    0.1067160756E+03
       17.8635801925    0.3214333219E+00    0.9957573319E+00    0.2591002458E+01    0.5510333479E+01    0.9936000748E+01    0.1583939112E+02    0.2294548053E+02    0.3104494110E+02    0.3998352432E+02    0.4959960151E+02    0.5976652880E+02    0.7039379500E+02    0.8142677364E+02    0.9283848441E+02    0.1046298372E+03    0.1168162676E+03
       19.5586368304    0.3558471684E+00    0.1134435066E+01    0.2967703090E+01    0.6280933348E+01    0.1124089823E+02    0.1778791828E+02    0.2560597752E+02    0.3446311967E+02    0.4419392770E+02    0.5462909728E+02    0.6563986501E+02    0.7713790754E+02    0.8907481115E+02    0.1014307229E+03    0.1142155744E+03    0.1274523687E+03
       21.4145356385    0.3953742995E+00    0.1293595156E+01    0.3393631011E+01    0.7138504116E+01    0.1267371679E+02    0.1990444999E+02    0.2847107889E+02    0.3811857058E+02    0.4867102629E+02    0.5995278496E+02    0.7183494617E+02    0.8423369320E+02    0.9710944583E+02    0.1104512852E+03    0.1242797475E+03    0.1386260828E+03
       23.4465387640    0.4408705596E+00    0.1475878966E+01    0.3873473579E+01    0.8089147999E+01    0.1424100329E+02    0.2219494497E+02    0.3154520073E+02    0.4201343753E+02    0.5341430960E+02    0.6556760250E+02    0.7834685654E+02    0.9167561678E+02    0.1055261500E+03    0.1198982283E+03    0.1348243655E+03    0.1503444358E+03
       25.6713565631    0.4932709786E+00    0.1684057854E+01    0.4411944906E+01    0.9138753295E+01    0.1594872508E+02    0.2466431287E+02    0.3483119492E+02    0.4614781352E+02    0.5842085798E+02    0.7146798099E+02    0.8516845677E+02    0.9945658504E+02    0.1143197357E+03    0.1297698019E+03    0.1458522140E+03    0.1626154474E+03
       28.1072850208    0.5535587337E+00    0.1920940351E+01    0.5013600727E+01    0.1029268710E+02    0.1780181569E+02    0.2731581129E+02    0.3832962452E+02    0.5051893688E+02    0.6368452192E+02    0.7764509638E+02    0.9228976963E+02    0.1075674426E+03    0.1234837559E+03    0.1400635270E+03    0.1573653443E+03    0.1754459939E+03
       30.7743562090    0.6228109496E+00    0.2189450464E+01    0.5682976232E+01    0.1155601550E+02    0.1980450394E+02    0.3015152511E+02    0.4203943092E+02    0.5512209132E+02    0.6919712812E+02    0.8408846207E+02    0.9969997368E+02    0.1159992175E+03    0.1330126979E+03    0.1507780292E+03    0.1693665359E+03    0.1888429008E+03
       33.6945030221    0.7022024773E+00    0.2492617155E+01    0.6424558138E+01    0.1293345264E+02    0.2196024842E+02    0.3317231284E+02    0.4595792898E+02    0.5995070618E+02    0.7494877581E+02    0.9078648889E+02    0.1073881964E+03    0.1247438128E+03    0.1429023076E+03    0.1619127398E+03    0.1818586992E+03    0.2028125390E+03
       36.8917395444    0.7930042386E+00    0.2833553216E+01    0.7242737137E+01    0.1442928152E+02    0.2427164056E+02    0.3637772108E+02    0.5008077080E+02    0.6499643715E+02    0.8092811944E+02    0.9772705937E+02    0.1153441129E+03    0.1337944168E+03    0.1531492554E+03    0.1734674872E+03    0.1948444092E+03    0.2173615889E+03
       40.3923585315    0.8965794550E+00    0.3215430800E+01    0.8141754791E+01    0.1604727148E+02    0.2674031466E+02    0.3976592143E+02    0.5440195384E+02    0.7024930534E+02    0.8712276206E+02    0.1048980981E+03    0.1235584261E+03    0.1431453948E+03    0.1637507760E+03    0.1854420242E+03    0.2083271835E+03    0.2324988108E+03
       44.2251476316    0.1014377481E+01    0.3641452963E+01    0.9125644762E+01    0.1779059383E+02    0.2936686578E+02    0.4333367120E+02    0.5891387036E+02    0.7569793354E+02    0.9351976909E+02    0.1122880843E+03    0.1320231845E+03    0.1527917223E+03    0.1747044824E+03    0.1978367126E+03    0.2223132258E+03    0.2482389720E+03
       48.4216261230    0.1147924888E+01    0.4114820476E+01    0.1019816851E+02    0.1966173771E+02    0.3215077673E+02    0.4707628702E+02    0.6360739147E+02    0.8132989197E+02    0.1001061328E+03    0.1198867593E+03    0.1407313481E+03    0.1627292106E+03    0.1860080252E+03    0.2106552114E+03    0.2368133450E+03    0.2646046249E+03
       53.0163041156    0.1298813337E+01    0.4638693069E+01    0.1136274562E+02    0.2166242834E+02    0.3509035825E+02    0.5098764380E+02    0.6847201722E+02    0.8713196131E+02    0.1068694639E+03    0.1276850858E+03    0.1496769761E+03    0.1729538206E+03    0.1976620777E+03    0.2239046688E+03    0.2518469938E+03    0.2816232171E+03
       58.0469663481    0.1468683652E+01    0.5216144247E+01    0.1262237860E+02    0.2379354808E+02    0.3818270844E+02    0.5506022757E+02    0.7349600856E+02    0.9309062805E+02    0.1137984001E+03    0.1356750478E+03    0.1588550014E+03    0.1834627223E+03    0.2096712715E+03    0.2375996395E+03    0.2674366075E+03    0.2993296173E+03
       63.5549829136    0.1659205336E+01    0.5850108739E+01    0.1397957217E+02    0.2605505934E+02    0.4142368448E+02    0.5928516532E+02    0.7866666338E+02    0.9919272887E+02    0.1208824433E+03    0.1438504225E+03    0.1682597082E+03    0.1942580894E+03    0.2220432262E+03    0.2517612123E+03    0.2836073228E+03    0.3177501249E+03
       69.5856494710    0.1872050599E+01    0.6543321559E+01    0.1543624748E+02    0.2844592718E+02    0.4480785833E+02    0.6365231392E+02    0.8397075660E+02    0.1054253597E+03    0.1281133590E+03    0.1522041298E+03    0.1778900725E+03    0.2053419946E+03    0.2347972377E+03    0.2664034701E+03    0.3003877546E+03    0.3368985830E+03
       76.1885597370    0.2108861748E+01    0.7298247428E+01    0.1699365139E+02    0.3096404813E+02    0.4832852227E+02    0.6815042693E+02    0.8939440346E+02    0.1117772361E+03    0.1354832068E+03    0.1607313758E+03    0.1877459838E+03    0.2167263046E+03    0.2479454015E+03    0.2815533141E+03    0.3177764209E+03    0.3568089701E+03
       83.4180133251    0.2371210589E+01    0.8116998880E+01    0.1865225907E+02    0.3360619265E+02    0.5197770334E+02    0.7276703437E+02    0.9492402281E+02    0.1182381958E+03    0.1429840646E+03    0.1694313253E+03    0.1978276198E+03    0.2284301767E+03    0.2614977552E+03    0.2972207764E+03    0.3357993760E+03    0.3774830382E+03
       91.3334622825    0.2660548231E+01    0.9001241149E+01    0.2041166433E+02    0.3636791459E+02    0.5574607397E+02    0.7748899556E+02    0.1005466415E+03    0.1247974973E+03    0.1506138623E+03    0.1782955116E+03    0.2081562373E+03    0.2404477594E+03    0.2754884508E+03    0.3133900779E+03    0.3545015457E+03    0.3989730683E+03
      100.0000000000    0.2978143535E+01    0.9952081719E+01    0.2227045970E+02    0.3924347194E+02    0.5962315060E+02    0.8230255955E+02    0.1062483536E+03    0.1314504560E+03    0.1583618749E+03    0.1873357696E+03    0.2187282981E+03    0.2528121973E+03    0.2898856121E+03    0.3301410585E+03    0.3738522747E+03    0.4213777767E+03
