               #####        0.2000000000        0.2533333333        0.3066666667        0.3600000000        0.4133333333        0.4666666667        0.5200000000        0.5733333333        0.6266666667        0.6800000000        0.7333333333        0.7866666667        0.8400000000        0.8933333333        0.9466666667        1.0000000000
        0.0010000000    0.1369187156E-07    0.2182620476E-07    0.3167510846E-07    0.4306967371E-07    0.5579400765E-07    0.6959421857E-07    0.8419169747E-07    0.9930459139E-07    0.1146620125E-06    0.1300177162E-06    0.1451612501E-06    0.1599221290E-06    0.1741703298E-06    0.1878138888E-06    0.2007937552E-06    0.2130781433E-06
        0.0010948890    0.1955142822E-07    0.3116692843E-07    0.4523078019E-07    0.6150180159E-07    0.7967172269E-07    0.9937801402E-07    0.1202225134E-06    0.1418029619E-06    0.1637326711E-06    0.1856599567E-06    0.2072842822E-06    0.2283621949E-06    0.2487080244E-06    0.2681904497E-06    0.2867251480E-06    0.3042667309E-06
        0.0011987818    0.2790554573E-07    0.4448423838E-07    0.6455746270E-07    0.8778100378E-07    0.1137148978E-06    0.1418417388E-06    0.1715927128E-06    0.2023940258E-06    0.2336939744E-06    0.2649905109E-06    0.2958546516E-06    0.3259389074E-06    0.3549782685E-06    0.3827853002E-06    0.4092396491E-06    0.4342765328E-06
        0.0013125330    0.3980697753E-07    0.6345633490E-07    0.9209064811E-07    0.1252189333E-06    0.1622136300E-06    0.2023367109E-06    0.2447759190E-06    0.2887132981E-06    0.3333622020E-06    0.3780063158E-06    0.4220336475E-06    0.4649484879E-06    0.5063727955E-06    0.5460391945E-06    0.5837760011E-06    0.6194908040E-06
        0.0014370779    0.5675296641E-07    0.9046998338E-07    0.1312941404E-06    0.1785254976E-06    0.2312694111E-06    0.2884737488E-06    0.3489790896E-06    0.4116201599E-06    0.4752760205E-06    0.5389251779E-06    0.6016950290E-06    0.6628788065E-06    0.7219375230E-06    0.7784899757E-06    0.8322913928E-06    0.8832100237E-06
        0.0015734408    0.8085583716E-07    0.1288924592E-06    0.1870547221E-06    0.2543455174E-06    0.3294903650E-06    0.4109904201E-06    0.4971916052E-06    0.5864351829E-06    0.6771251236E-06    0.7678057202E-06    0.8572336395E-06    0.9444018974E-06    0.1028542579E-05    0.1109112579E-05    0.1185763168E-05    0.1258306644E-05
        0.0017227429    0.1151147741E-06    0.1835047936E-06    0.2663109125E-06    0.3621136989E-06    0.4690988617E-06    0.5851326955E-06    0.7078566182E-06    0.8349113601E-06    0.9640262535E-06    0.1093128179E-05    0.1220446774E-05    0.1344548300E-05    0.1464339440E-05    0.1579046960E-05    0.1688174374E-05    0.1791454446E-05
        0.0018862122    0.1637561316E-06    0.2610442717E-06    0.3788402878E-06    0.5151252256E-06    0.6673184854E-06    0.8323851080E-06    0.1006963937E-05    0.1187702449E-05    0.1371373170E-05    0.1555025989E-05    0.1736142114E-05    0.1912681836E-05    0.2083089803E-05    0.2246266036E-05    0.2401504254E-05    0.2548424307E-05
        0.0020651929    0.2327446680E-06    0.3710194048E-06    0.5384422409E-06    0.7321440755E-06    0.9484576459E-06    0.1183069950E-05    0.1431194117E-05    0.1688071071E-05    0.1949118034E-05    0.2210140439E-05    0.2467557750E-05    0.2718470709E-05    0.2960668612E-05    0.3192588044E-05    0.3413225170E-05    0.3622039694E-05
        0.0022611570    0.3304573976E-06    0.5267841427E-06    0.7644969867E-06    0.1039522980E-05    0.1346656080E-05    0.1679773464E-05    0.2032062829E-05    0.2396776401E-05    0.2767414688E-05    0.3138019535E-05    0.3503506215E-05    0.3859757865E-05    0.4203635508E-05    0.4532919315E-05    0.4846184001E-05    0.5142662458E-05
        0.0024757158    0.4686631120E-06    0.7470993678E-06    0.1084231772E-05    0.1474285077E-05    0.1909877310E-05    0.2382326396E-05    0.2881945321E-05    0.3399179044E-05    0.3924821801E-05    0.4450419441E-05    0.4968759061E-05    0.5474001340E-05    0.5961694230E-05    0.6428689439E-05    0.6872965577E-05    0.7293434743E-05
        0.0027106339    0.6638374772E-06    0.1058229356E-05    0.1535763517E-05    0.2088261431E-05    0.2705269149E-05    0.3374491344E-05    0.4082165223E-05    0.4814780147E-05    0.5559316389E-05    0.6303792431E-05    0.7037988935E-05    0.7753633665E-05    0.8444420078E-05    0.9105888652E-05    0.9735176179E-05    0.1033074176E-04
        0.0029678432    0.9390977272E-06    0.1497025978E-05    0.2172575009E-05    0.2954178030E-05    0.3827050012E-05    0.4773801267E-05    0.5774894684E-05    0.6811254937E-05    0.7864496234E-05    0.8917658300E-05    0.9956280061E-05    0.1096865732E-04    0.1194586779E-04    0.1288160260E-04    0.1377181131E-04    0.1461431420E-04
        0.0032494587    0.1326490063E-05    0.2114575213E-05    0.3068807325E-05    0.4172852966E-05    0.5405834003E-05    0.6743193577E-05    0.8157225564E-05    0.9621045300E-05    0.1110873619E-04    0.1259632462E-04    0.1406337710E-04    0.1549335819E-04    0.1687366375E-04    0.1819538213E-04    0.1945279201E-04    0.2064281472E-04
        0.0035577965    0.1870635663E-05    0.2982009532E-05    0.4327695720E-05    0.5884668462E-05    0.7623494799E-05    0.9509554598E-05    0.1150359847E-04    0.1356780762E-04    0.1566572227E-04    0.1776350741E-04    0.1983233606E-04    0.2184888455E-04    0.2379537634E-04    0.2565924354E-04    0.2743241795E-04    0.2911055840E-04
        0.0038953921    0.2633261409E-05    0.4197730773E-05    0.6092052924E-05    0.8283827723E-05    0.1073163865E-04    0.1338676829E-04    0.1619367781E-04    0.1909927962E-04    0.2205239482E-04    0.2500535131E-04    0.2791755136E-04    0.3075615416E-04    0.3349613259E-04    0.3611979430E-04    0.3861578196E-04    0.4097798542E-04
        0.0042650218    0.3699785641E-05    0.5897909219E-05    0.8559507706E-05    0.1163907911E-04    0.1507845794E-04    0.1880922237E-04    0.2275287277E-04    0.2683505562E-04    0.3098410124E-04    0.3513296082E-04    0.3922456368E-04    0.4321275376E-04    0.4706236192E-04    0.5074852885E-04    0.5425529768E-04    0.5757408505E-04
        0.0046697254    0.5186934827E-05    0.8268626469E-05    0.1200013007E-04    0.1631768772E-04    0.2113979547E-04    0.2637057286E-04    0.3189921211E-04    0.3762184427E-04    0.4343838129E-04    0.4925471488E-04    0.5499078569E-04    0.6058186189E-04    0.6597862870E-04    0.7114623265E-04    0.7606230390E-04    0.8071481178E-04
        0.0051128308    0.7255171501E-05    0.1156568867E-04    0.1678518978E-04    0.2282454906E-04    0.2956983078E-04    0.3688699405E-04    0.4461982780E-04    0.5262363010E-04    0.6075904157E-04    0.6889425675E-04    0.7691721442E-04    0.8473733350E-04    0.9228562036E-04    0.9951332136E-04    0.1063891490E-03    0.1128962807E-03
        0.0055979820    0.1012310122E-04    0.1613759555E-04    0.2342049754E-04    0.3184753937E-04    0.4125985558E-04    0.5147053392E-04    0.6225964455E-04    0.7342620087E-04    0.8477679760E-04    0.9612725461E-04    0.1073210857E-03    0.1182318409E-03    0.1287632289E-03    0.1388472202E-03    0.1484401635E-03    0.1575185965E-03
        0.0061291687    0.1408541657E-04    0.2245414960E-04    0.3258793559E-04    0.4431401034E-04    0.5741150125E-04    0.7162052008E-04    0.8663187676E-04    0.1021673472E-03    0.1179595255E-03    0.1337517107E-03    0.1493259595E-03    0.1645062246E-03    0.1791584844E-03    0.1931880762E-03    0.2065342716E-03    0.2191644425E-03
        0.0067107592    0.1954008431E-04    0.3114980233E-04    0.4520838237E-04    0.6147638804E-04    0.7964769389E-04    0.9936206347E-04    0.1201854534E-03    0.1417341269E-03    0.1636398944E-03    0.1855459687E-03    0.2071496734E-03    0.2282066169E-03    0.2485308104E-03    0.2679909254E-03    0.2865027321E-03    0.3040210000E-03
        0.0073475362    0.2701854896E-04    0.4307181327E-04    0.6251163213E-04    0.8500730427E-04    0.1101359948E-03    0.1374000687E-03    0.1661911307E-03    0.1959820457E-03    0.2262682156E-03    0.2565552393E-03    0.2864240625E-03    0.3155364829E-03    0.3436352203E-03    0.3705386749E-03    0.3961304120E-03    0.4203479497E-03
        0.0080447363    0.3722827458E-04    0.5934808368E-04    0.8613488372E-04    0.1171336083E-03    0.1517623668E-03    0.1893362334E-03    0.2290036898E-03    0.2700437746E-03    0.3117685273E-03    0.3534950599E-03    0.3946451065E-03    0.4347522127E-03    0.4734617018E-03    0.5105233424E-03    0.5457767613E-03    0.5791359741E-03
        0.0088080930    0.5109480559E-04    0.8145423313E-04    0.1182201552E-03    0.1607689669E-03    0.2083031981E-03    0.2598840079E-03    0.3143215000E-03    0.3706344501E-03    0.4278905014E-03    0.4851498137E-03    0.5416173543E-03    0.5966521892E-03    0.6497672483E-03    0.7006190915E-03    0.7489877222E-03    0.7947553230E-03
        0.0096438838    0.6982880077E-04    0.1113205013E-03    0.1615695335E-03    0.2197251856E-03    0.2846994409E-03    0.3552111401E-03    0.4296001525E-03    0.5065381900E-03    0.5847702013E-03    0.6630077194E-03    0.7401620100E-03    0.8153559398E-03    0.8879233920E-03    0.9573950124E-03    0.1023470349E-02    0.1085988732E-02
        0.0105589819    0.9498203206E-04    0.1514210829E-03    0.2197749915E-03    0.2988890661E-03    0.3872863134E-03    0.4832271076E-03    0.5843990560E-03    0.6890148113E-03    0.7953981334E-03    0.9017901900E-03    0.1006706566E-02    0.1108952224E-02    0.1207620361E-02    0.1302072598E-02    0.1391900630E-02    0.1476886527E-02
        0.0115609128    0.1285396369E-03    0.2049212995E-03    0.2974322460E-03    0.4045137475E-03    0.5241716552E-03    0.6540565057E-03    0.7909524302E-03    0.9324700855E-03    0.1076390705E-02    0.1220324432E-02    0.1362256840E-02    0.1500567521E-02    0.1634028096E-02    0.1761774756E-02    0.1883255612E-02    0.1998176809E-02
        0.0126579159    0.1729527496E-03    0.2757297481E-03    0.4002167847E-03    0.5443227958E-03    0.7053720181E-03    0.8802107338E-03    0.1064374329E-02    0.1254692426E-02    0.1448259381E-02    0.1641844855E-02    0.1832729604E-02    0.2018728249E-02    0.2198186064E-02    0.2369941034E-02    0.2533251776E-02    0.2687724770E-02
        0.0138590124    0.2312762227E-03    0.3687180825E-03    0.5352034247E-03    0.7279459242E-03    0.9433791837E-03    0.1177297813E-02    0.1423513437E-02    0.1677853348E-02    0.1936559610E-02    0.2195290115E-02    0.2450394835E-02    0.2698943271E-02    0.2938719655E-02    0.3168170666E-02    0.3386307023E-02    0.3592605731E-02
        0.0151740797    0.3069714027E-03    0.4894070084E-03    0.7104115490E-03    0.9663024586E-03    0.1252364567E-02    0.1563034682E-02    0.1889753667E-02    0.2227082685E-02    0.2570237496E-02    0.2913420955E-02    0.3251766836E-02    0.3581372464E-02    0.3899292044E-02    0.4203464952E-02    0.4492581769E-02    0.4765953837E-02
        0.0166139325    0.4048913855E-03    0.6455368640E-03    0.9370848271E-03    0.1274702465E-02    0.1652199230E-02    0.2062266082E-02    0.2493071039E-02    0.2937586802E-02    0.3389825605E-02    0.3842090623E-02    0.4287930244E-02    0.4722176488E-02    0.5140936617E-02    0.5541495045E-02    0.5922131186E-02    0.6281946235E-02
        0.0181904113    0.5301842545E-03    0.8453200938E-03    0.1227157094E-02    0.1669404840E-02    0.2164001536E-02    0.2701420658E-02    0.3265318697E-02    0.3846707467E-02    0.4438255951E-02    0.5029811287E-02    0.5612875057E-02    0.6180648498E-02    0.6728023524E-02    0.7251449047E-02    0.7748683578E-02    0.8218566511E-02
        0.0199164806    0.6862789928E-03    0.1094232868E-02    0.1588600830E-02    0.2161300640E-02    0.2801967228E-02    0.3498339033E-02    0.4227926159E-02    0.4979405493E-02    0.5744095551E-02    0.6508745746E-02    0.7262278939E-02    0.7995845267E-02    0.8702816052E-02    0.9378603097E-02    0.1002032403E-01    0.1062650324E-01
        0.0218063349    0.8793309249E-03    0.1402100040E-02    0.2035708082E-02    0.2769892931E-02    0.3591482967E-02    0.4484875417E-02    0.5419181368E-02    0.6380337706E-02    0.7358487885E-02    0.8336499423E-02    0.9300065474E-02    0.1023777142E-01    0.1114109947E-01    0.1200418606E-01    0.1282336983E-01    0.1359680373E-01
        0.0238755154    0.1111828799E-02    0.1772911542E-02    0.2574325539E-02    0.3503243958E-02    0.4543185204E-02    0.5674591292E-02    0.6855197719E-02    0.8067854741E-02    0.9302083904E-02    0.1053600738E-01    0.1175136834E-01    0.1293361893E-01    0.1407195171E-01    0.1515897754E-01    0.1619011692E-01    0.1716310239E-01
        0.0261410384    0.1391976865E-02    0.2219773509E-02    0.3223547468E-02    0.4387469389E-02    0.5691170996E-02    0.7110428098E-02    0.8587435974E-02    0.1010159751E-01    0.1164285372E-01    0.1318352652E-01    0.1470052214E-01    0.1617545762E-01    0.1759474929E-01    0.1894918853E-01    0.2023312131E-01    0.2144381451E-01
        0.0286215345    0.1725347072E-02    0.2751615009E-02    0.3996451283E-02    0.5440590891E-02    0.7059198910E-02    0.8822653277E-02    0.1065191052E-01    0.1252263162E-01    0.1442703389E-01    0.1633044253E-01    0.1820390581E-01    0.2002439171E-01    0.2177498770E-01    0.2344434776E-01    0.2502558440E-01    0.2651546790E-01
        0.0313374022    0.2112913604E-02    0.3370073191E-02    0.4895613935E-02    0.6666504241E-02    0.8652977296E-02    0.1081938948E-01    0.1305782720E-01    0.1534009085E-01    0.1766379485E-01    0.1998602993E-01    0.2227089644E-01    0.2448982693E-01    0.2662199261E-01    0.2865359361E-01    0.3057636249E-01    0.3238656286E-01
        0.0343109759    0.2559443019E-02    0.4082876085E-02    0.5932557104E-02    0.8081469625E-02    0.1049456907E-01    0.1312966566E-01    0.1583953537E-01    0.1859214818E-01    0.2139539330E-01    0.2419680350E-01    0.2695230773E-01    0.2962677399E-01    0.3219478352E-01    0.3463973698E-01    0.3695183163E-01    0.3912682276E-01
        0.0375667089    0.3080452599E-02    0.4914940911E-02    0.7143878878E-02    0.9736106435E-02    0.1265099507E-01    0.1583926832E-01    0.1909961041E-01    0.2239623246E-01    0.2575463677E-01    0.2911122836E-01    0.3241223375E-01    0.3561461798E-01    0.3868749094E-01    0.4161100402E-01    0.4437360671E-01    0.4697052742E-01
        0.0411313750    0.3699630439E-02    0.5904290011E-02    0.8585396718E-02    0.1170756603E-01    0.1522432264E-01    0.1907871558E-01    0.2299416796E-01    0.2693123495E-01    0.3094400387E-01    0.3495585250E-01    0.3890132782E-01    0.4272768480E-01    0.4639735284E-01    0.4988660526E-01    0.5318182148E-01    0.5627763627E-01
        0.0450342886    0.4449183344E-02    0.7102637512E-02    0.1033308541E-01    0.1410098300E-01    0.1835384268E-01    0.2302640734E-01    0.2773636990E-01    0.3244083796E-01    0.3723887905E-01    0.4203856131E-01    0.4676016691E-01    0.5133875447E-01    0.5572837286E-01    0.5990050660E-01    0.6383896045E-01    0.6753761892E-01
        0.0493075457    0.5390060933E-02    0.8607568587E-02    0.1252972900E-01    0.1711290517E-01    0.2229830036E-01    0.2801131211E-01    0.3371869211E-01    0.3937440922E-01    0.4514711818E-01    0.5092649996E-01    0.5661486571E-01    0.6213140781E-01    0.6741925610E-01    0.7244372707E-01    0.7718527670E-01    0.8163678811E-01
        0.0539862877    0.6604882859E-02    0.1055123326E-01    0.1536852893E-01    0.2100911330E-01    0.2740738004E-01    0.3447768034E-01    0.4146853723E-01    0.4833166491E-01    0.5534250037E-01    0.6236824807E-01    0.6928796901E-01    0.7599965527E-01    0.8243185457E-01    0.8854177612E-01    0.9430549766E-01    0.9971464583E-01
        0.0591089906    0.8149530858E-02    0.1302338340E-01    0.1898183022E-01    0.2597403374E-01    0.3392766346E-01    0.4274426178E-01    0.5135881602E-01    0.5972379966E-01    0.6827654421E-01    0.7685742603E-01    0.8531557883E-01    0.9352075760E-01    0.1013821819E+00    0.1088465787E+00    0.1158844904E+00    0.1224861348E+00
        0.0647177816    0.1003898609E-01    0.1604902058E-01    0.2340916686E-01    0.3206811447E-01    0.4194853070E-01    0.5293795948E-01    0.6352935282E-01    0.7368342463E-01    0.8407771743E-01    0.9452203192E-01    0.1048276890E+00    0.1148275063E+00    0.1244056966E+00    0.1334958874E+00    0.1420619392E+00    0.1500926598E+00
        0.0708587849    0.1220195197E-01    0.1951683563E-01    0.2849483018E-01    0.3909074069E-01    0.5122740974E-01    0.6477884077E-01    0.7763504232E-01    0.8978029985E-01    0.1022364801E+00    0.1147809586E+00    0.1271787524E+00    0.1392158353E+00    0.1507451555E+00    0.1616845004E+00    0.1719897969E+00    0.1816482723E+00
        0.0775825017    0.1444036620E-01    0.2311621754E-01    0.3379914895E-01    0.4646355494E-01    0.6104349040E-01    0.7740272253E-01    0.9264685407E-01    0.1068104394E+00    0.1213853267E+00    0.1361177653E+00    0.1507182271E+00    0.1649153884E+00    0.1785242121E+00    0.1914433212E+00    0.2036185635E+00    0.2150342906E+00
        0.0849442250    0.1646660634E-01    0.2639823385E-01    0.3868975727E-01    0.5335820617E-01    0.7036690530E-01    0.8957515812E-01    0.1071224524E+00    0.1231332120E+00    0.1397040147E+00    0.1565541330E+00    0.1733315567E+00    0.1896965782E+00    0.2054181870E+00    0.2203706212E+00    0.2344852584E+00    0.2477399358E+00
        0.0930044946    0.1830828885E-01    0.2941698393E-01    0.4326587045E-01    0.5994244743E-01    0.7945584603E-01    0.1016588365E+00    0.1215144673E+00    0.1392919888E+00    0.1578434231E+00    0.1768617158E+00    0.1959202986E+00    0.2145962286E+00    0.2326013368E+00    0.2497775892E+00    0.2660353374E+00    0.2813406680E+00
        0.1018295948    0.2041593226E-01    0.3289699594E-01    0.4859443228E-01    0.6768969064E-01    0.9023883225E-01    0.1160646582E+00    0.1386443302E+00    0.1584761262E+00    0.1793706888E+00    0.2009855606E+00    0.2227982501E+00    0.2442803633E+00    0.2650709388E+00    0.2849697732E+00    0.3038590385E+00    0.3216883150E+00
        0.1114920997    0.2371745569E-01    0.3831316367E-01    0.5681493324E-01    0.7950218511E-01    0.1064436771E+00    0.1373721895E+00    0.1637529189E+00    0.1864625082E+00    0.2105993755E+00    0.2357612190E+00    0.2612935744E+00    0.2865297884E+00    0.3110162631E+00    0.3345012205E+00    0.3568339955E+00    0.3779465972E+00
        0.1220714697    0.2861276533E-01    0.4630308584E-01    0.6885645707E-01    0.9663227342E-01    0.1296446943E+00    0.1674580197E+00    0.1988562265E+00    0.2253213488E+00    0.2536702650E+00    0.2834066934E+00    0.3136986879E+00    0.3437018169E+00    0.3728476602E+00    0.4008240486E+00    0.4274443121E+00    0.4526237071E+00
        0.1336547051    0.3400114678E-01    0.5515376706E-01    0.8229517079E-01    0.1158475221E+00    0.1557168470E+00    0.2012678639E+00    0.2381227180E+00    0.2685859533E+00    0.3015358358E+00    0.3363536041E+00    0.3719894560E+00    0.4073829990E+00    0.4418257714E+00    0.4749307278E+00    0.5064654754E+00    0.5363225573E+00
        0.1463370617    0.3797349635E-01    0.6191920606E-01    0.9299596278E-01    0.1317047853E+00    0.1778641869E+00    0.2307065460E+00    0.2726123202E+00    0.3067799236E+00    0.3442541692E+00    0.3842800095E+00    0.4255602782E+00    0.4667813586E+00    0.5070606109E+00    0.5459079339E+00    0.5830213437E+00    0.6182514133E+00
        0.1602228341    0.4091560034E-01    0.6726192353E-01    0.1019724655E+00    0.1456415585E+00    0.1980548136E+00    0.2584012575E+00    0.3056290800E+00    0.3438438770E+00    0.3864058890E+00    0.4324049439E+00    0.4802571361E+00    0.5283468657E+00    0.5755748991E+00    0.6213155446E+00    0.6651713839E+00    0.7069317610E+00
        0.1754262130    0.4624884939E-01    0.7652774957E-01    0.1167782744E+00    0.1676063904E+00    0.2287345202E+00    0.2992909437E+00    0.3537155885E+00    0.3973096284E+00    0.4464436498E+00    0.5000073990E+00    0.5560635167E+00    0.6126317396E+00    0.6683602938E+00    0.7224735169E+00    0.7744724626E+00    0.8240851046E+00
        0.1920722248    0.5466079000E-01    0.9075469356E-01    0.1387899397E+00    0.1992889824E+00    0.2718777712E+00    0.3555827444E+00    0.4189818105E+00    0.4690051071E+00    0.5259386034E+00    0.5884337254E+00    0.6541326425E+00    0.7206263355E+00    0.7862755478E+00    0.8501417930E+00    0.9116183439E+00    0.9703701753E+00
        0.2102977595    0.6109487361E-01    0.1021946592E+00    0.1572660470E+00    0.2269171895E+00    0.3108707489E+00    0.4081683214E+00    0.4811883637E+00    0.5383946936E+00    0.6042265426E+00    0.6770922271E+00    0.7541575538E+00    0.8325040928E+00    0.9101317056E+00    0.9858815453E+00    0.1058992876E+01    0.1129032981E+01
        0.2302526962    0.6619904065E-01    0.1119431317E+00    0.1739274646E+00    0.2530642369E+00    0.3493407083E+00    0.4618837033E+00    0.5461715213E+00    0.6121249255E+00    0.6887793147E+00    0.7742803384E+00    0.8652373393E+00    0.9581199663E+00    0.1050483082E+01    0.1140888522E+01    0.1228377872E+01    0.1312391041E+01
        0.2521011363    0.7579240576E-01    0.1287893998E+00    0.2007631322E+00    0.2928875836E+00    0.4053320110E+00    0.5372151686E+00    0.6350431260E+00    0.7109392515E+00    0.7999935653E+00    0.9000555130E+00    0.1007080351E+01    0.1116820483E+01    0.1226318244E+01    0.1333818938E+01    0.1438138152E+01    0.1538567945E+01
        0.2760227522    0.8476440979E-01    0.1450726768E+00    0.2275160518E+00    0.3337536003E+00    0.4642686163E+00    0.6182312904E+00    0.7319424853E+00    0.8198286752E+00    0.9238701579E+00    0.1041592616E+01    0.1168182047E+01    0.1298529272E+01    0.1429047991E+01    0.1557585793E+01    0.1682670549E+01    0.1803402926E+01
        0.3022142655    0.9297584508E-01    0.1607570782E+00    0.2544663700E+00    0.3764911084E+00    0.5277630639E+00    0.7075465427E+00    0.8403648130E+00    0.9430348212E+00    0.1065458466E+01    0.1204803557E+01    0.1355350516E+01    0.1510961216E+01    0.1667290241E+01    0.1821699670E+01    0.1972364088E+01    0.2118147441E+01
        0.3308910644    0.1046549444E+00    0.1820370234E+00    0.2897475998E+00    0.4309395618E+00    0.6070267566E+00    0.8174078584E+00    0.9723986032E+00    0.1092023659E+01    0.1235886847E+01    0.1400740808E+01    0.1579781944E+01    0.1765633952E+01    0.1953030420E+01    0.2138734862E+01    0.2320478639E+01    0.2496821879E+01
        0.3622889751    0.1148760089E+00    0.2020332339E+00    0.3249227121E+00    0.4877864597E+00    0.6927106116E+00    0.9392741722E+00    0.1121355487E+01    0.1262276862E+01    0.1432790992E+01    0.1629190118E+01    0.1843395975E+01    0.2066560256E+01    0.2292312886E+01    0.2516694894E+01    0.2736900318E+01    0.2951119264E+01
        0.3966662010    0.1277916828E+00    0.2266979889E+00    0.3676089263E+00    0.5560394402E+00    0.7949231562E+00    0.1084147519E+01    0.1298149294E+01    0.1464363434E+01    0.1666846352E+01    0.1901329283E+01    0.2158190754E+01    0.2426800750E+01    0.2699443244E+01    0.2971266925E+01    0.3238795781E+01    0.3499753209E+01
        0.4343054463    0.1406329375E+00    0.2524572981E+00    0.4139089034E+00    0.6321378420E+00    0.9111488797E+00    0.1251201848E+01    0.1503941903E+01    0.1701404167E+01    0.1943217441E+01    0.2224467886E+01    0.2533702361E+01    0.2858166260E+01    0.3188528790E+01    0.3518859777E+01    0.3844867806E+01    0.4163704828E+01
        0.4755162407    0.1553075583E+00    0.2820482514E+00    0.4674075761E+00    0.7205693012E+00    0.1046922918E+01    0.1447267735E+01    0.1746477701E+01    0.1982030885E+01    0.2271890786E+01    0.2610346354E+01    0.2983730959E+01    0.3376732791E+01    0.3778069386E+01    0.4180497455E+01    0.4578728156E+01    0.4969211600E+01
        0.5206374847    0.1710739629E+00    0.3147844178E+00    0.5278964786E+00    0.8221396146E+00    0.1204637960E+01    0.1676869920E+01    0.2032287550E+01    0.2314690175E+01    0.2663556314E+01    0.3072202406E+01    0.3524301524E+01    0.4001480907E+01    0.4490115190E+01    0.4981377404E+01    0.5468771137E+01    0.5947895732E+01
        0.5700402368    0.1882779689E+00    0.3514244561E+00    0.5968783156E+00    0.9395403260E+00    0.1388698315E+01    0.1946679724E+01    0.2370088544E+01    0.2710111736E+01    0.3131435212E+01    0.3626163731E+01    0.4174763605E+01    0.4755201904E+01    0.5351049679E+01    0.5951581182E+01    0.6548849210E+01    0.7137433240E+01
        0.6241307649    0.2071960238E+00    0.3926773742E+00    0.6759161734E+00    0.1075757963E+01    0.1604171986E+01    0.2264519178E+01    0.2770228628E+01    0.3181136347E+01    0.3691394970E+01    0.4291578413E+01    0.4958284817E+01    0.5665117432E+01    0.6392310460E+01    0.7126881266E+01    0.7859157855E+01    0.8582514854E+01
        0.6833538873    0.2279054336E+00    0.4391089839E+00    0.7666138575E+00    0.1234133714E+01    0.1856906700E+01    0.2639497617E+01    0.3244818969E+01    0.3742840976E+01    0.4362062139E+01    0.5091107971E+01    0.5901916997E+01    0.6762914474E+01    0.7650392338E+01    0.8548715325E+01    0.9446187425E+01    0.1033478521E+02
        0.7481966305    0.2506522770E+00    0.4915476053E+00    0.8710058735E+00    0.1418716778E+01    0.2153853990E+01    0.3082321551E+01    0.3808035895E+01    0.4412846162E+01    0.5165133036E+01    0.6051027960E+01    0.7036871273E+01    0.8084983179E+01    0.9167041497E+01    0.1026433630E+02    0.1136283348E+02    0.1245292268E+02
        0.8191922345    0.2756537578E+00    0.5508828445E+00    0.9914057162E+00    0.1634193039E+01    0.2503076530E+01    0.3605350013E+01    0.4476202531E+01    0.5211402654E+01    0.6125428358E+01    0.7201215645E+01    0.8398411098E+01    0.9672197810E+01    0.1098891633E+02    0.1232635367E+02    0.1366782529E+02    0.1500196744E+02
        0.8969245379    0.3030607547E+00    0.6180496032E+00    0.1130407390E+01    0.1885888367E+01    0.2913726413E+01    0.4222504648E+01    0.5267631638E+01    0.6161166077E+01    0.7270554919E+01    0.8574654739E+01    0.1002516670E+02    0.1156902245E+02    0.1316647842E+02    0.1479141414E+02    0.1642420703E+02    0.1805162007E+02
        0.9820327791    0.3330663774E+00    0.6941089707E+00    0.1290940214E+01    0.2179806939E+01    0.3396049203E+01    0.4949184445E+01    0.6202441777E+01    0.7286903211E+01    0.8630444095E+01    0.1020675480E+02    0.1195820092E+02    0.1382230782E+02    0.1575251890E+02    0.1771846665E+02    0.1969735614E+02    0.2167403188E+02
        1.0752168532    0.3657762719E+00    0.7801055598E+00    0.1476110446E+01    0.2522418238E+01    0.3961034682E+01    0.5801670460E+01    0.7301743073E+01    0.8614475325E+01    0.1023605776E+02    0.1213372085E+02    0.1423901042E+02    0.1647891810E+02    0.1879942137E+02    0.2116568176E+02    0.2355158188E+02    0.2594010678E+02
        1.1772430677    0.4011900507E+00    0.8770169970E+00    0.1689101531E+01    0.2920456372E+01    0.4620016142E+01    0.6796397600E+01    0.8586626158E+01    0.1016957482E+02    0.1211779880E+02    0.1439058981E+02    0.1690717363E+02    0.1958300367E+02    0.2235608617E+02    0.2518705911E+02    0.2804644470E+02    0.3091555640E+02
        1.2889504441    0.4391326458E+00    0.9856335070E+00    0.1932956778E+01    0.3380511360E+01    0.5383927082E+01    0.7948716760E+01    0.1007653833E+02    0.1197579707E+02    0.1430321392E+02    0.1700853728E+02    0.1999727437E+02    0.2317258268E+02    0.2646421877E+02    0.2982846865E+02    0.3323258510E+02    0.3665653963E+02
        1.4112576178    0.4792073884E+00    0.1106412196E+01    0.2210280071E+01    0.3908445952E+01    0.6262256736E+01    0.9271214554E+01    0.1178715895E+02    0.1405222007E+02    0.1681424293E+02    0.2001180815E+02    0.2353556681E+02    0.2727601395E+02    0.3115468148E+02    0.3512393699E+02    0.3914798008E+02    0.4320590395E+02
        1.5451703927    0.5207520210E+00    0.1239348763E+01    0.2522941528E+01    0.4508771054E+01    0.7261904721E+01    0.1077189361E+02    0.1372817519E+02    0.1641098793E+02    0.1966462964E+02    0.2341502431E+02    0.2753727989E+02    0.3190940213E+02    0.3644508255E+02    0.4109347364E+02    0.4581603115E+02    0.5059153249E+02
        1.6917900122    0.5628286666E+00    0.1383951543E+01    0.2871913315E+01    0.5184178580E+01    0.8386247066E+01    0.1245268908E+02    0.1590156620E+02    0.1905561088E+02    0.2285833332E+02    0.2722184424E+02    0.3200566848E+02    0.3707615766E+02    0.4233991993E+02    0.4774382821E+02    0.5324693248E+02    0.5882829260E+02
        1.8523222157    0.6043062281E+00    0.1539301548E+01    0.3257211164E+01    0.5935217657E+01    0.9634438947E+01    0.1430842334E+02    0.1830057568E+02    0.2198023172E+02    0.2638925669E+02    0.3142533915E+02    0.3693319431E+02    0.4276907799E+02    0.4883359670E+02    0.5507242011E+02    0.6144247222E+02    0.6792364649E+02
        2.0280871538    0.6441190574E+00    0.1704469139E+01    0.3678449824E+01    0.6760941272E+01    0.1100219983E+02    0.1632794574E+02    0.2091137529E+02    0.2517193204E+02    0.3024444597E+02    0.3601231664E+02    0.4230711392E+02    0.4897723005E+02    0.5591855062E+02    0.6307661786E+02    0.7040636365E+02    0.7788894097E+02
        2.2205302450    0.6816503697E+00    0.1879226764E+01    0.4135954853E+01    0.7660492637E+01    0.1248409934E+02    0.1849751865E+02    0.2371741961E+02    0.2861593889E+02    0.3441043920E+02    0.4097102536E+02    0.4811860462E+02    0.5569641535E+02    0.6359690654E+02    0.7176640459E+02    0.8015778982E+02    0.8875373788E+02
        2.4312340620    0.7342379834E+00    0.2101163851E+01    0.4697027015E+01    0.8737627153E+01    0.1422435487E+02    0.2100443186E+02    0.2692387571E+02    0.3251952136E+02    0.3910239061E+02    0.4653095769E+02    0.5461664852E+02    0.6319831147E+02    0.7216477825E+02    0.8146326325E+02    0.9104410548E+02    0.1008915722E+03
        2.6619313461    0.7396448276E+00    0.2238280209E+01    0.5124684666E+01    0.9614624918E+01    0.1567260568E+02    0.2310074284E+02    0.2971115795E+02    0.3607589103E+02    0.4350648803E+02    0.5185281146E+02    0.6092514085E+02    0.7056627975E+02    0.8066560540E+02    0.9117297058E+02    0.1020367388E+03    0.1132431322E+03
        2.9145192568    0.7317565038E+00    0.2358709691E+01    0.5536468644E+01    0.1047122486E+02    0.1708169784E+02    0.2512230580E+02    0.3246236423E+02    0.3969013586E+02    0.4805788150E+02    0.5741042109E+02    0.6756257685E+02    0.7836594426E+02    0.8971247196E+02    0.1015555357E+03    0.1138419506E+03    0.1265603890E+03
        3.1910749729    0.7228567428E+00    0.2488031575E+01    0.5976045252E+01    0.1137179825E+02    0.1853914475E+02    0.2718314576E+02    0.3531459201E+02    0.4351824750E+02    0.5293372106E+02    0.6340503810E+02    0.7475630064E+02    0.8685142986E+02    0.9958649399E+02    0.1129193359E+03    0.1267960320E+03    0.1412085547E+03
        3.4938727747    0.7399064377E+00    0.2689988908E+01    0.6559896695E+01    0.1249787774E+02    0.2030204922E+02    0.2962532270E+02    0.3863900389E+02    0.4792423160E+02    0.5850373332E+02    0.7022411005E+02    0.8291897150E+02    0.9646392748E+02    0.1107589483E+03    0.1257669993E+03    0.1414342426E+03    0.1577570040E+03
        3.8254027466    0.8176485334E+00    0.3053105673E+01    0.7452850893E+01    0.1410768627E+02    0.2273600986E+02    0.3293317920E+02    0.4292658880E+02    0.5334330833E+02    0.6517615008E+02    0.7827153289E+02    0.9246367906E+02    0.1076325905E+03    0.1236790655E+03    0.1405710549E+03    0.1582550430E+03    0.1767326049E+03
        4.1883912545    0.9798824077E+00    0.3639605115E+01    0.8766957100E+01    0.1636993329E+02    0.2607202842E+02    0.3740455276E+02    0.4845210985E+02    0.5998866277E+02    0.7313113508E+02    0.8771273146E+02    0.1035516020E+03    0.1205208753E+03    0.1385174832E+03    0.1575135640E+03    0.1774553872E+03    0.1983503219E+03
        4.5858233661    0.1196629428E+01    0.4375770487E+01    0.1035615538E+02    0.1904093941E+02    0.2995028989E+02    0.4255017865E+02    0.5470290394E+02    0.6739512041E+02    0.8193128996E+02    0.9811778457E+02    0.1157487854E+03    0.1346879885E+03    0.1548279324E+03    0.1761453853E+03    0.1985862258E+03    0.2221642196E+03
        5.0209673996    0.1382701834E+01    0.5054907041E+01    0.1183452399E+02    0.2151033936E+02    0.3350361913E+02    0.4722286417E+02    0.6052369109E+02    0.7455140112E+02    0.9064367368E+02    0.1085796047E+03    0.1281451232E+03    0.1492099340E+03    0.1716699515E+03    0.1955098346E+03    0.2206765743E+03    0.2471914982E+03
        5.4974018001    0.1561474965E+01    0.5730643175E+01    0.1329898588E+02    0.2393201604E+02    0.3695444847E+02    0.5172142617E+02    0.6623183210E+02    0.8175837660E+02    0.9956146962E+02    0.1193957188E+03    0.1410538074E+03    0.1644220534E+03    0.1894036712E+03    0.2159925000E+03    0.2441377585E+03    0.2738695275E+03
        6.0190445678    0.1813993351E+01    0.6593959299E+01    0.1509339795E+02    0.2683791400E+02    0.4104856505E+02    0.5702264383E+02    0.7279247989E+02    0.8984702634E+02    0.1094417878E+03    0.1313006200E+03    0.1552191301E+03    0.1810929188E+03    0.2088269021E+03    0.2384214072E+03    0.2698284119E+03    0.3030886978E+03
        6.5901854779    0.2088470675E+01    0.7517159296E+01    0.1698155728E+02    0.2985910378E+02    0.4526581601E+02    0.6244125511E+02    0.7952619333E+02    0.9823074052E+02    0.1197477319E+03    0.1437801776E+03    0.1701325585E+03    0.1987092801E+03    0.2294162493E+03    0.2622611387E+03    0.2972036502E+03    0.3343001301E+03
        7.2155213579    0.2386182997E+01    0.8500120899E+01    0.1896165966E+02    0.3299262242E+02    0.4960153675E+02    0.6796995116E+02    0.8642736130E+02    0.1069029364E+03    0.1304738669E+03    0.1568345137E+03    0.1857985010E+03    0.2172760975E+03    0.2511763753E+03    0.2875205420E+03    0.3262835552E+03    0.3675419583E+03
        7.9001947124    0.2734907840E+01    0.9605296243E+01    0.2114348651E+02    0.3640477215E+02    0.5428402420E+02    0.7390243553E+02    0.9377112711E+02    0.1160783256E+03    0.1418055832E+03    0.1706378065E+03    0.2023847806E+03    0.2369571665E+03    0.2742749241E+03    0.3143818028E+03    0.3572707222E+03    0.4030387075E+03
        8.6498360130    0.3110195636E+01    0.1077216144E+02    0.2341775551E+02    0.3992739274E+02    0.5907825307E+02    0.7993142385E+02    0.1012594757E+03    0.1255010647E+03    0.1535138319E+03    0.1849680028E+03    0.2196624620E+03    0.2575197423E+03    0.2984846100E+03    0.3426260005E+03    0.3899514076E+03    0.4405775174E+03
        9.4706100008    0.3515717908E+01    0.1200734212E+02    0.2579546888E+02    0.4357593030E+02    0.6400371701E+02    0.8608056118E+02    0.1089080414E+03    0.1351713604E+03    0.1655906258E+03    0.1998032661E+03    0.2376014566E+03    0.2789404488E+03    0.3237904678E+03    0.3722375681E+03    0.4243037442E+03    0.4801309855E+03
       10.3692663829    0.3950151190E+01    0.1330615882E+02    0.2826734266E+02    0.4733455453E+02    0.6903662855E+02    0.9231780168E+02    0.1166774888E+03    0.1450436238E+03    0.1779803559E+03    0.2150734355E+03    0.2561334872E+03    0.3011545745E+03    0.3501186828E+03    0.4031266810E+03    0.4602290723E+03    0.5216048520E+03
       11.3531953391    0.4411593940E+01    0.1466290157E+02    0.3082191006E+02    0.5118377439E+02    0.7414823977E+02    0.9860520807E+02    0.1245213220E+03    0.1550644864E+03    0.1906121106E+03    0.2307005865E+03    0.2751832641E+03    0.3240712333E+03    0.3773569751E+03    0.4351753377E+03    0.4976178295E+03    0.5648997647E+03
       12.4304882957    0.4893609234E+01    0.1606164078E+02    0.3342952546E+02    0.5507672571E+02    0.7927280419E+02    0.1048581867E+03    0.1323506898E+03    0.1651444784E+03    0.2033820598E+03    0.2465840155E+03    0.2946351633E+03    0.3475492359E+03    0.4053585941E+03    0.4682436634E+03    0.5363253482E+03    0.6098539008E+03
       13.6100044661    0.5393892152E+01    0.1749580943E+02    0.3607624627E+02    0.5898979979E+02    0.8437653507E+02    0.1110337458E+03    0.1401148341E+03    0.1752169436E+03    0.2162123400E+03    0.2626367795E+03    0.3143707027E+03    0.3714646835E+03    0.4340010338E+03    0.5021869708E+03    0.5761789197E+03    0.6562794197E+03
       14.9014437053    0.5908906619E+01    0.1895565023E+02    0.3874197324E+02    0.6289004752E+02    0.8941327318E+02    0.1170737675E+03    0.1477501240E+03    0.1852000860E+03    0.2290192011E+03    0.2787452851E+03    0.3342626683E+03    0.3956868133E+03    0.4631230018E+03    0.5368156836E+03    0.6169848234E+03    0.7039821005E+03
       16.3154262774    0.6435774845E+01    0.2043234387E+02    0.4140768616E+02    0.6674612916E+02    0.9433949477E+02    0.1229242390E+03    0.1551970233E+03    0.1950164159E+03    0.2417136413E+03    0.2947911051E+03    0.3541922938E+03    0.4200587512E+03    0.4925413939E+03    0.5719469218E+03    0.6585363238E+03    0.7527211511E+03
       17.8635801925    0.6972130324E+01    0.2191757560E+02    0.4405489521E+02    0.7052775493E+02    0.9911372350E+02    0.1285346405E+03    0.1623981694E+03    0.2045971947E+03    0.2541948020E+03    0.3106693330E+03    0.3740179415E+03    0.4444183661E+03    0.5220854990E+03    0.6073688426E+03    0.7005932296E+03    0.8022373887E+03
       19.5586368304    0.7515899189E+01    0.2340306166E+02    0.4666515669E+02    0.7420534586E+02    0.1036963888E+03    0.1338579973E+03    0.1692968717E+03    0.2138764896E+03    0.2663669328E+03    0.3262673627E+03    0.3935959667E+03    0.4686061071E+03    0.5515563057E+03    0.6428578637E+03    0.7429104949E+03    0.8522556718E+03
       21.4145356385    0.8064614011E+01    0.2487915373E+02    0.4921810483E+02    0.7774759068E+02    0.1080470240E+03    0.1388472272E+03    0.1758354702E+03    0.2227781017E+03    0.2781471705E+03    0.3414577170E+03    0.4127925107E+03    0.4924449521E+03    0.5807510787E+03    0.6781881804E+03    0.7852141738E+03    0.9024688308E+03
       23.4465387640    0.8614875208E+01    0.2633387705E+02    0.5169023327E+02    0.8112009457E+02    0.1121225660E+03    0.1434539618E+03    0.1819562867E+03    0.2312229570E+03    0.2894362589E+03    0.3561313909E+03    0.4314482743E+03    0.5157638272E+03    0.6094638406E+03    0.7131004834E+03    0.8272370692E+03    0.9525551573E+03
       25.6713565631    0.9163099170E+01    0.2775484733E+02    0.5405842642E+02    0.8429062598E+02    0.1158845961E+03    0.1476376047E+03    0.1876118967E+03    0.2391472842E+03    0.3001383251E+03    0.3701626299E+03    0.4494331877E+03    0.5383700622E+03    0.6374847211E+03    0.7473629036E+03    0.8686552070E+03    0.1002204598E+04
       28.1072850208    0.9704694691E+01    0.2912774335E+02    0.5629754033E+02    0.8722559859E+02    0.1192951164E+03    0.1513571761E+03    0.1927586462E+03    0.2464825755E+03    0.3101696142E+03    0.3834341335E+03    0.4665757477E+03    0.5601129084E+03    0.6645611907E+03    0.7807170895E+03    0.9092106236E+03    0.1050993435E+04
       30.7743562090    0.1023403318E+02    0.3043651660E+02    0.5838082424E+02    0.8989086413E+02    0.1223152697E+03    0.1545750372E+03    0.1973409538E+03    0.2531576364E+03    0.3194150541E+03    0.3958375048E+03    0.4827307014E+03    0.5807644149E+03    0.6905468078E+03    0.8128203773E+03    0.9485952736E+03    0.1098656517E+04
       33.6945030221    0.1074475801E+02    0.3166430449E+02    0.6028142625E+02    0.9225267284E+02    0.1249087471E+03    0.1572544554E+03    0.2013085209E+03    0.2590947727E+03    0.3278123338E+03    0.4071997708E+03    0.4977927035E+03    0.6001214867E+03    0.7151332015E+03    0.8435641980E+03    0.9863189686E+03    0.1144832075E+04
       36.8917395444    0.1123024638E+02    0.3279459474E+02    0.6197392737E+02    0.9428034895E+02    0.1270447245E+03    0.1593610135E+03    0.2046253104E+03    0.2642266502E+03    0.3352473380E+03    0.4174708348E+03    0.5114803689E+03    0.6181431563E+03    0.7380239008E+03    0.8725365514E+03    0.1022375403E+04    0.1188810155E+04
       40.3923585315    0.1168404911E+02    0.3381229177E+02    0.6343636931E+02    0.9594965481E+02    0.1286939086E+03    0.1608838272E+03    0.2072300131E+03    0.2685373910E+03    0.3415907615E+03    0.4265409210E+03    0.5237692917E+03    0.6343790188E+03    0.7593209976E+03    0.8992991262E+03    0.1056210761E+04    0.1230775961E+04
       44.2251476316    0.1210017563E+02    0.3470446018E+02    0.6465150224E+02    0.9723990284E+02    0.1298463460E+03    0.1617919555E+03    0.2091345117E+03    0.2718891772E+03    0.3469285372E+03    0.4341258616E+03    0.5346216122E+03    0.6488219065E+03    0.7783342885E+03    0.9241936987E+03    0.1087203529E+04    0.1269955297E+04
       48.4216261230    0.1247322058E+02    0.3546026839E+02    0.6560540275E+02    0.9814175908E+02    0.1304920303E+03    0.1620826458E+03    0.2103145300E+03    0.2743096377E+03    0.3510203578E+03    0.4404970021E+03    0.5434849455E+03    0.6615993128E+03    0.7950709926E+03    0.9461947985E+03    0.1116042501E+04    0.1305539438E+04
       53.0163041156    0.1279846149E+02    0.3607109440E+02    0.6629034526E+02    0.9865121266E+02    0.1306116968E+03    0.1618171467E+03    0.2106670905E+03    0.2758849822E+03    0.3538232620E+03    0.4453394476E+03    0.5508829213E+03    0.6717729695E+03    0.8098999960E+03    0.9653677514E+03    0.1141213370E+04    0.1338694864E+04
       58.0469663481    0.1307193626E+02    0.3653099732E+02    0.6670126418E+02    0.9875497503E+02    0.1302601154E+03    0.1608989995E+03    0.2104048666E+03    0.2762710586E+03    0.3556987792E+03    0.4483917463E+03    0.5564702882E+03    0.6801916310E+03    0.8213779791E+03    0.9823739361E+03    0.1162948114E+04    0.1367179526E+04
       63.5549829136    0.1329048473E+02    0.3683545480E+02    0.6683340247E+02    0.9848294667E+02    0.1294060243E+03    0.1594267906E+03    0.2093642867E+03    0.2758690524E+03    0.3559659262E+03    0.4504534140E+03    0.5596407487E+03    0.6864719777E+03    0.8308050045E+03    0.9950929084E+03    0.1182239187E+04    0.1391615656E+04
       69.5856494710    0.1345198374E+02    0.3698376280E+02    0.6670068899E+02    0.9783355311E+02    0.1280356570E+03    0.1575201384E+03    0.2074686694E+03    0.2746016907E+03    0.3551462831E+03    0.4504614849E+03    0.5617743260E+03    0.6895824157E+03    0.8376922571E+03    0.1005510367E+04    0.1196062498E+04    0.1413220070E+04
       76.1885597370    0.1355511933E+02    0.3697769113E+02    0.6629958847E+02    0.9678217206E+02    0.1263336299E+03    0.1548881230E+03    0.2052318695E+03    0.2719775066E+03    0.3534398687E+03    0.4489670699E+03    0.5613230040E+03    0.6916745000E+03    0.8405175536E+03    0.1012810625E+04    0.1207467418E+04    0.1427955879E+04
       83.4180133251    0.1359940511E+02    0.3681614007E+02    0.6563234577E+02    0.9545434268E+02    0.1241064416E+03    0.1519723030E+03    0.2020136290E+03    0.2690621925E+03    0.3498020004E+03    0.4466037900E+03    0.5588667770E+03    0.6904763292E+03    0.8424310495E+03    0.1015103638E+04    0.1214857853E+04    0.1440332621E+04
       91.3334622825    0.1358589368E+02    0.3651214861E+02    0.6475759447E+02    0.9376585759E+02    0.1214852196E+03    0.1486657155E+03    0.1982508629E+03    0.2649446537E+03    0.3458687714E+03    0.4416482446E+03    0.5556369812E+03    0.6867810113E+03    0.8400824440E+03    0.1016646066E+04    0.1216340957E+04    0.1447331709E+04
      100.0000000000    0.1351510760E+02    0.3606978474E+02    0.6362585713E+02    0.9172911409E+02    0.1187226324E+03    0.1446191374E+03    0.1943099428E+03    0.2598140455E+03    0.3405040222E+03    0.4363800861E+03    0.5489886965E+03    0.6823818815E+03    0.8348772784E+03    0.1012620092E+04    0.1217240325E+04    0.1447712268E+04
