               #####        0.2000000000        0.2533333333        0.3066666667        0.3600000000        0.4133333333        0.4666666667        0.5200000000        0.5733333333        0.6266666667        0.6800000000        0.7333333333        0.7866666667        0.8400000000        0.8933333333        0.9466666667        1.0000000000
        0.0010000000    0.1040592291E-07    0.1655977871E-07    0.2397211628E-07    0.3248621786E-07    0.4190676488E-07    0.5201146877E-07    0.6256735121E-07    0.7334742223E-07    0.8414546190E-07    0.9478581931E-07    0.1051287587E-06    0.1150702991E-06    0.1245395236E-06    0.1334940624E-06    0.1419142738E-06    0.1497979443E-06
        0.0010948890    0.1456292997E-07    0.2317515707E-07    0.3354861023E-07    0.4546396541E-07    0.5864787729E-07    0.7278925634E-07    0.8756205296E-07    0.1026485981E-06    0.1177602902E-06    0.1326513084E-06    0.1471260946E-06    0.1610391290E-06    0.1742911645E-06    0.1868229050E-06    0.1986068626E-06    0.2096399393E-06
        0.0011987818    0.2033834067E-07    0.3236603081E-07    0.4685341945E-07    0.6349420251E-07    0.8190663058E-07    0.1016562412E-06    0.1222876790E-06    0.1433572928E-06    0.1644620264E-06    0.1852585707E-06    0.2054738124E-06    0.2249045210E-06    0.2434120896E-06    0.2609137065E-06    0.2773709823E-06    0.2927795903E-06
        0.0013125330    0.2835442364E-07    0.4512266585E-07    0.6532006376E-07    0.8851958789E-07    0.1141890275E-06    0.1417226823E-06    0.1704857249E-06    0.1998596449E-06    0.2292825268E-06    0.2582757506E-06    0.2864585592E-06    0.3135476216E-06    0.3393497006E-06    0.3637493452E-06    0.3866930357E-06    0.4081747399E-06
        0.0014370779    0.3947442469E-07    0.6281881444E-07    0.9093720199E-07    0.1232350864E-06    0.1589715352E-06    0.1973033051E-06    0.2373466030E-06    0.2782403516E-06    0.3192022640E-06    0.3595660157E-06    0.3988015245E-06    0.4365143428E-06    0.4724354500E-06    0.5064041176E-06    0.5383458365E-06    0.5682522090E-06
        0.0015734408    0.5489073138E-07    0.8735201846E-07    0.1264517366E-06    0.1713632097E-06    0.2210561422E-06    0.2743579709E-06    0.3300397469E-06    0.3869041082E-06    0.4438632542E-06    0.4999906343E-06    0.5545491485E-06    0.6069903014E-06    0.6569400095E-06    0.7041747733E-06    0.7485909852E-06    0.7901769676E-06
        0.0017227429    0.7625771654E-07    0.1213550140E-06    0.1756748455E-06    0.2380687405E-06    0.3071053468E-06    0.3811556637E-06    0.4585123567E-06    0.5375119736E-06    0.6166432719E-06    0.6946190276E-06    0.7704152139E-06    0.8432698257E-06    0.9126631621E-06    0.9782847231E-06    0.1039990570E-05    0.1097764481E-05
        0.0018862122    0.1058576976E-06    0.1684598357E-06    0.2438643018E-06    0.3304768402E-06    0.4263105092E-06    0.5291039982E-06    0.6364872586E-06    0.7461511568E-06    0.8559978497E-06    0.9642404677E-06    0.1069457500E-05    0.1170591163E-05    0.1266920030E-05    0.1358013078E-05    0.1443670498E-05    0.1523869770E-05
        0.0020651929    0.1468351458E-06    0.2336705328E-06    0.3382640229E-06    0.4584042275E-06    0.5913350617E-06    0.7339198604E-06    0.8828711309E-06    0.1034985874E-05    0.1187354172E-05    0.1337497458E-05    0.1483443955E-05    0.1623726410E-05    0.1757344133E-05    0.1883699251E-05    0.2002514610E-05    0.2113758971E-05
        0.0022611570    0.2035219953E-06    0.3238808594E-06    0.4688534834E-06    0.6353747593E-06    0.8196245949E-06    0.1017255387E-05    0.1223710482E-05    0.1434550334E-05    0.1645741629E-05    0.1853848927E-05    0.2056139228E-05    0.2250578837E-05    0.2435780736E-05    0.2610916240E-05    0.2775601196E-05    0.2929792308E-05
        0.0024757158    0.2818737456E-06    0.4485682795E-06    0.6493523656E-06    0.8799809001E-06    0.1135163136E-05    0.1408877725E-05    0.1694813797E-05    0.1986822670E-05    0.2279318284E-05    0.2567542623E-05    0.2847710537E-05    0.3117005395E-05    0.3373506207E-05    0.3616065261E-05    0.3844150513E-05    0.4057701998E-05
        0.0027106339    0.3900599729E-06    0.6207336948E-06    0.8985809198E-06    0.1217727238E-05    0.1570851258E-05    0.1949620562E-05    0.2345302097E-05    0.2749387245E-05    0.3154145948E-05    0.3552994008E-05    0.3940693486E-05    0.4313346697E-05    0.4668295349E-05    0.5003951226E-05    0.5319578079E-05    0.5615092931E-05
        0.0029678432    0.5392677338E-06    0.8581799659E-06    0.1242310766E-05    0.1683538635E-05    0.2171741565E-05    0.2695399761E-05    0.3242439556E-05    0.3801097564E-05    0.4360686772E-05    0.4912104354E-05    0.5448108720E-05    0.5963311214E-05    0.6454036679E-05    0.6918089364E-05    0.7354451390E-05    0.7763008041E-05
        0.0032494587    0.7447519991E-06    0.1185183552E-05    0.1715684780E-05    0.2325039573E-05    0.2999269004E-05    0.3722463711E-05    0.4477949436E-05    0.5249480416E-05    0.6022297412E-05    0.6783829012E-05    0.7524074256E-05    0.8235591166E-05    0.8913304189E-05    0.9554180896E-05    0.1015681556E-04    0.1072104974E-04
        0.0035577965    0.1027308276E-05    0.1634838013E-05    0.2366609573E-05    0.3207151541E-05    0.4137181443E-05    0.5134753907E-05    0.6176868516E-05    0.7241115891E-05    0.8307137164E-05    0.9357591348E-05    0.1037868313E-04    0.1136014706E-04    0.1229498193E-04    0.1317900481E-04    0.1401027666E-04    0.1478857894E-04
        0.0038953921    0.1415104708E-05    0.2251969574E-05    0.3259976098E-05    0.4417812669E-05    0.5698917919E-05    0.7073062280E-05    0.8508562944E-05    0.9974551211E-05    0.1144298294E-04    0.1288997109E-04    0.1429651274E-04    0.1564846734E-04    0.1693619080E-04    0.1815392119E-04    0.1929898749E-04    0.2037108872E-04
        0.0042650218    0.1946501574E-05    0.3097624030E-05    0.4484154943E-05    0.6076779942E-05    0.7838963403E-05    0.9729123875E-05    0.1170368107E-04    0.1372017446E-04    0.1574002875E-04    0.1773038681E-04    0.1966510975E-04    0.2152474693E-04    0.2329603271E-04    0.2497104147E-04    0.2654609921E-04    0.2802079194E-04
        0.0046697254    0.2672837296E-05    0.4253500332E-05    0.6157414452E-05    0.8344326846E-05    0.1076406865E-04    0.1335954209E-04    0.1607090488E-04    0.1883985221E-04    0.2161341430E-04    0.2434647329E-04    0.2700313648E-04    0.2955669515E-04    0.3198893360E-04    0.3428896877E-04    0.3645175576E-04    0.3847672616E-04
        0.0051128308    0.3662966214E-05    0.5829171921E-05    0.8438374406E-05    0.1143540988E-04    0.1475152487E-04    0.1830846982E-04    0.2202423432E-04    0.2581891478E-04    0.2961991901E-04    0.3336541543E-04    0.3700621500E-04    0.4050571494E-04    0.4383895164E-04    0.4699101056E-04    0.4995497802E-04    0.5273007517E-04
        0.0055979820    0.5009306920E-05    0.7971711927E-05    0.1153993958E-04    0.1563855089E-04    0.2017352169E-04    0.2503784075E-04    0.3011935417E-04    0.3530878895E-04    0.4050687087E-04    0.4562904150E-04    0.5060803189E-04    0.5539378552E-04    0.5995216327E-04    0.6426276876E-04    0.6831614732E-04    0.7211123401E-04
        0.0061291687    0.6834421295E-05    0.1087616291E-04    0.1574445589E-04    0.2133637622E-04    0.2752364250E-04    0.3416025337E-04    0.4109319191E-04    0.4817337127E-04    0.5526534651E-04    0.6225375019E-04    0.6904680378E-04    0.7557621269E-04    0.8179539933E-04    0.8767653618E-04    0.9320672409E-04    0.9838451050E-04
        0.0067107592    0.9300184106E-05    0.1480012919E-04    0.2142483440E-04    0.2903424341E-04    0.3745379257E-04    0.4648480334E-04    0.5591905186E-04    0.6555366144E-04    0.7520431929E-04    0.8471403402E-04    0.9395791393E-04    0.1028430243E-03    0.1113059829E-03    0.1193089229E-03    0.1268342917E-03    0.1338801133E-03
        0.0073475362    0.1261895155E-04    0.2008155024E-04    0.2907028030E-04    0.3939510834E-04    0.5081917738E-04    0.6307290725E-04    0.7587376833E-04    0.8894648506E-04    0.1020409706E-03    0.1149442096E-03    0.1274867414E-03    0.1395424670E-03    0.1510253862E-03    0.1618841199E-03    0.1720948531E-03    0.1816549057E-03
        0.0080447363    0.1706679553E-04    0.2715976140E-04    0.3931678074E-04    0.5328084151E-04    0.6873160024E-04    0.8530445141E-04    0.1026172792E-03    0.1202977766E-03    0.1380077043E-03    0.1554589617E-03    0.1724223558E-03    0.1887273400E-03    0.2042576015E-03    0.2189436525E-03    0.2327532855E-03    0.2456828782E-03
        0.0088080930    0.2299965352E-04    0.3660119448E-04    0.5298430926E-04    0.7180264649E-04    0.9262450166E-04    0.1149585137E-03    0.1382897296E-03    0.1621164119E-03    0.1859827345E-03    0.2095004407E-03    0.2323606606E-03    0.2543335596E-03    0.2752623920E-03    0.2950535163E-03    0.3136635321E-03    0.3310875618E-03
        0.0096438838    0.3087019765E-04    0.4912622285E-04    0.7111568706E-04    0.9637372382E-04    0.1243208954E-03    0.1542976799E-03    0.1856128995E-03    0.2175931085E-03    0.2496264856E-03    0.2811919033E-03    0.3118747900E-03    0.3413666586E-03    0.3694571255E-03    0.3960205086E-03    0.4209985616E-03    0.4443847444E-03
        0.0105589819    0.4124570938E-04    0.6563761133E-04    0.9501777557E-04    0.1287651068E-03    0.1661054142E-03    0.2061574850E-03    0.2479978244E-03    0.2907266200E-03    0.3335263983E-03    0.3757008649E-03    0.4166960993E-03    0.4560999256E-03    0.4936312504E-03    0.5291221549E-03    0.5624948245E-03    0.5937405318E-03
        0.0115609128    0.5482702736E-04    0.8725066595E-04    0.1263051155E-03    0.1711647911E-03    0.2208005736E-03    0.2740410465E-03    0.3296586090E-03    0.3864571247E-03    0.4433499121E-03    0.4994113748E-03    0.5539051780E-03    0.6062834138E-03    0.6561724294E-03    0.7033490214E-03    0.7477097657E-03    0.7892430780E-03
        0.0126579159    0.7245303107E-04    0.1153003506E-03    0.1669101972E-03    0.2261916038E-03    0.2917845924E-03    0.3621410844E-03    0.4356387905E-03    0.5106969767E-03    0.5858795600E-03    0.6599633387E-03    0.7319752303E-03    0.8011911710E-03    0.8671173896E-03    0.9294589445E-03    0.9880791906E-03    0.1042962852E-02
        0.0138590124    0.9511596713E-04    0.1513657125E-03    0.2191188818E-03    0.2969433042E-03    0.3830535821E-03    0.4754172890E-03    0.5719046314E-03    0.6704403316E-03    0.7691390228E-03    0.8663948248E-03    0.9609302351E-03    0.1051794689E-02    0.1138339975E-02    0.1220178929E-02    0.1297132213E-02    0.1369179830E-02
        0.0151740797    0.1238681975E-03    0.1971214620E-03    0.2853555093E-03    0.3867053142E-03    0.4988457337E-03    0.6191297755E-03    0.7447837379E-03    0.8731048530E-03    0.1001637695E-02    0.1128290837E-02    0.1251400534E-02    0.1369728849E-02    0.1482431645E-02    0.1589004780E-02    0.1689214784E-02    0.1783035712E-02
        0.0166139325    0.1600849512E-03    0.2547560528E-03    0.3687880185E-03    0.4997706063E-03    0.6446987451E-03    0.8001511815E-03    0.9625430579E-03    0.1128381103E-02    0.1294491751E-02    0.1458171922E-02    0.1617271325E-02    0.1770190055E-02    0.1915837220E-02    0.2053561392E-02    0.2183060997E-02    0.2304302677E-02
        0.0181904113    0.2052688492E-03    0.3266605677E-03    0.4728775074E-03    0.6408291849E-03    0.8266621170E-03    0.1025988822E-02    0.1234212304E-02    0.1446852892E-02    0.1659840962E-02    0.1869710275E-02    0.2073703533E-02    0.2269769297E-02    0.2456508930E-02    0.2633087392E-02    0.2799118298E-02    0.2954559205E-02
        0.0199164806    0.2596497720E-03    0.4132008841E-03    0.5981537371E-03    0.8105992078E-03    0.1045662586E-02    0.1297793129E-02    0.1561175494E-02    0.1830142555E-02    0.2099546014E-02    0.2365000986E-02    0.2623019525E-02    0.2871006748E-02    0.3107193713E-02    0.3330524537E-02    0.3540510941E-02    0.3737099750E-02
        0.0218063349    0.3245400466E-03    0.5164651264E-03    0.7476390385E-03    0.1013175824E-02    0.1306981924E-02    0.1622117927E-02    0.1951314374E-02    0.2287486787E-02    0.2624199440E-02    0.2955971085E-02    0.3278441878E-02    0.3588368547E-02    0.3883540475E-02    0.4162638546E-02    0.4425053236E-02    0.4670718916E-02
        0.0238755154    0.3994875270E-03    0.6357340075E-03    0.9202926639E-03    0.1247149589E-02    0.1608803298E-02    0.1996709702E-02    0.2401919474E-02    0.2815710467E-02    0.3230159445E-02    0.3638518451E-02    0.4035420330E-02    0.4416872825E-02    0.4780155279E-02    0.5123644784E-02    0.5446592117E-02    0.5748917663E-02
        0.0261410384    0.4860480841E-03    0.7734831695E-03    0.1119697886E-02    0.1517375924E-02    0.1957389373E-02    0.2429339629E-02    0.2922336637E-02    0.3425765919E-02    0.3929985518E-02    0.4426783961E-02    0.4909630398E-02    0.5373667492E-02    0.5815585734E-02    0.6233411787E-02    0.6626235652E-02    0.6993962184E-02
        0.0286215345    0.5855829191E-03    0.9318786195E-03    0.1348990082E-02    0.1828103934E-02    0.2358221653E-02    0.2926810461E-02    0.3520747941E-02    0.4127242379E-02    0.4734674448E-02    0.5333149035E-02    0.5914796712E-02    0.6473765295E-02    0.7006068431E-02    0.7509330402E-02    0.7982457097E-02    0.8425336377E-02
        0.0313374022    0.6968987029E-03    0.1109023428E-02    0.1605427175E-02    0.2175624413E-02    0.2806525111E-02    0.3483207988E-02    0.4190053442E-02    0.4911832985E-02    0.5634714011E-02    0.6346916684E-02    0.7039072985E-02    0.7704216965E-02    0.8337604682E-02    0.8936410291E-02    0.9499334044E-02    0.1002624531E-01
        0.0343109759    0.8213717913E-03    0.1307110405E-02    0.1892188268E-02    0.2564253973E-02    0.3307880362E-02    0.4105473533E-02    0.4938621206E-02    0.5789367659E-02    0.6641402644E-02    0.7480835899E-02    0.8296620872E-02    0.9080543852E-02    0.9827012109E-02    0.1053269556E-01    0.1119606418E-01    0.1181696678E-01
        0.0375667089    0.9623676920E-03    0.1531498664E-02    0.2217037653E-02    0.3004525964E-02    0.3875892066E-02    0.4810512812E-02    0.5786812650E-02    0.6783743547E-02    0.7782184993E-02    0.8765851942E-02    0.9721792245E-02    0.1064037502E-01    0.1151504318E-01    0.1234189356E-01    0.1311913420E-01    0.1384659018E-01
        0.0411313750    0.1125004277E-02    0.1790337400E-02    0.2591781356E-02    0.3512456081E-02    0.4531244665E-02    0.5624027905E-02    0.6765582310E-02    0.7931289216E-02    0.9098781688E-02    0.1024900663E-01    0.1136680782E-01    0.1244091415E-01    0.1346365169E-01    0.1443045300E-01    0.1533922184E-01    0.1618975465E-01
        0.0450342886    0.1319987906E-02    0.2100665342E-02    0.3041087677E-02    0.4121481916E-02    0.5317084572E-02    0.6599581375E-02    0.7939376280E-02    0.9307565700E-02    0.1067788584E-01    0.1202795967E-01    0.1333998306E-01    0.1460071357E-01    0.1580113458E-01    0.1693587986E-01    0.1800248697E-01    0.1900071734E-01
        0.0493075457    0.1564016147E-02    0.2489044581E-02    0.3603392654E-02    0.4883671848E-02    0.6300553689E-02    0.7820463933E-02    0.9408333249E-02    0.1102989095E-01    0.1265399381E-01    0.1425410378E-01    0.1580910285E-01    0.1730328257E-01    0.1872594834E-01    0.2007073754E-01    0.2133473300E-01    0.2251765589E-01
        0.0539862877    0.1881247762E-02    0.2993883171E-02    0.4334233455E-02    0.5874198415E-02    0.7578497265E-02    0.9406693125E-02    0.1131659469E-01    0.1326694963E-01    0.1522027607E-01    0.1714463803E-01    0.1901462527E-01    0.2081134202E-01    0.2252193192E-01    0.2413875634E-01    0.2565832454E-01    0.2708032031E-01
        0.0591089906    0.2289070634E-02    0.3642795123E-02    0.5273490279E-02    0.7146972111E-02    0.9220271911E-02    0.1144408579E-01    0.1376705463E-01    0.1613894572E-01    0.1851414103E-01    0.2085379072E-01    0.2312700023E-01    0.2531081401E-01    0.2738963551E-01    0.2935422280E-01    0.3120038067E-01    0.3292777247E-01
        0.0647177816    0.2793381365E-02    0.4445094008E-02    0.6434531016E-02    0.8719950763E-02    0.1124882729E-01    0.1396082512E-01    0.1679323660E-01    0.1968472133E-01    0.2257962428E-01    0.2543058846E-01    0.2819999000E-01    0.3085990984E-01    0.3339141953E-01    0.3578334708E-01    0.3803067146E-01    0.4013306752E-01
        0.0708587849    0.3368517505E-02    0.5359939050E-02    0.7758244262E-02    0.1051307813E-01    0.1356098848E-01    0.1682899089E-01    0.2024145124E-01    0.2372437047E-01    0.2721068107E-01    0.3064336992E-01    0.3397718614E-01    0.3717859441E-01    0.4022490610E-01    0.4310278152E-01    0.4580628281E-01    0.4833511458E-01
        0.0775825017    0.3960472657E-02    0.6301539565E-02    0.9120730864E-02    0.1235896048E-01    0.1594160364E-01    0.1978263804E-01    0.2379322294E-01    0.2788637319E-01    0.3198331652E-01    0.3601712134E-01    0.3993467722E-01    0.4369663322E-01    0.4727637976E-01    0.5065828719E-01    0.5383541067E-01    0.5680742200E-01
        0.0849442250    0.4471751907E-02    0.7115306854E-02    0.1029922757E-01    0.1395739192E-01    0.1800590943E-01    0.2234767063E-01    0.2688274006E-01    0.3151303290E-01    0.3614968133E-01    0.4071707357E-01    0.4515507896E-01    0.4941900906E-01    0.5347851647E-01    0.5731564172E-01    0.6092223792E-01    0.6429765134E-01
        0.0930044946    0.4889706689E-02    0.7781618263E-02    0.1126626569E-01    0.1527272725E-01    0.1971031817E-01    0.2447331562E-01    0.2945330973E-01    0.3454336538E-01    0.3964633666E-01    0.4467921170E-01    0.4957557565E-01    0.5428567441E-01    0.5877534369E-01    0.6302397636E-01    0.6702176205E-01    0.7076719107E-01
        0.1018295948    0.5330671774E-02    0.8485433517E-02    0.1228936893E-01    0.1666732995E-01    0.2152218707E-01    0.2673960126E-01    0.3220282632E-01    0.3779583831E-01    0.4341273146E-01    0.4896235556E-01    0.5437108217E-01    0.5958307994E-01    0.6455938745E-01    0.6927588036E-01    0.7372036026E-01    0.7788989456E-01
        0.1114920997    0.6065964154E-02    0.9656546054E-02    0.1398739130E-01    0.1897499075E-01    0.2451038193E-01    0.3046419043E-01    0.3670527499E-01    0.4310238008E-01    0.4953521201E-01    0.5589953958E-01    0.6211042440E-01    0.6810279011E-01    0.7383065756E-01    0.7926503572E-01    0.8439070258E-01    0.8920322477E-01
        0.1220714697    0.7293187985E-02    0.1160646304E-01    0.1680634370E-01    0.2279299403E-01    0.2943564693E-01    0.3657841955E-01    0.4406518755E-01    0.5173906027E-01    0.5945614905E-01    0.6709141160E-01    0.7454257060E-01    0.8173102807E-01    0.8860117701E-01    0.9511797645E-01    0.1012630822E+00    0.1070312379E+00
        0.1336547051    0.8756116650E-02    0.1392841779E-01    0.2015946095E-01    0.2733014458E-01    0.3528380771E-01    0.4383280092E-01    0.5279175459E-01    0.6197323301E-01    0.7120503443E-01    0.8033701110E-01    0.8924600984E-01    0.9783735115E-01    0.1060442575E+00    0.1138249721E+00    0.1211580010E+00    0.1280376659E+00
        0.1463370617    0.9831780325E-02    0.1563965689E-01    0.2263958996E-01    0.3070436304E-01    0.3966333772E-01    0.4930826378E-01    0.5943531379E-01    0.6983421093E-01    0.8030943306E-01    0.9068836876E-01    0.1008279390E+00    0.1106172647E+00    0.1199776163E+00    0.1288593079E+00    0.1372362053E+00    0.1451005618E+00
        0.1602228341    0.1038256235E-01    0.1652795486E-01    0.2395181650E-01    0.3253584694E-01    0.4211295713E-01    0.5246986908E-01    0.6339776496E-01    0.7467226546E-01    0.8607956237E-01    0.9742680543E-01    0.1085512866E+00    0.1193249372E+00    0.1296551982E+00    0.1394819804E+00    0.1487716982E+00    0.1575116122E+00
        0.1754262130    0.1142099773E-01    0.1818870980E-01    0.2637906366E-01    0.3587918421E-01    0.4651795762E-01    0.5806467041E-01    0.7029328807E-01    0.8295139918E-01    0.9579486836E-01    0.1086014522E+00    0.1211826128E+00    0.1333893116E+00    0.1451131767E+00    0.1562829845E+00    0.1668577844E+00    0.1768204802E+00
        0.1920722248    0.1353226390E-01    0.2153368048E-01    0.3120956671E-01    0.4243488520E-01    0.5500920702E-01    0.6865256165E-01    0.8309445389E-01    0.9802939245E-01    0.1131650034E+00    0.1282385093E+00    0.1430297597E+00    0.1573667403E+00    0.1711258203E+00    0.1842268372E+00    0.1966246017E+00    0.2083012731E+00
        0.2102977595    0.1529978067E-01    0.2434156609E-01    0.3528629508E-01    0.4801508293E-01    0.6231003625E-01    0.7784700662E-01    0.9431709530E-01    0.1113661183E+00    0.1286579176E+00    0.1458921490E+00    0.1628177060E+00    0.1792381226E+00    0.1950115789E+00    0.2100453092E+00    0.2242860363E+00    0.2377115044E+00
        0.2302526962    0.1614720050E-01    0.2572638235E-01    0.3738096317E-01    0.5103592848E-01    0.6648452970E-01    0.8337960530E-01    0.1013935457E+00    0.1201382954E+00    0.1392430372E+00    0.1583721944E+00    0.1772402182E+00    0.1956188689E+00    0.2133389113E+00    0.2302853006E+00    0.2463874634E+00    0.2616104749E+00
        0.2521011363    0.1818915235E-01    0.2897802243E-01    0.4213163358E-01    0.5759843520E-01    0.7514458733E-01    0.9435866209E-01    0.1148701365E+00    0.1362383237E+00    0.1580453329E+00    0.1799118021E+00    0.2015123646E+00    0.2225844773E+00    0.2429313894E+00    0.2624174869E+00    0.2809577267E+00    0.2985079597E+00
        0.2760227522    0.2049081394E-01    0.3263828631E-01    0.4747958652E-01    0.6498915315E-01    0.8489299061E-01    0.1067049645E+00    0.1300140161E+00    0.1543267003E+00    0.1791758945E+00    0.2041340709E+00    0.2288306579E+00    0.2529634628E+00    0.2763035220E+00    0.2986908149E+00    0.3200228152E+00    0.3402438893E+00
        0.3022142655    0.2188804519E-01    0.3493077284E-01    0.5097843524E-01    0.7007026316E-01    0.9192055895E-01    0.1159985176E+00    0.1418778665E+00    0.1690224871E+00    0.1969137247E+00    0.2250651332E+00    0.2530456435E+00    0.2804965472E+00    0.3071402272E+00    0.3327774114E+00    0.3572753567E+00    0.3805564531E+00
        0.3308910644    0.2451119448E-01    0.3911620800E-01    0.5713718617E-01    0.7864752808E-01    0.1033107242E+00    0.1305222037E+00    0.1598286825E+00    0.1906381011E+00    0.2223716256E+00    0.2544789761E+00    0.2864665300E+00    0.3179189744E+00    0.3485112195E+00    0.3780066058E+00    0.4062442462E+00    0.4331266308E+00
        0.3622889751    0.2648656568E-01    0.4235013537E-01    0.6205855680E-01    0.8575525219E-01    0.1130857130E+00    0.1433988314E+00    0.1762296735E+00    0.2109289326E+00    0.2468465784E+00    0.2833514825E+00    0.3198676439E+00    0.3559030200E+00    0.3910663905E+00    0.4250675002E+00    0.4577038619E+00    0.4888473376E+00
        0.3966662010    0.2909288258E-01    0.4656591329E-01    0.6837897967E-01    0.9474288757E-01    0.1252782242E+00    0.1592784983E+00    0.1962659410E+00    0.2355270450E+00    0.2763340530E+00    0.3179679285E+00    0.3597626189E+00    0.4011414651E+00    0.4416395874E+00    0.4809063537E+00    0.5186917828E+00    0.5548322151E+00
        0.4343054463    0.3147905015E-01    0.5049929760E-01    0.7441190809E-01    0.1035324234E+00    0.1374825491E+00    0.1755113905E+00    0.2171336771E+00    0.2615635840E+00    0.3079808399E+00    0.3555590273E+00    0.4035204019E+00    0.4511821796E+00    0.4979861591E+00    0.5435044308E+00    0.5874255825E+00    0.6295393947E+00
        0.4755162407    0.3428335683E-01    0.5509528302E-01    0.8142082801E-01    0.1137009620E+00    0.1515643878E+00    0.1942138286E+00    0.2411632614E+00    0.2915518268E+00    0.3444600818E+00    0.3989428817E+00    0.4540959201E+00    0.5091137282E+00    0.5633283161E+00    0.6162193354E+00    0.6674006498E+00    0.7166043549E+00
        0.5206374847    0.3705021995E-01    0.5969912298E-01    0.8857178908E-01    0.1242793216E+00    0.1664800543E+00    0.2143376114E+00    0.2673732641E+00    0.3246433577E+00    0.3851132215E+00    0.4476962894E+00    0.5113353504E+00    0.5750752342E+00    0.6381128312E+00    0.6998130712E+00    0.7596962946E+00    0.8174216760E+00
        0.5700402368    0.4002085583E-01    0.6466792331E-01    0.9634827365E-01    0.1358846941E+00    0.1829849202E+00    0.2367817942E+00    0.2968185492E+00    0.3620658934E+00    0.4313614008E+00    0.5034557351E+00    0.5771116820E+00    0.6511950143E+00    0.7247388965E+00    0.7969676085E+00    0.8672855403E+00    0.9352603621E+00
        0.6241307649    0.4315975292E-01    0.6996152590E-01    0.1047235932E+00    0.1485317043E+00    0.2011714578E+00    0.2617597122E+00    0.3298817499E+00    0.4044203688E+00    0.4840701944E+00    0.5673925659E+00    0.6529364221E+00    0.7393517920E+00    0.8254723598E+00    0.9103493436E+00    0.9932431462E+00    0.1073606688E+01
        0.6833538873    0.4642190736E-01    0.7553485340E-01    0.1136773510E+00    0.1622619070E+00    0.2211902420E+00    0.2895838586E+00    0.3670947669E+00    0.4525151993E+00    0.5443781725E+00    0.6410231895E+00    0.7407439649E+00    0.8419299177E+00    0.9431714653E+00    0.1043307001E+01    0.1141418482E+01    0.1236815448E+01
        0.7481966305    0.4986379954E-01    0.8148067231E-01    0.1233572713E+00    0.1773106954E+00    0.2434091982E+00    0.3208093131E+00    0.4092642041E+00    0.5074762035E+00    0.6137966718E+00    0.7263052159E+00    0.8429905536E+00    0.9619268350E+00    0.1081407480E+01    0.1200009049E+01    0.1316592469E+01    0.1430288429E+01
        0.8191922345    0.5347354953E-01    0.8780322834E-01    0.1338142991E+00    0.1938258883E+00    0.2681380263E+00    0.3559827348E+00    0.4572575681E+00    0.5705771025E+00    0.6940873462E+00    0.8255619620E+00    0.9626240748E+00    0.1102965838E+01    0.1244517990E+01    0.1385535311E+01    0.1524605615E+01    0.1660637367E+01
        0.8969245379    0.5726023122E-01    0.9453784338E-01    0.1451451968E+00    0.2120240009E+00    0.2957894312E+00    0.3958027645E+00    0.5121610942E+00    0.6433961560E+00    0.7874209734E+00    0.9416476349E+00    0.1103259869E+01    0.1269486373E+01    0.1437815008E+01    0.1606105665E+01    0.1772609644E+01    0.1935960489E+01
        0.9820327791    0.6124520459E-01    0.1017379703E+00    0.1574769964E+00    0.2321756383E+00    0.3268708754E+00    0.4411244455E+00    0.5753029436E+00    0.7278632493E+00    0.8964522603E+00    0.1078052473E+01    0.1269317881E+01    0.1466914237E+01    0.1667788893E+01    0.1869318202E+01    0.2069340413E+01    0.2266150802E+01
        1.0752168532    0.6543902646E-01    0.1094486791E+00    0.1709416005E+00    0.2545860277E+00    0.3619757900E+00    0.4929653146E+00    0.6482777100E+00    0.8263056787E+00    0.1024389144E+01    0.1238997270E+01    0.1466143701E+01    0.1701810162E+01    0.1942285396E+01    0.2184355673E+01    0.2425354837E+01    0.2663164776E+01
        1.1772430677    0.6985921946E-01    0.1177297395E+00    0.1857040457E+00    0.2796304368E+00    0.4018301203E+00    0.5525682520E+00    0.7330310524E+00    0.9415593358E+00    0.1175134145E+01    0.1429607300E+01    0.1700216495E+01    0.1982112524E+01    0.2270783621E+01    0.2562299188E+01    0.2853381020E+01    0.3141409995E+01
        1.2889504441    0.7452025889E-01    0.1266470667E+00    0.2019587799E+00    0.3077594988E+00    0.4473116289E+00    0.6214397976E+00    0.8319215384E+00    0.1077057436E+01    0.1353401960E+01    0.1656059542E+01    0.1979325737E+01    0.2317343093E+01    0.2664630325E+01    0.3016390973E+01    0.3368610024E+01    0.3718067181E+01
        1.4112576178    0.7944684971E-01    0.1362850082E+00    0.2199418717E+00    0.3395161320E+00    0.4994783206E+00    0.7013968079E+00    0.9477908078E+00    0.1236927232E+01    0.1564843558E+01    0.1925733250E+01    0.2312746409E+01    0.2718804736E+01    0.3137258397E+01    0.3562272685E+01    0.3988954098E+01    0.4413369601E+01
        1.5451703927    0.8465766677E-01    0.1467362587E+00    0.2399321499E+00    0.3755528946E+00    0.5596073059E+00    0.7946316370E+00    0.1084058304E+01    0.1426114967E+01    0.1816199436E+01    0.2247387755E+01    0.2711436716E+01    0.3199794590E+01    0.3704411869E+01    0.4218220006E+01    0.4735290160E+01    0.5250856339E+01
        1.6917900122    0.9018466705E-01    0.1581207501E+00    0.2622734518E+00    0.4166658903E+00    0.6292495052E+00    0.9037945628E+00    0.1244834424E+01    0.1650528215E+01    0.2115465936E+01    0.2631345361E+01    0.3188229647E+01    0.3775797063E+01    0.4384334693E+01    0.5005323487E+01    0.5631631156E+01    0.6257534718E+01
        1.8523222157    0.9605971277E-01    0.1705756187E+00    0.2873723220E+00    0.4638055340E+00    0.7102588049E+00    0.1032044161E+01    0.1434990280E+01    0.1917118127E+01    0.2471979375E+01    0.3089565269E+01    0.3757885018E+01    0.4464504138E+01    0.5197751984E+01    0.5947426197E+01    0.6705018280E+01    0.7463727748E+01
        2.0280871538    0.1023227401E+00    0.1842680656E+00    0.3157219922E+00    0.5181208718E+00    0.8048646856E+00    0.1183150719E+01    0.1660286926E+01    0.2234022661E+01    0.2896557417E+01    0.3635766224E+01    0.4437177967E+01    0.5285857079E+01    0.6167855625E+01    0.7071047246E+01    0.7985379463E+01    0.8902867247E+01
        2.2205302450    0.1090209248E+00    0.1993973493E+00    0.3479136265E+00    0.5809881194E+00    0.9157230429E+00    0.1361566481E+01    0.1927452815E+01    0.2610631922E+01    0.3401529957E+01    0.4285401512E+01    0.5244799954E+01    0.6261859688E+01    0.7320020357E+01    0.8404995070E+01    0.9505037263E+01    0.1061089610E+02
        2.4312340620    0.1162581660E+00    0.2162870146E+00    0.3847911868E+00    0.6542532480E+00    0.1046264640E+01    0.1572883688E+01    0.2244741859E+01    0.3058226495E+01    0.4001433900E+01    0.5056387007E+01    0.6202100167E+01    0.7417317134E+01    0.8682527812E+01    0.9981067412E+01    0.1129937766E+02    0.1262690019E+02
        2.6619313461    0.1239895742E+00    0.2350322395E+00    0.4269045207E+00    0.7394295726E+00    0.1199571507E+01    0.1822323178E+01    0.2619963956E+01    0.3587488379E+01    0.4709958096E+01    0.5965451755E+01    0.7328830495E+01    0.8774977870E+01    0.1028111753E+02    0.1182802937E+02    0.1340027579E+02    0.1498600299E+02
        2.9145192568    0.1323701006E+00    0.2561055768E+00    0.4754747373E+00    0.8391428355E+00    0.1380399102E+01    0.2117391511E+01    0.3063809827E+01    0.4212503230E+01    0.5544619395E+01    0.7033476450E+01    0.8649129518E+01    0.1036214146E+02    0.1214619269E+02    0.1397938753E+02    0.1584440570E+02    0.1772817549E+02
        3.1910749729    0.1414717064E+00    0.2798784897E+00    0.5316520953E+00    0.9560343826E+00    0.1593622393E+01    0.2465767048E+01    0.3587077930E+01    0.4947253237E+01    0.6522477397E+01    0.8280415454E+01    0.1018566030E+02    0.1220403596E+02    0.1430546911E+02    0.1646534516E+02    0.1866453540E+02    0.2088890147E+02
        3.4938727747    0.1514736111E+00    0.3069575443E+00    0.5970653711E+00    0.1093590355E+01    0.1845381502E+01    0.2876766282E+01    0.4202456108E+01    0.5807709955E+01    0.7662542072E+01    0.9728028668E+01    0.1196267692E+02    0.1432722608E+02    0.1678772623E+02    0.1931689106E+02    0.2189394213E+02    0.2450390153E+02
        3.8254027466    0.1624527766E+00    0.3378281497E+00    0.6732542601E+00    0.1255267688E+01    0.2141788054E+01    0.3359523241E+01    0.4922088410E+01    0.6808744647E+01    0.8982022919E+01    0.1139549273E+02    0.1400103622E+02    0.1675406967E+02    0.1961675182E+02    0.2255927204E+02    0.2555944643E+02    0.2860175672E+02
        4.1883912545    0.1745526216E+00    0.3731553397E+00    0.7621616433E+00    0.1445223289E+01    0.2489902849E+01    0.3924210363E+01    0.5759048962E+01    0.7965885207E+01    0.1049841211E+02    0.1330185393E+02    0.1632105502E+02    0.1950600099E+02    0.2281506110E+02    0.2621614831E+02    0.2968599722E+02    0.3320891101E+02
        4.5858233661    0.1880052927E+00    0.4138378101E+00    0.8662338988E+00    0.1668446645E+01    0.2897859226E+01    0.4582117478E+01    0.6727376094E+01    0.9295338731E+01    0.1222954523E+02    0.1546617585E+02    0.1894278328E+02    0.2260395604E+02    0.2640449138E+02    0.3031036880E+02    0.3429763547E+02    0.3835082919E+02
        5.0209673996    0.2030364874E+00    0.4608483540E+00    0.9881540507E+00    0.1930300521E+01    0.3374116212E+01    0.5344562634E+01    0.7840640214E+01    0.1081225724E+02    0.1419161877E+02    0.1790535695E+02    0.2188365821E+02    0.2606589015E+02    0.3040360481E+02    0.3486127995E+02    0.3941473070E+02    0.4404918416E+02
        5.4974018001    0.2199177886E+00    0.5153362177E+00    0.1131000872E+01    0.2236708933E+01    0.3927644353E+01    0.6223087232E+01    0.9112206413E+01    0.1253114003E+02    0.1639978931E+02    0.2063495815E+02    0.2515957103E+02    0.2990808335E+02    0.3482922940E+02    0.3988650324E+02    0.4505600058E+02    0.5032412916E+02
        6.0190445678    0.2389798310E+00    0.5786603175E+00    0.1298286532E+01    0.2594148710E+01    0.4567839341E+01    0.7229319584E+01    0.1055511530E+02    0.1446579479E+02    0.1886824889E+02    0.2366939921E+02    0.2878517669E+02    0.3414555395E+02    0.3969697327E+02    0.4540255665E+02    0.5123925406E+02    0.5719518349E+02
        6.5901854779    0.2607492248E+00    0.6526603714E+00    0.1494404130E+01    0.3010294836E+01    0.5305410021E+01    0.8376190062E+01    0.1218371694E+02    0.1663144100E+02    0.2161280225E+02    0.2702498584E+02    0.3277733919E+02    0.3879589662E+02    0.4502544173E+02    0.5142945004E+02    0.5798637234E+02    0.6468661171E+02
        7.2155213579    0.2854649015E+00    0.7387299468E+00    0.1722957699E+01    0.3491270312E+01    0.6148339363E+01    0.9672539597E+01    0.1400689533E+02    0.1903652481E+02    0.2464124828E+02    0.3070885238E+02    0.3714265945E+02    0.4386544851E+02    0.5082111731E+02    0.5797436803E+02    0.6530588507E+02    0.7280898019E+02
        7.9001947124    0.3137237962E+00    0.8390468770E+00    0.1988864401E+01    0.4044951162E+01    0.7106716425E+01    0.1112971766E+02    0.1603657696E+02    0.2169316852E+02    0.2796573546E+02    0.3473316528E+02    0.4189346766E+02    0.4936701872E+02    0.5709778178E+02    0.6505274474E+02    0.7321565460E+02    0.8158340500E+02
        8.6498360130    0.3461819289E+00    0.9560004045E+00    0.2297301786E+01    0.4679241438E+01    0.8190254691E+01    0.1275830862E+02    0.1828360041E+02    0.2461211462E+02    0.3159673893E+02    0.3910813610E+02    0.4703991659E+02    0.5531113489E+02    0.6386700162E+02    0.7267807033E+02    0.8173206885E+02    0.9103018022E+02
        9.4706100008    0.3835746428E+00    0.1092211766E+01    0.2653681644E+01    0.5402008201E+01    0.9408251833E+01    0.1456814347E+02    0.2075775046E+02    0.2780273912E+02    0.3554303339E+02    0.4384197017E+02    0.5258995051E+02    0.6170609004E+02    0.7113830621E+02    0.8086223317E+02    0.9087055026E+02    0.1011694359E+03
       10.3692663829    0.4267385613E+00    0.1250552657E+01    0.3063625964E+01    0.6221045101E+01    0.1076959659E+02    0.1656834681E+02    0.2346780161E+02    0.3127305981E+02    0.3981167119E+02    0.4894085834E+02    0.5854937620E+02    0.6855815923E+02    0.7891959366E+02    0.8961611627E+02    0.1006463016E+03    0.1120219684E+03
       11.3531953391    0.4766382844E+00    0.1434168780E+01    0.3532963043E+01    0.7144088207E+01    0.1228284142E+02    0.1876743910E+02    0.2642160840E+02    0.3502980387E+02    0.4440805944E+02    0.5440913127E+02    0.6492217310E+02    0.7587212483E+02    0.8721788252E+02    0.9895051919E+02    0.1110752933E+03    0.1236101735E+03
       12.4304882957    0.5345404550E+00    0.1646812296E+01    0.4068300424E+01    0.8179767267E+01    0.1395759555E+02    0.2117514993E+02    0.2962832101E+02    0.3908103902E+02    0.4933905607E+02    0.6025289531E+02    0.7171473319E+02    0.8365613445E+02    0.9604472181E+02    0.1088819678E+03    0.1221802888E+03    0.1359641134E+03
       13.6100044661    0.6018362600E+00    0.1892438812E+01    0.4676272308E+01    0.9336419677E+01    0.1580280924E+02    0.2380009594E+02    0.3309542815E+02    0.4343261735E+02    0.5460890272E+02    0.6647556840E+02    0.7893108067E+02    0.9191659789E+02    0.1054106495E+03    0.1194265345E+03    0.1339838429E+03    0.1491135717E+03
       14.9014437053    0.6794276345E+00    0.2173839223E+01    0.5361036786E+01    0.1061812526E+02    0.1782112326E+02    0.2664236477E+02    0.3681956704E+02    0.4807729108E+02    0.6020678568E+02    0.7306403575E+02    0.8655769373E+02    0.1006416125E+03    0.1153070401E+03    0.1305798959E+03    0.1464864757E+03    0.1630643684E+03
       16.3154262774    0.7691262414E+00    0.2495582601E+01    0.6129644897E+01    0.1203331808E+02    0.2002116470E+02    0.2970964358E+02    0.4080660312E+02    0.5301880572E+02    0.6613497832E+02    0.8002079998E+02    0.9459945006E+02    0.1098403123E+03    0.1257483997E+03    0.1423622393E+03    0.1597141157E+03    0.1778484400E+03
       17.8635801925    0.8727988908E+00    0.2862175632E+01    0.6988691722E+01    0.1358940777E+02    0.2240979899E+02    0.3300699563E+02    0.4505892367E+02    0.5825681745E+02    0.7239154365E+02    0.8734455123E+02    0.1030579478E+03    0.1195186849E+03    0.1367455138E+03    0.1547888948E+03    0.1736866878E+03    0.1934909370E+03
       19.5586368304    0.9922653586E+00    0.3277798664E+01    0.7943846143E+01    0.1529204051E+02    0.2499109246E+02    0.3653555950E+02    0.4957395220E+02    0.6378535033E+02    0.7896884256E+02    0.9502863731E+02    0.1119295963E+03    0.1296769341E+03    0.1483020762E+03    0.1678667358E+03    0.1884149501E+03    0.2100080360E+03
       21.4145356385    0.1129604576E+01    0.3746943064E+01    0.9001014528E+01    0.1714693639E+02    0.2776891518E+02    0.4029598516E+02    0.5434851918E+02    0.6959822540E+02    0.8586005220E+02    0.1030683931E+03    0.1212132824E+03    0.1403172955E+03    0.1604230748E+03    0.1816039869E+03    0.2039122706E+03    0.2274207552E+03
       23.4465387640    0.1287193103E+01    0.4274479707E+01    0.1016645568E+02    0.1916004173E+02    0.3074714364E+02    0.4428873601E+02    0.5937936619E+02    0.7568989765E+02    0.9306028882E+02    0.1114621168E+03    0.1309108351E+03    0.1514442684E+03    0.1731157676E+03    0.1960126444E+03    0.2201984392E+03    0.2457594312E+03
       25.6713565631    0.1467584531E+01    0.4865379154E+01    0.1144626213E+02    0.2133669588E+02    0.3392850702E+02    0.4851267363E+02    0.6466158875E+02    0.8205387458E+02    0.1005648076E+03    0.1202085267E+03    0.1410237235E+03    0.1630614856E+03    0.1863876788E+03    0.2111075852E+03    0.2372985937E+03    0.2650616327E+03
       28.1072850208    0.1673363014E+01    0.5524375437E+01    0.1284574975E+02    0.2368068704E+02    0.3731332750E+02    0.5296356535E+02    0.7018705268E+02    0.8868109641E+02    0.1083669416E+03    0.1293038350E+03    0.1515498095E+03    0.1751695193E+03    0.2002454543E+03    0.2269052331E+03    0.2552402670E+03    0.2853663931E+03
       30.7743562090    0.1907233411E+01    0.6256150743E+01    0.1436978420E+02    0.2619478563E+02    0.4090034065E+02    0.5763529400E+02    0.7594614665E+02    0.9556214102E+02    0.1164602071E+03    0.1387435629E+03    0.1624863362E+03    0.1877703291E+03    0.2147001112E+03    0.2434267738E+03    0.2740547309E+03    0.3067126102E+03
       33.6945030221    0.2172014307E+01    0.7065308906E+01    0.1602272902E+02    0.2888069503E+02    0.4468671180E+02    0.6252005508E+02    0.8192829690E+02    0.1026878404E+03    0.1248383366E+03    0.1485227359E+03    0.1738314898E+03    0.2008696566E+03    0.2297673342E+03    0.2606966101E+03    0.2937710128E+03    0.3291323148E+03
       36.8917395444    0.2470619387E+01    0.7956323868E+01    0.1780835611E+02    0.3173895968E+02    0.4866800735E+02    0.6760851146E+02    0.8812241904E+02    0.1100495739E+03    0.1334949318E+03    0.1586367278E+03    0.1855860356E+03    0.2144781454E+03    0.2454653935E+03    0.2787369891E+03    0.3144104892E+03    0.3526446659E+03
       40.3923585315    0.2806035687E+01    0.8933482344E+01    0.1972975570E+02    0.3476888951E+02    0.5283820612E+02    0.7289003441E+02    0.9451742098E+02    0.1176391613E+03    0.1424235950E+03    0.1690820837E+03    0.1977553663E+03    0.2286088449E+03    0.2618122063E+03    0.2975613038E+03    0.3359867797E+03    0.3772687497E+03
       44.2251476316    0.3181298192E+01    0.1000082097E+02    0.2178924768E+02    0.3796850023E+02    0.5718975870E+02    0.7835306208E+02    0.1011025579E+03    0.1254488994E+03    0.1516180496E+03    0.1798585532E+03    0.2103480934E+03    0.2432755087E+03    0.2788171061E+03    0.3171793685E+03    0.3585152780E+03    0.4030447795E+03
       48.4216261230    0.3599460022E+01    0.1116205875E+02    0.2398829817E+02    0.4133447188E+02    0.6171368790E+02    0.8398543377E+02    0.1078678380E+03    0.1334714236E+03    0.1610731461E+03    0.1909702317E+03    0.2233737711E+03    0.2584871409E+03    0.2964847399E+03    0.3376046431E+03    0.3820355956E+03    0.4300197312E+03
       53.0163041156    0.4063557310E+01    0.1242052522E+02    0.2632744646E+02    0.4486213311E+02    0.6639969532E+02    0.8977482765E+02    0.1148042604E+03    0.1416991522E+03    0.1707876964E+03    0.2024225088E+03    0.2368428069E+03    0.2742436199E+03    0.3148291928E+03    0.3588672673E+03    0.4065865812E+03    0.4582345207E+03
       58.0469663481    0.4576567712E+01    0.1377908273E+02    0.2880624059E+02    0.4854547557E+02    0.7123640833E+02    0.9570934960E+02    0.1219030489E+03    0.1501263463E+03    0.1807622051E+03    0.2142251307E+03    0.2507547513E+03    0.2905577426E+03    0.3338673288E+03    0.3810107926E+03    0.4321768482E+03    0.4876912522E+03
       63.5549829136    0.5141361619E+01    0.1524004154E+02    0.3142317342E+02    0.5237721305E+02    0.7621171756E+02    0.1017775466E+03    0.1291565863E+03    0.1587483870E+03    0.1910016703E+03    0.2263828206E+03    0.2651133998E+03    0.3074431014E+03    0.3536392482E+03    0.4040213073E+03    0.4588342596E+03    0.5183779036E+03
       69.5856494710    0.5760645163E+01    0.1680506905E+02    0.3417560942E+02    0.5634878603E+02    0.8131285429E+02    0.1079692870E+03    0.1365578766E+03    0.1675626823E+03    0.2015159327E+03    0.2388902130E+03    0.2799383056E+03    0.3249137461E+03    0.3741532211E+03    0.4279089534E+03    0.4865422616E+03    0.5503987066E+03
       76.1885597370    0.6436893838E+01    0.1847509790E+02    0.3705971198E+02    0.6045033800E+02    0.8652699187E+02    0.1142756297E+03    0.1440988868E+03    0.1765762837E+03    0.2122999867E+03    0.2517669337E+03    0.2952217092E+03    0.3430157305E+03    0.3953588984E+03    0.4527328871E+03    0.5153252496E+03    0.5837077593E+03
       83.4180133251    0.7172274755E+01    0.2025023431E+02    0.4007042092E+02    0.6467093481E+02    0.9184135069E+02    0.1206868118E+03    0.1517785821E+03    0.1857870262E+03    0.2233656627E+03    0.2650071052E+03    0.3110079797E+03    0.3616911659E+03    0.4173588927E+03    0.4784040594E+03    0.5452819274E+03    0.6182390053E+03
       91.3334622825    0.7968554563E+01    0.2212965620E+02    0.4320142232E+02    0.6899847144E+02    0.9724285812E+02    0.1271970478E+03    0.1595919615E+03    0.1951993040E+03    0.2347199178E+03    0.2786150396E+03    0.3273062323E+03    0.3809600053E+03    0.4401180038E+03    0.5050334750E+03    0.5762198652E+03    0.6542433431E+03
      100.0000000000    0.8826990866E+01    0.2411148879E+02    0.4644507638E+02    0.7341995906E+02    0.1027210254E+03    0.1337979698E+03    0.1675339033E+03    0.2048351583E+03    0.2463289570E+03    0.2926653128E+03    0.3440232974E+03    0.4009436719E+03    0.4635370820E+03    0.5326329486E+03    0.6082895577E+03    0.6914073620E+03
