               #####        0.2000000000        0.2533333333        0.3066666667        0.3600000000        0.4133333333        0.4666666667        0.5200000000        0.5733333333        0.6266666667        0.6800000000        0.7333333333        0.7866666667        0.8400000000        0.8933333333        0.9466666667        1.0000000000
        0.0010000000    0.1513212269E-07    0.2412393250E-07    0.3501356690E-07    0.4761612583E-07    0.6169509043E-07    0.7697189790E-07    0.9314217540E-07    0.1098942591E-06    0.1269285289E-06    0.1439727249E-06    0.1607932149E-06    0.1771999883E-06    0.1930474533E-06    0.2082319957E-06    0.2226864561E-06    0.2363739885E-06
        0.0010948890    0.2156385447E-07    0.3437753394E-07    0.4989569898E-07    0.6785484745E-07    0.8791793001E-07    0.1096879804E-06    0.1327312549E-06    0.1566036213E-06    0.1808781101E-06    0.2051667405E-06    0.2291365778E-06    0.2525168496E-06    0.2751000820E-06    0.2967386216E-06    0.3173367639E-06    0.3368420025E-06
        0.0011987818    0.3071518041E-07    0.4896677322E-07    0.7107060946E-07    0.9665134108E-07    0.1252288793E-06    0.1562377862E-06    0.1890602434E-06    0.2230636374E-06    0.2576398014E-06    0.2922361021E-06    0.3263783131E-06    0.3596807508E-06    0.3918478937E-06    0.4226694272E-06    0.4520090322E-06    0.4797919205E-06
        0.0013125330    0.4372587636E-07    0.6970870900E-07    0.1011755981E-06    0.1375921686E-06    0.1782749675E-06    0.2224190321E-06    0.2691448384E-06    0.3175518042E-06    0.3667741494E-06    0.4160251502E-06    0.4646297011E-06    0.5120387466E-06    0.5578315849E-06    0.6017088152E-06    0.6434763763E-06    0.6830278014E-06
        0.0014370779    0.6221293142E-07    0.9918118665E-07    0.1439521834E-06    0.1957655631E-06    0.2536489081E-06    0.3164569054E-06    0.3829381680E-06    0.4518113539E-06    0.5218446377E-06    0.5919186727E-06    0.6610729220E-06    0.7285261927E-06    0.7936799135E-06    0.8561081006E-06    0.9155346470E-06    0.9718080753E-06
        0.0015734408    0.8845526915E-07    0.1410173270E-06    0.2046735317E-06    0.2783427089E-06    0.3606422533E-06    0.4499437135E-06    0.5444678396E-06    0.6423928019E-06    0.7419671748E-06    0.8415994531E-06    0.9399239303E-06    0.1035829894E-05    0.1128466289E-05    0.1217227447E-05    0.1301720801E-05    0.1381730982E-05
        0.0017227429    0.1256764273E-06    0.2003561844E-06    0.2907985554E-06    0.3954672799E-06    0.5123979528E-06    0.6392768376E-06    0.7735759757E-06    0.9127069288E-06    0.1054181290E-05    0.1195737860E-05    0.1335436253E-05    0.1471698378E-05    0.1603315067E-05    0.1729425800E-05    0.1849472825E-05    0.1963150157E-05
        0.0018862122    0.1784182710E-06    0.2844385349E-06    0.4128366612E-06    0.5614314538E-06    0.7274340969E-06    0.9075597829E-06    0.1098219630E-05    0.1295738924E-05    0.1496584964E-05    0.1697547603E-05    0.1895872138E-05    0.2089318210E-05    0.2276169210E-05    0.2455203499E-05    0.2625629271E-05    0.2787012146E-05
        0.0020651929    0.2530682097E-06    0.4034473877E-06    0.5855677026E-06    0.7963349892E-06    0.1031793560E-05    0.1287284115E-05    0.1557716134E-05    0.1837877399E-05    0.2122757132E-05    0.2407802050E-05    0.2689104876E-05    0.2963487885E-05    0.3228516248E-05    0.3482457211E-05    0.3724187701E-05    0.3953091621E-05
        0.0022611570    0.3585824256E-06    0.5716609891E-06    0.8297155056E-06    0.1128361148E-05    0.1461992885E-05    0.1824008543E-05    0.2207195064E-05    0.2604167026E-05    0.3007824447E-05    0.3411715572E-05    0.3810304002E-05    0.4199087084E-05    0.4574614824E-05    0.4934432046E-05    0.5276947460E-05    0.5601288147E-05
        0.0024757158    0.5075378780E-06    0.8091299809E-06    0.1174382187E-05    0.1597087268E-05    0.2069311758E-05    0.2581710557E-05    0.3124074116E-05    0.3685949053E-05    0.4257286020E-05    0.4828953143E-05    0.5393114151E-05    0.5943395971E-05    0.6474915499E-05    0.6984197730E-05    0.7468990424E-05    0.7928058135E-05
        0.0027106339    0.7174187889E-06    0.1143728392E-05    0.1660025106E-05    0.2257533327E-05    0.2925038707E-05    0.3649331058E-05    0.4415978582E-05    0.5210205027E-05    0.6017805293E-05    0.6825871118E-05    0.7623325634E-05    0.8401160295E-05    0.9152472732E-05    0.9872351024E-05    0.1055761169E-04    0.1120650856E-04
        0.0029678432    0.1012845536E-05    0.1614707069E-05    0.2343614551E-05    0.3187176218E-05    0.4129559458E-05    0.5152113175E-05    0.6234462123E-05    0.7355745094E-05    0.8495907301E-05    0.9636724772E-05    0.1076255912E-04    0.1186069210E-04    0.1292137907E-04    0.1393768558E-04    0.1490511745E-04    0.1582120973E-04
        0.0032494587    0.1427757932E-05    0.2276174434E-05    0.3303686085E-05    0.4492820883E-05    0.5821259887E-05    0.7262709776E-05    0.8788447582E-05    0.1036906585E-04    0.1197629404E-04    0.1358444233E-04    0.1517146577E-04    0.1671943597E-04    0.1821461648E-04    0.1964723244E-04    0.2101094905E-04    0.2230229206E-04
        0.0035577965    0.2009309775E-05    0.3203305479E-05    0.4649352878E-05    0.6322856939E-05    0.8192406956E-05    0.1022099684E-04    0.1236820246E-04    0.1459263730E-04    0.1685451509E-04    0.1911768133E-04    0.2135111122E-04    0.2352957360E-04    0.2563373705E-04    0.2764984576E-04    0.2956898534E-04    0.3138626734E-04
        0.0038953921    0.2822816546E-05    0.4500229823E-05    0.6531755408E-05    0.8882830236E-05    0.1150932493E-04    0.1435924570E-04    0.1737579882E-04    0.2050084002E-04    0.2367847354E-04    0.2685790573E-04    0.2999554978E-04    0.3305595880E-04    0.3601197496E-04    0.3884427405E-04    0.4154033380E-04    0.4409328816E-04
        0.0042650218    0.3958035268E-05    0.6310043761E-05    0.9158594474E-05    0.1245520797E-04    0.1613800537E-04    0.2013407459E-04    0.2436377634E-04    0.2874558000E-04    0.3320110850E-04    0.3765913857E-04    0.4205855277E-04    0.4634964818E-04    0.5049434568E-04    0.5446555125E-04    0.5824570893E-04    0.6182519429E-04
        0.0046697254    0.5538012290E-05    0.8828916467E-05    0.1281460740E-04    0.1742722681E-04    0.2258019062E-04    0.2817146706E-04    0.3408961657E-04    0.4022055711E-04    0.4645462031E-04    0.5269214724E-04    0.5884762006E-04    0.6485149394E-04    0.7065048999E-04    0.7620670154E-04    0.8149556863E-04    0.8650362996E-04
        0.0051128308    0.7730356292E-05    0.1232406307E-04    0.1788765799E-04    0.2432637660E-04    0.3151935118E-04    0.3932413411E-04    0.4758515297E-04    0.5614315303E-04    0.6484504271E-04    0.7355170243E-04    0.8214375412E-04    0.9052411949E-04    0.9861842935E-04    0.1063737757E-03    0.1137558832E-03    0.1207459705E-03
        0.0055979820    0.1076448105E-04    0.1716123567E-04    0.2490864327E-04    0.3387467555E-04    0.4389101209E-04    0.5475925425E-04    0.6626273843E-04    0.7817968336E-04    0.9029689388E-04    0.1024206313E-03    0.1143846513E-03    0.1260537681E-03    0.1373244252E-03    0.1481229572E-03    0.1584016484E-03    0.1681343619E-03
        0.0061291687    0.1494731822E-04    0.2382977654E-04    0.3458786516E-04    0.4703814087E-04    0.6094685580E-04    0.7603844873E-04    0.9201201326E-04    0.1085595527E-03    0.1253849997E-03    0.1422193053E-03    0.1588316062E-03    0.1750341783E-03    0.1906832290E-03    0.2056764834E-03    0.2199477070E-03    0.2334606350E-03
        0.0067107592    0.2069485141E-04    0.3299289603E-04    0.4788801917E-04    0.6512606056E-04    0.8438335391E-04    0.1052782626E-03    0.1273940849E-03    0.1503043281E-03    0.1735990275E-03    0.1969056297E-03    0.2199044647E-03    0.2423356093E-03    0.2639999869E-03    0.2847560222E-03    0.3045120520E-03    0.3232179171E-03
        0.0073475362    0.2855837671E-04    0.4552954626E-04    0.6608499341E-04    0.8987369436E-04    0.1164489325E-03    0.1452838621E-03    0.1758032871E-03    0.2074185406E-03    0.2395637841E-03    0.2717248145E-03    0.3034604316E-03    0.3344119214E-03    0.3643045741E-03    0.3929430664E-03    0.4202009752E-03    0.4460091703E-03
        0.0080447363    0.3927104915E-04    0.6260864022E-04    0.9087562715E-04    0.1235888473E-03    0.1601339016E-03    0.1997859856E-03    0.2417538640E-03    0.2852278425E-03    0.3294296530E-03    0.3736520485E-03    0.4172882166E-03    0.4598448363E-03    0.5009441702E-03    0.5403177081E-03    0.5777917266E-03    0.6132713188E-03
        0.0088080930    0.5379114801E-04    0.8575804715E-04    0.1244779072E-03    0.1692881744E-03    0.2193470883E-03    0.2736612981E-03    0.3311465421E-03    0.3906933770E-03    0.4512354647E-03    0.5118037802E-03    0.5715669512E-03    0.6298491723E-03    0.6861330756E-03    0.7400510151E-03    0.7913652502E-03    0.8399460548E-03
        0.0096438838    0.7336959721E-04    0.1169722675E-03    0.1697873352E-03    0.2309098984E-03    0.2991914889E-03    0.3732762694E-03    0.4516845210E-03    0.5329023381E-03    0.6154747111E-03    0.6980794254E-03    0.7795821692E-03    0.8590610169E-03    0.9358103538E-03    0.1009328971E-02    0.1079292972E-02    0.1145525889E-02
        0.0105589819    0.9960544507E-04    0.1588009289E-03    0.2305055031E-03    0.3134887678E-03    0.4061910141E-03    0.5067700131E-03    0.6132155193E-03    0.7234711291E-03    0.8355605673E-03    0.9476879568E-03    0.1058312776E-02    0.1166183181E-02    0.1270341345E-02    0.1370107267E-02    0.1465041887E-02    0.1554906455E-02
        0.0115609128    0.1345282675E-03    0.2144802423E-03    0.3113311112E-03    0.4234160186E-03    0.5486274466E-03    0.6844746515E-03    0.8282401831E-03    0.9771446440E-03    0.1128517149E-02    0.1279930676E-02    0.1429303545E-02    0.1574944564E-02    0.1715560263E-02    0.1850232970E-02    0.1978370809E-02    0.2099652745E-02
        0.0126579159    0.1806632658E-03    0.2880368827E-03    0.4181110241E-03    0.5686450072E-03    0.7368069513E-03    0.9192476063E-03    0.1112313550E-02    0.1312268783E-02    0.1515523518E-02    0.1718815850E-02    0.1919348442E-02    0.2114849378E-02    0.2303581922E-02    0.2484314978E-02    0.2656255626E-02    0.2818975167E-02
        0.0138590124    0.2411010200E-03    0.3843993629E-03    0.5580023767E-03    0.7589120303E-03    0.9833463819E-03    0.1226828578E-02    0.1484476176E-02    0.1751297488E-02    0.2022496767E-02    0.2293716533E-02    0.2561220654E-02    0.2821975934E-02    0.3073665200E-02    0.3314647708E-02    0.3543868587E-02    0.3760759872E-02
        0.0151740797    0.3195098332E-03    0.5094179482E-03    0.7395021249E-03    0.1005777015E-02    0.1303226237E-02    0.1625905206E-02    0.1967332222E-02    0.2320882295E-02    0.2680191475E-02    0.3039477836E-02    0.3393785207E-02    0.3739091919E-02    0.4072328229E-02    0.4391323556E-02    0.4694685596E-02    0.4981668707E-02
        0.0166139325    0.4201435137E-03    0.6698773586E-03    0.9724663469E-03    0.1322650386E-02    0.1713825649E-02    0.2138155891E-02    0.2587098933E-02    0.3051926498E-02    0.3524255885E-02    0.3996471889E-02    0.4462049108E-02    0.4915695953E-02    0.5353377666E-02    0.5772246434E-02    0.6170480951E-02    0.6547112551E-02
        0.0181904113    0.5477641707E-03    0.8733740772E-03    0.1267933360E-02    0.1724553352E-02    0.2234611978E-02    0.2787861236E-02    0.3373132978E-02    0.3979020098E-02    0.4594569950E-02    0.5209834277E-02    0.5816292324E-02    0.6407040209E-02    0.6976821045E-02    0.7521932960E-02    0.8040017441E-02    0.8529831343E-02
        0.0199164806    0.7074243386E-03    0.1127969601E-02    0.1637622224E-02    0.2227437292E-02    0.2886259596E-02    0.3600803370E-02    0.4356594408E-02    0.5138855737E-02    0.5933403909E-02    0.6727359087E-02    0.7509696123E-02    0.8271491613E-02    0.9005962900E-02    0.9708347758E-02    0.1037562696E-01    0.1100622764E-01
        0.0218063349    0.9042273154E-03    0.1441809380E-02    0.2093382520E-02    0.2847438095E-02    0.3689685670E-02    0.4603062724E-02    0.5568986956E-02    0.6568498394E-02    0.7583406763E-02    0.8597198994E-02    0.9595750865E-02    0.1056764657E-01    0.1150422852E-01    0.1239944099E-01    0.1324946874E-01    0.1405235438E-01
        0.0238755154    0.1143046253E-02    0.1822676940E-02    0.2646552229E-02    0.3600008336E-02    0.4664931255E-02    0.5819625816E-02    0.7040473781E-02    0.8303394342E-02    0.9585297909E-02    0.1086523311E-01    0.1212529755E-01    0.1335104740E-01    0.1453155994E-01    0.1565923153E-01    0.1672931001E-01    0.1773940532E-01
        0.0261410384    0.1428232101E-02    0.2277532169E-02    0.3307296703E-02    0.4499029528E-02    0.5830024387E-02    0.7272980249E-02    0.8798189226E-02    0.1037538877E-01    0.1197558425E-01    0.1357248160E-01    0.1514364208E-01    0.1667100225E-01    0.1814095093E-01    0.1954406959E-01    0.2087453098E-01    0.2212947899E-01
        0.0286215345    0.1763665366E-02    0.2812600414E-02    0.4084752973E-02    0.5557027780E-02    0.7201284000E-02    0.8983521260E-02    0.1086675937E-01    0.1281336924E-01    0.1478733364E-01    0.1675601465E-01    0.1869160443E-01    0.2057177871E-01    0.2237978924E-01    0.2410413201E-01    0.2573777784E-01    0.2727739396E-01
        0.0313374022    0.2153645452E-02    0.3434799798E-02    0.4989123197E-02    0.6788049094E-02    0.8797081360E-02    0.1097428521E-01    0.1327407347E-01    0.1565012141E-01    0.1805814338E-01    0.2045804636E-01    0.2281573697E-01    0.2510393503E-01    0.2730228123E-01    0.2939691470E-01    0.3137949320E-01    0.3324622473E-01
        0.0343109759    0.2604666052E-02    0.4154584133E-02    0.6035830810E-02    0.8213349104E-02    0.1064525888E-01    0.1328025662E-01    0.1606259917E-01    0.1893573435E-01    0.2184568252E-01    0.2474362956E-01    0.2758816106E-01    0.3034626596E-01    0.3299345735E-01    0.3551323605E-01    0.3789584633E-01    0.4013708131E-01
        0.0375667089    0.3128511458E-02    0.4990893272E-02    0.7252742662E-02    0.9871257100E-02    0.1279595842E-01    0.1596441691E-01    0.1930883745E-01    0.2276057958E-01    0.2625425106E-01    0.2973079592E-01    0.3314024162E-01    0.3644292757E-01    0.3960963374E-01    0.4262090007E-01    0.4546544808E-01    0.4813871751E-01
        0.0411313750    0.3748913469E-02    0.5981769370E-02    0.8695604241E-02    0.1183817645E-01    0.1534881561E-01    0.1915160816E-01    0.2316417183E-01    0.2730330885E-01    0.3148995095E-01    0.3565280375E-01    0.3973171563E-01    0.4367917266E-01    0.4746042493E-01    0.5105262171E-01    0.5444280500E-01    0.5762612503E-01
        0.0450342886    0.4500905558E-02    0.7183343730E-02    0.1044662716E-01    0.1422671447E-01    0.1845057548E-01    0.2302555868E-01    0.2785121500E-01    0.3282643198E-01    0.3785541153E-01    0.4285193370E-01    0.4774348629E-01    0.5247307656E-01    0.5699934030E-01    0.6129544013E-01    0.6534650468E-01    0.6914745730E-01
        0.0493075457    0.5446517824E-02    0.8694786616E-02    0.1265062799E-01    0.1723461175E-01    0.2235807876E-01    0.2790677191E-01    0.3375702151E-01    0.3978488132E-01    0.4587338990E-01    0.5191752144E-01    0.5782926417E-01    0.6353981536E-01    0.6899964936E-01    0.7417710331E-01    0.7905507966E-01    0.8362839250E-01
        0.0539862877    0.6664518947E-02    0.1064191378E-01    0.1549123075E-01    0.2111227879E-01    0.2739597424E-01    0.3419934445E-01    0.4136807052E-01    0.4874838660E-01    0.5619595091E-01    0.6358154036E-01    0.7079733313E-01    0.7775957656E-01    0.8440857510E-01    0.9070684517E-01    0.9663480973E-01    0.1021875144E+00
        0.0591089906    0.8211751381E-02    0.1311568919E-01    0.1910192951E-01    0.2604235548E-01    0.3380143551E-01    0.4219830357E-01    0.5103854048E-01    0.6012984208E-01    0.6929284755E-01    0.7836758298E-01    0.8722128607E-01    0.9575166898E-01    0.1038867590E+00    0.1115824344E+00    0.1188167207E+00    0.1255856624E+00
        0.0647177816    0.1009792608E-01    0.1613230225E-01    0.2350869104E-01    0.3206257828E-01    0.4162564523E-01    0.5196868942E-01    0.6284656284E-01    0.7401881912E-01    0.8526281673E-01    0.9638086313E-01    0.1072100347E+00    0.1176261724E+00    0.1275434207E+00    0.1369108259E+00    0.1457046958E+00    0.1539233556E+00
        0.0708587849    0.1224062858E-01    0.1956225964E-01    0.2852855791E-01    0.3893057176E-01    0.5056275147E-01    0.6313795749E-01    0.7635047722E-01    0.8990300044E-01    0.1035223061E+00    0.1169670671E+00    0.1300402041E+00    0.1425936433E+00    0.1545271901E+00    0.1657837031E+00    0.1763388989E+00    0.1861947658E+00
        0.0775825017    0.1441486018E-01    0.2305173562E-01    0.3365863139E-01    0.4597840561E-01    0.5976977031E-01    0.7468270969E-01    0.9034518733E-01    0.1063979861E+00    0.1225134407E+00    0.1384038788E+00    0.1538368642E+00    0.1686403936E+00    0.1827005078E+00    0.1959545743E+00    0.2083781343E+00    0.2199770301E+00
        0.0849442250    0.1636352900E-01    0.2619955585E-01    0.3833438849E-01    0.5246584255E-01    0.6832611408E-01    0.8550284775E-01    0.1035562055E+00    0.1220639703E+00    0.1406441413E+00    0.1589635863E+00    0.1767557740E+00    0.1938255956E+00    0.2100451883E+00    0.2253453086E+00    0.2396993765E+00    0.2531147937E+00
        0.0930044946    0.1811774753E-01    0.2906427174E-01    0.4265976905E-01    0.5856067568E-01    0.7648164551E-01    0.9594409656E-01    0.1164346203E+00    0.1374649394E+00    0.1585988337E+00    0.1794588414E+00    0.1997448107E+00    0.2192373294E+00    0.2377917743E+00    0.2553284299E+00    0.2718143124E+00    0.2872543427E+00
        0.1018295948    0.2019495230E-01    0.3247355896E-01    0.4784596777E-01    0.6591350701E-01    0.8636427871E-01    0.1086266491E+00    0.1320909252E+00    0.1561906626E+00    0.1804309749E+00    0.2043875354E+00    0.2277233367E+00    0.2501901836E+00    0.2716216585E+00    0.2919229299E+00    0.3110507301E+00    0.3290047877E+00
        0.1114920997    0.2345313622E-01    0.3778747421E-01    0.5586110947E-01    0.7716517921E-01    0.1013156975E+00    0.1275839081E+00    0.1552199815E+00    0.1835586275E+00    0.2120376682E+00    0.2401796074E+00    0.2676045434E+00    0.2940301847E+00    0.3192646640E+00    0.3431965801E+00    0.3657726915E+00    0.3869895057E+00
        0.1220714697    0.2826670321E-01    0.4559814558E-01    0.6756280234E-01    0.9344356250E-01    0.1227110443E+00    0.1543993342E+00    0.1875783826E+00    0.2214720911E+00    0.2554470780E+00    0.2889673070E+00    0.3216042262E+00    0.3530373454E+00    0.3830479654E+00    0.4115095646E+00    0.4383621990E+00    0.4636038948E+00
        0.1336547051    0.3344798568E-01    0.5405453549E-01    0.8033230775E-01    0.1112723917E+00    0.1461613313E+00    0.1837721894E+00    0.2230069107E+00    0.2629963091E+00    0.3030420119E+00    0.3425440472E+00    0.3810148164E+00    0.4180846927E+00    0.4534987546E+00    0.4871082327E+00    0.5188412002E+00    0.5486937390E+00
        0.1463370617    0.3716073601E-01    0.6032742538E-01    0.9021046531E-01    0.1254969658E+00    0.1653356363E+00    0.2083055840E+00    0.2532041317E+00    0.2990991309E+00    0.3452261471E+00    0.3909013810E+00    0.4355500056E+00    0.4787229922E+00    0.5201002638E+00    0.5594850310E+00    0.5967713229E+00    0.6319352196E+00
        0.1602228341    0.3986242103E-01    0.6518819570E-01    0.9836553293E-01    0.1377547303E+00    0.1824300114E+00    0.2308420504E+00    0.2817185790E+00    0.3340605587E+00    0.3870098121E+00    0.4397604425E+00    0.4916100435E+00    0.5419922477E+00    0.5904886605E+00    0.6368271936E+00    0.6808461834E+00    0.7224854924E+00
        0.1754262130    0.4506892496E-01    0.7410916292E-01    0.1125067919E+00    0.1580612235E+00    0.2097278372E+00    0.2657729610E+00    0.3248054598E+00    0.3857179262E+00    0.4475282794E+00    0.5092878663E+00    0.5701558148E+00    0.6294454114E+00    0.6866425953E+00    0.7414064732E+00    0.7935276427E+00    0.8429186748E+00
        0.1920722248    0.5309600319E-01    0.8754574410E-01    0.1331924849E+00    0.1869992803E+00    0.2477768867E+00    0.3135453199E+00    0.3827485456E+00    0.4541467406E+00    0.5266271918E+00    0.5990999731E+00    0.6705925987E+00    0.7403072728E+00    0.8076439456E+00    0.8722020939E+00    0.9337319472E+00    0.9921250200E+00
        0.2102977595    0.5897680044E-01    0.9791850739E-01    0.1499536381E+00    0.2113355870E+00    0.2809119186E+00    0.3565296307E+00    0.4364728534E+00    0.5193382340E+00    0.6038308065E+00    0.6886548710E+00    0.7726371974E+00    0.8548019926E+00    0.9344033555E+00    0.1010931034E+01    0.1084054700E+01    0.1153614338E+01
        0.2302526962    0.6364503084E-01    0.1067546101E+00    0.1650885432E+00    0.2343161635E+00    0.3134427144E+00    0.4001451578E+00    0.4925027282E+00    0.5888828815E+00    0.6877326093E+00    0.7874700313E+00    0.8866445395E+00    0.9840351545E+00    0.1078695278E+01    0.1169963092E+01    0.1257396995E+01    0.1340764586E+01
        0.2521011363    0.7269548208E-01    0.1224589500E+00    0.1900078750E+00    0.2700808730E+00    0.3617621690E+00    0.4624404479E+00    0.5699541744E+00    0.6824610322E+00    0.7981889006E+00    0.9153041508E+00    0.1032104190E+01    0.1147137985E+01    0.1259264413E+01    0.1367669914E+01    0.1471796426E+01    0.1571332068E+01
        0.2760227522    0.8078364001E-01    0.1370557651E+00    0.2140576851E+00    0.3057019024E+00    0.4112428922E+00    0.5277729252E+00    0.6528502232E+00    0.7843625514E+00    0.9202416498E+00    0.1058312618E+01    0.1196530252E+01    0.1333130005E+01    0.1466704943E+01    0.1596232711E+01    0.1720994647E+01    0.1840567276E+01
        0.3022142655    0.8822953622E-01    0.1511709127E+00    0.2383606068E+00    0.3429508641E+00    0.4644227247E+00    0.5995241588E+00    0.7454569448E+00    0.8997503031E+00    0.1059944163E+01    0.1223422376E+01    0.1387702716E+01    0.1550624040E+01    0.1710444646E+01    0.1865879080E+01    0.2016006126E+01    0.2160260011E+01
        0.3308910644    0.9884091208E-01    0.1703346221E+00    0.2701321245E+00    0.3903307018E+00    0.5306692612E+00    0.6875435679E+00    0.8578404488E+00    0.1038777894E+01    0.1227523137E+01    0.1420996726E+01    0.1616228190E+01    0.1810592535E+01    0.2001941835E+01    0.2188660246E+01    0.2369564366E+01    0.2543896774E+01
        0.3622889751    0.1078499891E+00    0.1879039008E+00    0.3012222011E+00    0.4389707314E+00    0.6012200295E+00    0.7839344229E+00    0.9835516523E+00    0.1196828125E+01    0.1420406854E+01    0.1650596252E+01    0.1883802181E+01    0.2116818601E+01    0.2346994361E+01    0.2572305940E+01    0.2791247235E+01    0.3002823368E+01
        0.3966662010    0.1192905873E+00    0.2095935182E+00    0.3388739410E+00    0.4971604848E+00    0.6849978580E+00    0.8979625053E+00    0.1132085053E+01    0.1383668144E+01    0.1648784654E+01    0.1923031844E+01    0.2202064948E+01    0.2481962462E+01    0.2759443454E+01    0.3031966304E+01    0.3297610376E+01    0.3555070005E+01
        0.4343054463    0.1303631873E+00    0.2317564235E+00    0.3790326650E+00    0.5611046374E+00    0.7790972205E+00    0.1028125653E+01    0.1303701743E+01    0.1601548024E+01    0.1917025616E+01    0.2244860435E+01    0.2579793836E+01    0.2917033443E+01    0.3252529802E+01    0.3583105022E+01    0.3906327142E+01    0.4220502255E+01
        0.4755162407    0.1428573692E+00    0.2568847732E+00    0.4248727295E+00    0.6345616851E+00    0.8878899339E+00    0.1179547059E+01    0.1504505173E+01    0.1857828276E+01    0.2234028603E+01    0.2626773858E+01    0.3029686853E+01    0.3436903872E+01    0.3843426657E+01    0.4245287317E+01    0.4639417811E+01    0.5023636154E+01
        0.5206374847    0.1559054297E+00    0.2840334774E+00    0.4757309016E+00    0.7175914422E+00    0.1012595874E+01    0.1354989603E+01    0.1739120870E+01    0.2159263149E+01    0.2608899247E+01    0.3080413480E+01    0.3566070957E+01    0.4058704784E+01    0.4552160534E+01    0.5041503383E+01    0.5522886721E+01    0.5993525602E+01
        0.5700402368    0.1696553563E+00    0.3135764665E+00    0.5324652112E+00    0.8118364430E+00    0.1156006927E+01    0.1558775649E+01    0.2013777618E+01    0.2514340050E+01    0.3052696406E+01    0.3619673187E+01    0.4205888598E+01    0.4802594836E+01    0.5402236130E+01    0.5998703248E+01    0.6587207127E+01    0.7164227557E+01
        0.6241307649    0.1841326121E+00    0.3457428046E+00    0.5958342069E+00    0.9189795291E+00    0.1321191950E+01    0.1795827966E+01    0.2335697983E+01    0.2932984617E+01    0.3578395620E+01    0.4260863474E+01    0.4969013257E+01    0.5692190085E+01    0.6421154825E+01    0.7148388200E+01    0.7867977702E+01    0.8575521495E+01
        0.6833538873    0.1991686994E+00    0.3805909294E+00    0.6665415955E+00    0.1040856490E+01    0.1511657136E+01    0.2071857968E+01    0.2713300123E+01    0.3426765259E+01    0.4201086976E+01    0.5022894605E+01    0.5878412057E+01    0.6754702825E+01    0.7640529676E+01    0.8526704833E+01    0.9406001856E+01    0.1027298270E+02
        0.7481966305    0.2146726411E+00    0.4183354764E+00    0.7455769727E+00    0.1179783633E+01    0.1731672135E+01    0.2393714751E+01    0.3156583982E+01    0.4009314386E+01    0.4938418355E+01    0.5927725194E+01    0.6960584302E+01    0.8021358385E+01    0.9096473699E+01    0.1017480282E+02    0.1124761814E+02    0.1230829227E+02
        0.8191922345    0.2306233908E+00    0.4593678096E+00    0.8342879539E+00    0.1338717320E+01    0.1986547489E+01    0.2769782857E+01    0.3677625187E+01    0.4696882255E+01    0.5811172345E+01    0.7000929704E+01    0.8246093696E+01    0.9527873399E+01    0.1083001319E+02    0.1213917894E+02    0.1344497742E+02    0.1473945438E+02
        0.8969245379    0.2471563138E+00    0.5043732371E+00    0.9345610848E+00    0.1521545422E+01    0.2283059465E+01    0.3210522844E+01    0.4291191621E+01    0.5508984016E+01    0.6843899338E+01    0.8272278046E+01    0.9770063033E+01    0.1131484350E+02    0.1288735619E+02    0.1447182208E+02    0.1605606781E+02    0.1763070918E+02
        0.9820327791    0.2646098679E+00    0.5544070267E+00    0.1048995871E+01    0.1733404911E+01    0.2629901725E+01    0.3729012289E+01    0.5015318259E+01    0.6468949815E+01    0.8065386654E+01    0.9776076201E+01    0.1157235202E+02    0.1342773739E+02    0.1531969418E+02    0.1722982248E+02    0.1914413905E+02    0.2105178298E+02
        1.0752168532    0.2835416199E+00    0.6109438744E+00    0.1181071491E+01    0.1980975789E+01    0.3038064645E+01    0.4341351064E+01    0.5871668329E+01    0.7604167479E+01    0.9508716773E+01    0.1155099162E+02    0.1369712199E+02    0.1591619013E+02    0.1818222664E+02    0.2047413778E+02    0.2277622550E+02    0.2507618366E+02
        1.1772430677    0.3046468406E+00    0.6758565732E+00    0.1335216764E+01    0.2272593890E+01    0.3520928002E+01    0.5066656335E+01    0.6885338103E+01    0.8945610044E+01    0.1121045422E+02    0.1363886603E+02    0.1619126884E+02    0.1883206954E+02    0.2153188650E+02    0.2426700576E+02    0.2702027510E+02    0.2977806855E+02
        1.2889504441    0.3286392181E+00    0.7513610395E+00    0.1516749826E+01    0.2618116755E+01    0.4093977353E+01    0.5926522082E+01    0.8083948627E+01    0.1052647735E+02    0.1320879729E+02    0.1608237881E+02    0.1910163175E+02    0.2222628086E+02    0.2542379736E+02    0.2866810584E+02    0.3194105835E+02    0.3522793028E+02
        1.4112576178    0.3561954475E+00    0.8399265212E+00    0.1731663741E+01    0.3028530279E+01    0.4774118891E+01    0.6943905189E+01    0.9495995956E+01    0.1237995996E+02    0.1554076511E+02    0.1892171502E+02    0.2247123014E+02    0.2614466909E+02    0.2990693271E+02    0.3373004877E+02    0.3759554207E+02    0.4148788504E+02
        1.5451703927    0.3879821224E+00    0.9442055802E+00    0.1986440524E+01    0.3515569294E+01    0.5578953809E+01    0.8141916400E+01    0.1114908750E+02    0.1453692988E+02    0.1823942138E+02    0.2219144616E+02    0.2633594478E+02    0.3062463569E+02    0.3502078083E+02    0.3949516961E+02    0.4402985790E+02    0.4860883448E+02
        1.6917900122    0.4247096810E+00    0.1067034773E+01    0.2288006335E+01    0.4091498005E+01    0.6526222954E+01    0.9542825755E+01    0.1306850297E+02    0.1702414764E+02    0.2133188548E+02    0.2591853381E+02    0.3072269975E+02    0.3569365307E+02    0.4079430258E+02    0.4599499294E+02    0.5127929548E+02    0.5663097871E+02
        1.8523222157    0.4671488663E+00    0.1211513951E+01    0.2643797437E+01    0.4769005556E+01    0.7633391904E+01    0.1116729678E+02    0.1527616347E+02    0.1986314922E+02    0.2483836914E+02    0.3012174970E+02    0.3564946693E+02    0.4136999437E+02    0.4724746254E+02    0.5325258576E+02    0.5937145108E+02    0.6558771709E+02
        2.0280871538    0.5162046470E+00    0.1381213230E+01    0.3061998485E+01    0.5561329615E+01    0.8917569718E+01    0.1303415177E+02    0.1779043057E+02    0.2307033980E+02    0.2877283607E+02    0.3481313477E+02    0.4112768749E+02    0.4766619320E+02    0.5439572122E+02    0.6128802535E+02    0.6833257712E+02    0.7551279592E+02
        2.2205302450    0.5730107778E+00    0.1580328561E+01    0.3551661521E+01    0.6482193568E+01    0.1039523967E+02    0.1516005507E+02    0.2062602226E+02    0.2665744647E+02    0.3314425292E+02    0.4000022731E+02    0.4716555075E+02    0.5459333809E+02    0.6225522559E+02    0.7012433760E+02    0.7819411264E+02    0.8644732630E+02
        2.4312340620    0.6376889475E+00    0.1811015605E+01    0.4117739677E+01    0.7538121372E+01    0.1207177184E+02    0.1754653722E+02    0.2377903131E+02    0.3061499435E+02    0.3793888849E+02    0.4566742716E+02    0.5374852208E+02    0.6214073923E+02    0.7082150943E+02    0.7976513184E+02    0.8896918127E+02    0.9841515721E+02
        2.6619313461    0.7142715883E+00    0.2083630196E+01    0.4779241737E+01    0.8755569152E+01    0.1397834728E+02    0.2022693291E+02    0.2728364866E+02    0.3497830509E+02    0.4319492543E+02    0.5185843680E+02    0.6092871625E+02    0.7037128587E+02    0.8016992942E+02    0.9029936728E+02    0.1007611208E+03    0.1115347858E+03
        2.9145192568    0.8030431209E+00    0.2400619134E+01    0.5540173638E+01    0.1013719264E+02    0.1611289168E+02    0.2319253561E+02    0.3112455271E+02    0.3972716564E+02    0.4889035498E+02    0.5855318923E+02    0.6869147496E+02    0.7927819405E+02    0.9030310948E+02    0.1017401234E+03    0.1135942991E+03    0.1258429533E+03
        3.1910749729    0.9070286997E+00    0.2770007010E+01    0.6413557125E+01    0.1169802721E+02    0.1848958851E+02    0.2645549918E+02    0.3531244512E+02    0.4487290183E+02    0.5504042033E+02    0.6577440528E+02    0.7706970049E+02    0.8890590677E+02    0.1012775091E+03    0.1141562812E+03    0.1275506396E+03    0.1414358139E+03
        3.4938727747    0.1028318739E+01    0.3197459728E+01    0.7407062749E+01    0.1344420278E+02    0.2111065432E+02    0.3001390393E+02    0.3984262752E+02    0.5041072792E+02    0.6164400454E+02    0.7352813189E+02    0.8607854370E+02    0.9927915496E+02    0.1131274455E+03    0.1275922911E+03    0.1426859531E+03    0.1583824110E+03
        3.8254027466    0.1169624229E+01    0.3689454190E+01    0.8528756171E+01    0.1538197043E+02    0.2397902183E+02    0.3386780577E+02    0.4471384264E+02    0.5634091638E+02    0.6870668896E+02    0.8182806146E+02    0.9574043595E+02    0.1104286759E+03    0.1258919599E+03    0.1420966697E+03    0.1590603523E+03    0.1767569553E+03
        4.1883912545    0.1333985367E+01    0.4252536262E+01    0.9785923553E+01    0.1751640038E+02    0.2709687046E+02    0.3801721509E+02    0.4992541594E+02    0.6266508868E+02    0.7623605307E+02    0.9068945015E+02    0.1060776214E+03    0.1223830641E+03    0.1396069097E+03    0.1577148041E+03    0.1767316885E+03    0.1966325448E+03
        4.5858233661    0.1524435797E+01    0.4892493470E+01    0.1118386235E+02    0.1985002084E+02    0.3046386740E+02    0.4245954627E+02    0.5547385397E+02    0.6938212203E+02    0.8423665645E+02    0.1001228250E+03    0.1171051183E+03    0.1351620925E+03    0.1542992802E+03    0.1744840380E+03    0.1957506609E+03    0.2180756902E+03
        5.0209673996    0.1744319769E+01    0.5615045871E+01    0.1272749307E+02    0.2238545171E+02    0.3408040960E+02    0.4719310852E+02    0.6135666057E+02    0.7649236107E+02    0.9271411897E+02    0.1101377912E+03    0.1288353708E+03    0.1487831109E+03    0.1699949396E+03    0.1924417529E+03    0.2161682138E+03    0.2411525272E+03
        5.4974018001    0.1997009398E+01    0.6425288514E+01    0.1442070838E+02    0.2512447344E+02    0.3794598233E+02    0.5221470933E+02    0.6756955518E+02    0.8399444849E+02    0.1016709813E+03    0.1207385147E+03    0.1412748513E+03    0.1632587248E+03    0.1867159760E+03    0.2116212253E+03    0.2380293106E+03    0.2659202601E+03
        6.0190445678    0.2285686003E+01    0.7327348006E+01    0.1626603162E+02    0.2806736383E+02    0.4205788809E+02    0.5751796437E+02    0.7410477143E+02    0.9188327732E+02    0.1111038879E+03    0.1319215706E+03    0.1544234001E+03    0.1785961165E+03    0.2044783463E+03    0.2320469210E+03    0.2613656818E+03    0.2924176085E+03
        6.5901854779    0.2613445590E+01    0.8324815920E+01    0.1826550732E+02    0.3121386951E+02    0.4641219145E+02    0.6309450554E+02    0.8095278123E+02    0.1001515138E+03    0.1210051133E+03    0.1436792890E+03    0.1682784389E+03    0.1947998851E+03    0.2232923493E+03    0.2537324778E+03    0.2861924983E+03    0.3206625477E+03
        7.2155213579    0.2983317809E+01    0.9420988888E+01    0.2042104949E+02    0.3456332823E+02    0.5100369309E+02    0.6893417443E+02    0.8810277595E+02    0.1087895145E+03    0.1313631802E+03    0.1560020723E+03    0.1828362941E+03    0.2118707673E+03    0.2431586930E+03    0.2766761211E+03    0.3125079025E+03    0.3506592343E+03
        7.9001947124    0.3398122934E+01    0.1061869537E+02    0.2273391017E+02    0.3811359297E+02    0.5582452944E+02    0.7502369919E+02    0.9554123664E+02    0.1177831983E+03    0.1421621557E+03    0.1688779780E+03    0.1980891346E+03    0.2297995096E+03    0.2640622869E+03    0.3008604014E+03    0.3403017360E+03    0.3824117261E+03
        8.6498360130    0.3860510237E+01    0.1192043698E+02    0.2520463307E+02    0.4186076903E+02    0.6086395090E+02    0.8134684596E+02    0.1032519133E+03    0.1271139950E+03    0.1533833900E+03    0.1822929470E+03    0.2140220277E+03    0.2485632136E+03    0.2859761792E+03    0.3262654994E+03    0.3695679561E+03    0.4159261326E+03
        9.4706100008    0.4372959946E+01    0.1332834792E+02    0.2783270140E+02    0.4579865321E+02    0.6610781414E+02    0.8788422849E+02    0.1112151226E+03    0.1367588960E+03    0.1650062550E+03    0.1962284643E+03    0.2306084494E+03    0.2681277002E+03    0.3088730843E+03    0.3528761647E+03    0.4002951155E+03    0.4511868635E+03
       10.3692663829    0.4937786884E+01    0.1484408225E+02    0.3061615220E+02    0.4991826403E+02    0.7153826913E+02    0.9461329322E+02    0.1194071031E+03    0.1466913159E+03    0.1770077211E+03    0.2106575408E+03    0.2478099786E+03    0.2884581556E+03    0.3327283280E+03    0.3806657710E+03    0.4324423585E+03    0.4881406415E+03
       11.3531953391    0.5557136289E+01    0.1646865618E+02    0.3355125026E+02    0.5420757709E+02    0.7713377508E+02    0.1015085773E+03    0.1277998776E+03    0.1568824564E+03    0.1893606495E+03    0.2255414692E+03    0.2655845380E+03    0.3095227723E+03    0.3575032930E+03    0.4095758501E+03    0.4659413174E+03    0.5267257767E+03
       12.4304882957    0.6232966247E+01    0.1820228563E+02    0.3663229461E+02    0.5865153640E+02    0.8286952030E+02    0.1085422603E+03    0.1363620509E+03    0.1673024888E+03    0.2020312393E+03    0.2408334296E+03    0.2838940501E+03    0.3312784513E+03    0.3831310437E+03    0.4395309824E+03    0.5007288905E+03    0.5668875235E+03
       13.6100044661    0.6967016393E+01    0.2004425199E+02    0.3985157963E+02    0.6323232547E+02    0.8871819763E+02    0.1156849013E+03    0.1450605862E+03    0.1779209261E+03    0.2149775036E+03    0.2564896230E+03    0.3026969817E+03    0.3536576482E+03    0.4095365375E+03    0.4704684508E+03    0.5367355079E+03    0.6085314107E+03
       14.9014437053    0.7760766407E+01    0.2199280897E+02    0.4319947123E+02    0.6792978779E+02    0.9465095734E+02    0.1229061718E+03    0.1538630175E+03    0.1887057948E+03    0.2281533580E+03    0.2724729065E+03    0.3219344209E+03    0.3765863351E+03    0.4366576326E+03    0.5023084506E+03    0.5738520469E+03    0.6515413807E+03
       16.3154262774    0.8615388906E+01    0.2404512370E+02    0.4666452829E+02    0.7272185028E+02    0.1006383017E+03    0.1301754226E+03    0.1627391970E+03    0.1996216909E+03    0.2415185133E+03    0.2887400364E+03    0.3415373329E+03    0.4000065308E+03    0.4644124714E+03    0.5349421246E+03    0.6119721637E+03    0.6958122742E+03
       17.8635801925    0.9531700557E+01    0.2619724170E+02    0.5023362509E+02    0.7758487197E+02    0.1066507522E+03    0.1374621976E+03    0.1716614966E+03    0.2106298867E+03    0.2550404940E+03    0.3052327540E+03    0.3614494192E+03    0.4238481206E+03    0.4927031431E+03    0.5682786238E+03    0.6509898538E+03    0.7411992186E+03
       19.5586368304    0.1051011406E+02    0.2844407391E+02    0.5389208768E+02    0.8249395809E+02    0.1126593366E+03    0.1447369403E+03    0.1806034161E+03    0.2216936830E+03    0.2686835140E+03    0.3218937306E+03    0.3816172877E+03    0.4480210976E+03    0.5214533074E+03    0.6022091218E+03    0.6907713081E+03    0.7875755513E+03
       21.4145356385    0.1155059318E+02    0.3077941037E+02    0.5762388041E+02    0.8742335316E+02    0.1186361098E+03    0.1519717139E+03    0.1895382041E+03    0.2327833407E+03    0.2824007374E+03    0.3386816126E+03    0.4019667998E+03    0.4724607048E+03    0.5505579339E+03    0.6366257034E+03    0.7311948173E+03    0.8347819669E+03
       23.4465387640    0.1265261318E+02    0.3319595889E+02    0.6141184320E+02    0.9234697357E+02    0.1245544371E+03    0.1591418344E+03    0.1984364245E+03    0.2438755362E+03    0.2961431724E+03    0.3555472237E+03    0.4224314230E+03    0.4970814363E+03    0.5799288859E+03    0.6714062297E+03    0.7721342702E+03    0.8826694821E+03
       25.6713565631    0.1381512988E+02    0.3568540649E+02    0.6523794149E+02    0.9723883192E+02    0.1303893358E+03    0.1662266660E+03    0.2072687957E+03    0.2549399208E+03    0.3098804535E+03    0.3724210895E+03    0.4429573408E+03    0.5217917555E+03    0.6094680391E+03    0.7064460817E+03    0.8134216654E+03    0.9311015579E+03
       28.1072850208    0.1503656015E+02    0.3823851047E+02    0.6908348760E+02    0.1020734321E+03    0.1361181604E+03    0.1732072978E+03    0.2160157660E+03    0.2659348094E+03    0.3235758105E+03    0.3892649995E+03    0.4634576716E+03    0.5465379913E+03    0.6390447400E+03    0.7416334150E+03    0.8549562054E+03    0.9798373326E+03
       30.7743562090    0.1631477313E+02    0.4084522959E+02    0.7292946570E+02    0.1068265998E+03    0.1417192876E+03    0.1800687950E+03    0.2246594107E+03    0.2768407378E+03    0.3371671365E+03    0.4060347427E+03    0.4838707863E+03    0.5712065529E+03    0.6686335933E+03    0.7767705776E+03    0.8966173850E+03    0.1028801684E+04
       33.6945030221    0.1764708777E+02    0.4349487931E+02    0.7675696537E+02    0.1114753599E+03    0.1471741745E+03    0.1867946908E+03    0.2331865148E+03    0.2876275346E+03    0.3506513319E+03    0.4226334562E+03    0.5041865440E+03    0.5956906760E+03    0.6980744654E+03    0.8118994877E+03    0.9380867607E+03    0.1077872997E+04
       36.8917395444    0.1903027577E+02    0.4617623893E+02    0.8054717584E+02    0.1159988366E+03    0.1524688094E+03    0.1933653884E+03    0.2415809100E+03    0.2982578287E+03    0.3639718109E+03    0.4390716017E+03    0.5242171518E+03    0.6200718042E+03    0.7271854784E+03    0.8467997976E+03    0.9795410894E+03    0.1126546740E+04
       40.3923585315    0.2046057850E+02    0.4887767350E+02    0.8428189833E+02    0.1203796383E+03    0.1575876933E+03    0.1997811059E+03    0.2497955254E+03    0.3087540012E+03    0.3770389441E+03    0.4553213992E+03    0.5440016796E+03    0.6440198498E+03    0.7562125336E+03    0.8811603804E+03    0.1020669465E+04    0.1175221667E+04
       44.2251476316    0.2193373569E+02    0.5158739020E+02    0.8794391832E+02    0.1245998882E+03    0.1625296121E+03    0.2060208100E+03    0.2578640932E+03    0.3190083779E+03    0.3899753373E+03    0.4711385569E+03    0.5636043722E+03    0.6675857004E+03    0.7846211853E+03    0.9154915359E+03    0.1060984830E+04    0.1223429872E+04
       48.4216261230    0.2344501219E+02    0.5429340394E+02    0.9151592207E+02    0.1286488663E+03    0.1672887826E+03    0.2120806789E+03    0.2657697486E+03    0.3290439738E+03    0.4025833180E+03    0.4868235011E+03    0.5825254259E+03    0.6910204317E+03    0.8124636984E+03    0.9489663917E+03    0.1101366290E+04    0.1270505777E+04
       53.0163041156    0.2498924778E+02    0.5698379930E+02    0.9498369063E+02    0.1325178898E+03    0.1718441190E+03    0.2180101687E+03    0.2733925502E+03    0.3389625764E+03    0.4147991886E+03    0.5021232470E+03    0.6012942130E+03    0.7134525054E+03    0.8402577393E+03    0.9816708140E+03    0.1140554138E+04    0.1317805850E+04
       58.0469663481    0.2656087590E+02    0.5964708890E+02    0.9833262023E+02    0.1361865593E+03    0.1762405254E+03    0.2236955567E+03    0.2809317845E+03    0.3484100886E+03    0.4269940622E+03    0.5167435108E+03    0.6196529460E+03    0.7357048974E+03    0.8666573429E+03    0.1014422936E+04    0.1178785156E+04    0.1363421229E+04
       63.5549829136    0.2815398292E+02    0.6227111693E+02    0.1015462334E+03    0.1396727736E+03    0.1804354892E+03    0.2292068665E+03    0.2882136154E+03    0.3577445636E+03    0.4384970640E+03    0.5314812203E+03    0.6369566544E+03    0.7575178578E+03    0.8928830653E+03    0.1045276480E+04    0.1217183829E+04    0.1407945214E+04
       69.5856494710    0.2976259764E+02    0.6484559219E+02    0.1046227678E+03    0.1429604526E+03    0.1843972741E+03    0.2346419465E+03    0.2951226739E+03    0.3668878778E+03    0.4497506540E+03    0.5453020180E+03    0.6545492189E+03    0.7778505136E+03    0.9185871429E+03    0.1076045878E+04    0.1253013521E+04    0.1452742320E+04
       76.1885597370    0.3138070369E+02    0.6736051718E+02    0.1075412045E+03    0.1460121896E+03    0.1882834055E+03    0.2396808664E+03    0.3021259065E+03    0.3753047116E+03    0.4609542470E+03    0.5586437908E+03    0.6709574534E+03    0.7987036364E+03    0.9423171410E+03    0.1106117796E+04    0.1289027797E+04    0.1494136284E+04
       83.4180133251    0.3300261336E+02    0.6980351129E+02    0.1102887990E+03    0.1489283295E+03    0.1918885380E+03    0.2447083993E+03    0.3085667002E+03    0.3839797303E+03    0.4710252218E+03    0.5721235727E+03    0.6866370549E+03    0.8179792919E+03    0.9669196922E+03    0.1133688447E+04    0.1323916302E+04    0.1536223008E+04
       91.3334622825    0.3462295430E+02    0.7217437712E+02    0.1128996450E+03    0.1516074303E+03    0.1953208490E+03    0.2495797568E+03    0.3148147110E+03    0.3919832266E+03    0.4814657969E+03    0.5840428689E+03    0.7026896400E+03    0.8363052545E+03    0.9893291228E+03    0.1162593408E+04    0.1355880913E+04    0.1576369778E+04
      100.0000000000    0.3623455520E+02    0.7446084909E+02    0.1153079018E+03    0.1540605065E+03    0.1987747769E+03    0.2539337228E+03    0.3211689171E+03    0.3994450213E+03    0.4911383048E+03    0.5964202096E+03    0.7166318813E+03    0.8552742177E+03    0.1010738962E+04    0.1188409587E+04    0.1389682886E+04    0.1613415085E+04
