               #####        0.2000000000        0.2533333333        0.3066666667        0.3600000000        0.4133333333        0.4666666667        0.5200000000        0.5733333333        0.6266666667        0.6800000000        0.7333333333        0.7866666667        0.8400000000        0.8933333333        0.9466666667        1.0000000000
        0.0010000000    0.1513182221E-07    0.2412342669E-07    0.3501276270E-07    0.4761500119E-07    0.6169363491E-07    0.7697012292E-07    0.9314009913E-07    0.1098919000E-06    0.1269259062E-06    0.1439698608E-06    0.1607901347E-06    0.1771967188E-06    0.1930440209E-06    0.2082284254E-06    0.2226827701E-06    0.2363702063E-06
        0.0010948890    0.2156386682E-07    0.3437750971E-07    0.4989554891E-07    0.6785459125E-07    0.8791759889E-07    0.1096876329E-06    0.1327309513E-06    0.1566034124E-06    0.1808780384E-06    0.2051668447E-06    0.2291368937E-06    0.2525174091E-06    0.2751009118E-06    0.2967397416E-06    0.3173381877E-06    0.3368437372E-06
        0.0011987818    0.3071504256E-07    0.4896648144E-07    0.7106999757E-07    0.9665042135E-07    0.1252276859E-06    0.1562364022E-06    0.1890587594E-06    0.2230621328E-06    0.2576383455E-06    0.2922347613E-06    0.3263771514E-06    0.3596798283E-06    0.3918472627E-06    0.4226691300E-06    0.4520091009E-06    0.4797923766E-06
        0.0013125330    0.4372507550E-07    0.6970731419E-07    0.1011732648E-06    0.1375888485E-06    0.1782706578E-06    0.2224138228E-06    0.2691388457E-06    0.3175451399E-06    0.3667669209E-06    0.4160174707E-06    0.4646216899E-06    0.5120305231E-06    0.5578232614E-06    0.6017004909E-06    0.6434681353E-06    0.6830197113E-06
        0.0014370779    0.6221181752E-07    0.9917921736E-07    0.1439488192E-06    0.1957607413E-06    0.2536426396E-06    0.3164493519E-06    0.3829295346E-06    0.4518018372E-06    0.5218344252E-06    0.5919079589E-06    0.6610619088E-06    0.7285150798E-06    0.7936688866E-06    0.8560973216E-06    0.9155242508E-06    0.9717981680E-06
        0.0015734408    0.8845390990E-07    0.1410148431E-06    0.2046690979E-06    0.2783362658E-06    0.3606338571E-06    0.4499336640E-06    0.5444565052E-06    0.6423805323E-06    0.7419542988E-06    0.8415863048E-06    0.9399108496E-06    0.1035817212E-05    0.1128454308E-05    0.1217216427E-05    0.1301710951E-05    0.1381722463E-05
        0.0017227429    0.1256740219E-06    0.2003518307E-06    0.2907908800E-06    0.3954561496E-06    0.5123834306E-06    0.6392593970E-06    0.7735562172E-06    0.9126854350E-06    0.1054158618E-05    0.1195714583E-05    0.1335412958E-05    0.1471675641E-05    0.1603293417E-05    0.1729405692E-05    0.1849454635E-05    0.1963134172E-05
        0.0018862122    0.1784156369E-06    0.2844334863E-06    0.4128271141E-06    0.5614173130E-06    0.7274155733E-06    0.9075377495E-06    0.1098195160E-05    0.1295713049E-05    0.1496558659E-05    0.1697521850E-05    0.1895847929E-05    0.2089296500E-05    0.2276150865E-05    0.2455189251E-05    0.2625619706E-05    0.2787007698E-05
        0.0020651929    0.2530620760E-06    0.4034362200E-06    0.5855478643E-06    0.7963060772E-06    0.1031755710E-05    0.1287238602E-05    0.1557664628E-05    0.1837821568E-05    0.2122698600E-05    0.2407742501E-05    0.2689046041E-05    0.2963431463E-05    0.3228463804E-05    0.3482410099E-05    0.3724147032E-05    0.3953058251E-05
        0.0022611570    0.3585743223E-06    0.5716457998E-06    0.8296875283E-06    0.1128319875E-05    0.1461938676E-05    0.1823943621E-05    0.2207122311E-05    0.2604089323E-05    0.3007744599E-05    0.3411636466E-05    0.3810228584E-05    0.4199018229E-05    0.4574555164E-05    0.4934383839E-05    0.5276912547E-05    0.5601267919E-05
        0.0024757158    0.5075064053E-06    0.8090760972E-06    0.1174294293E-05    0.1596962363E-05    0.2069148567E-05    0.2581511247E-05    0.3123842387E-05    0.3685689052E-05    0.4257002179E-05    0.4828650395E-05    0.5392797834E-05    0.5943071539E-05    0.6474588176E-05    0.6983872236E-05    0.7468670842E-05    0.7927747830E-05
        0.0027106339    0.7174172122E-06    0.1143719824E-05    0.1659996863E-05    0.2257485973E-05    0.2924974887E-05    0.3649258217E-05    0.4415905816E-05    0.5210141260E-05    0.6017759023E-05    0.6825850826E-05    0.7623339732E-05    0.8401216777E-05    0.9152578725E-05    0.9872512453E-05    0.1055783317E-04    0.1120679335E-04
        0.0029678432    0.1012842547E-05    0.1614692429E-05    0.2343567528E-05    0.3187097403E-05    0.4129452908E-05    0.5151990955E-05    0.6234339240E-05    0.7355636503E-05    0.8495827428E-05    0.9636688134E-05    0.1076258021E-04    0.1186078475E-04    0.1292155568E-04    0.1393795654E-04    0.1490549093E-04    0.1582169157E-04
        0.0032494587    0.1427638982E-05    0.2275968712E-05    0.3303345512E-05    0.4492333055E-05    0.5820619935E-05    0.7261928262E-05    0.8787542571E-05    0.1036805804E-04    0.1197520580E-04    0.1358329843E-04    0.1517029282E-04    0.1671826101E-04    0.1821346528E-04    0.1964612817E-04    0.2100991158E-04    0.2230133760E-04
        0.0035577965    0.2009311044E-05    0.3203281309E-05    0.4649249470E-05    0.6322675429E-05    0.8192157881E-05    0.1022071272E-04    0.1236792482E-04    0.1459240857E-04    0.1685437700E-04    0.1911767640E-04    0.2135128220E-04    0.2352996154E-04    0.2563437904E-04    0.2765077312E-04    0.2957022294E-04    0.3138783324E-04
        0.0038953921    0.2822611957E-05    0.4499861071E-05    0.6531109127E-05    0.8881883705E-05    0.1150807423E-04    0.1435772725E-04    0.1737406899E-04    0.2049896196E-04    0.2367651424E-04    0.2685593775E-04    0.2999364966E-04    0.3305420311E-04    0.3601043574E-04    0.3884301505E-04    0.4153940874E-04    0.4409273967E-04
        0.0042650218    0.3957762725E-05    0.6309540091E-05    0.9157683102E-05    0.1245385686E-04    0.1613621260E-04    0.2013190390E-04    0.2436132466E-04    0.2874295588E-04    0.3319842693E-04    0.3765652365E-04    0.4205613484E-04    0.4634755720E-04    0.5049270352E-04    0.5446446542E-04    0.5824526965E-04    0.6182547264E-04
        0.0046697254    0.5537592811E-05    0.8828135513E-05    0.1281318148E-04    0.1742510353E-04    0.2257736681E-04    0.2816804785E-04    0.3408576373E-04    0.4021645395E-04    0.4645046259E-04    0.5268814696E-04    0.5884400030E-04    0.6484847743E-04    0.7064828596E-04    0.7620549487E-04    0.8149551474E-04    0.8650485158E-04
        0.0051128308    0.7729911964E-05    0.1232317295E-04    0.1788589258E-04    0.2432367279E-04    0.3151572333E-04    0.3931977120E-04    0.4758033655E-04    0.5613820001E-04    0.6484028977E-04    0.7354751164E-04    0.8214050409E-04    0.9052218636E-04    0.9861816477E-04    0.1063754889E-03    0.1137598322E-03    0.1207523572E-03
        0.0055979820    0.1076327603E-04    0.1715902063E-04    0.2490466285E-04    0.3386876496E-04    0.4388314169E-04    0.5474969176E-04    0.6625192037E-04    0.7816812249E-04    0.9028515192E-04    0.1024093256E-03    0.1143744373E-03    0.1260453051E-03    0.1373183373E-03    0.1481198005E-03    0.1584018948E-03    0.1681383886E-03
        0.0061291687    0.1494574488E-04    0.2382679365E-04    0.3458230025E-04    0.4702975791E-04    0.6093563486E-04    0.7602485314E-04    0.9199678704E-04    0.1085435707E-03    0.1253692209E-03    0.1422047819E-03    0.1588194531E-03    0.1750255151E-03    0.1906791140E-03    0.2056778584E-03    0.2199553697E-03    0.2334752208E-03
        0.0067107592    0.2069168001E-04    0.3298707509E-04    0.4787758012E-04    0.6511053184E-04    0.8436262847E-04    0.1052530408E-03    0.1273655583E-03    0.1502739384E-03    0.1735683863E-03    0.1968765273E-03    0.2198788143E-03    0.2423153453E-03    0.2639869495E-03    0.2847518617E-03    0.3045181777E-03    0.3232354639E-03
        0.0073475362    0.2855282689E-04    0.4551946799E-04    0.6606716532E-04    0.8984727688E-04    0.1164136900E-03    0.1452408938E-03    0.1757545354E-03    0.2073664032E-03    0.2395109785E-03    0.2716743829E-03    0.3034156416E-03    0.3343760898E-03    0.3642808692E-03    0.3929343416E-03    0.4202096793E-03    0.4460372876E-03
        0.0080447363    0.3926201088E-04    0.6259225581E-04    0.9084671185E-04    0.1235459912E-03    0.1600766840E-03    0.1997161771E-03    0.2416746646E-03    0.2851432603E-03    0.3293442748E-03    0.3735710358E-03    0.4172171298E-03    0.4597893333E-03    0.5009096692E-03    0.5403091025E-03    0.5778132281E-03    0.6133263523E-03
        0.0088080930    0.5377706784E-04    0.8573243661E-04    0.1244325167E-03    0.1692207159E-03    0.2192568814E-03    0.2735512415E-03    0.3310219376E-03    0.3905609375E-03    0.4511029293E-03    0.5116798875E-03    0.5714611333E-03    0.6297710416E-03    0.6860918527E-03    0.7400550432E-03    0.7914217238E-03    0.8400608365E-03
        0.0096438838    0.7334788468E-04    0.1169325989E-03    0.1697166369E-03    0.2308044865E-03    0.2990502841E-03    0.3731040241E-03    0.4514900119E-03    0.5326967902E-03    0.6152711539E-03    0.6978926179E-03    0.7794280690E-03    0.8589559093E-03    0.9357698841E-03    0.1009367320E-02    0.1079422390E-02    0.1145756376E-02
        0.0105589819    0.9956873801E-04    0.1587343577E-03    0.2303879858E-03    0.3133140116E-03    0.4059569897E-03    0.5064842304E-03    0.6128922754E-03    0.7231290138E-03    0.8352213909E-03    0.9473765700E-03    0.1058056145E-02    0.1166008904E-02    0.1270276012E-02    0.1370175054E-02    0.1465263742E-02    0.1555299552E-02
        0.0115609128    0.1344717509E-03    0.2143773495E-03    0.3111485970E-03    0.4231437967E-03    0.5482623056E-03    0.6840288403E-03    0.8277372418E-03    0.9766154711E-03    0.1127998228E-02    0.1279463701E-02    0.1428933833E-02    0.1574718553E-02    0.1715522757E-02    0.1850424765E-02    0.1978827312E-02    0.2100403019E-02
        0.0126579159    0.1805780091E-03    0.2878807042E-03    0.4178318445E-03    0.5682268716E-03    0.7362449314E-03    0.9185617253E-03    0.1111542511E-02    0.1311463799E-02    0.1514745393E-02    0.1718134244E-02    0.1918839163E-02    0.2114590194E-02    0.2303647940E-02    0.2484774668E-02    0.2657168473E-02    0.2820390050E-02
        0.0138590124    0.2409564013E-03    0.3841368394E-03    0.5575385662E-03    0.7582198888E-03    0.9824167507E-03    0.1225692731E-02    0.1483196497E-02    0.1749957837E-02    0.2021197700E-02    0.2292573868E-02    0.2560360844E-02    0.2821529024E-02    0.3073757083E-02    0.3315393431E-02    0.3545368357E-02    0.3763096274E-02
        0.0151740797    0.3192899174E-03    0.5090170954E-03    0.7387902897E-03    0.1004711352E-02    0.1301792396E-02    0.1624153622E-02    0.1965364349E-02    0.2318835649E-02    0.2678231844E-02    0.3037796648E-02    0.3392591738E-02    0.3738601585E-02    0.4072749751E-02    0.4392847841E-02    0.4697479036E-02    0.4985868502E-02
        0.0166139325    0.4197981181E-03    0.6692480574E-03    0.9713496045E-03    0.1320977135E-02    0.1711572177E-02    0.2135402016E-02    0.2584007903E-02    0.3048721902E-02    0.3521209028E-02    0.3993897027E-02    0.4460290389E-02    0.4915108038E-02    0.5354304550E-02    0.5775003057E-02    0.6175342017E-02    0.6554304723E-02
        0.0181904113    0.5472188922E-03    0.8723822498E-03    0.1266177260E-02    0.1721921555E-02    0.2231064872E-02    0.2783523788E-02    0.3368265741E-02    0.3973983767E-02    0.4589805013E-02    0.5205852551E-02    0.5813655227E-02    0.6406326903E-02    0.6978593731E-02    0.7526706676E-02    0.8048241600E-02    0.8541876820E-02
        0.0199164806    0.7066066986E-03    0.1126476206E-02    0.1634964459E-02    0.2223440607E-02    0.2880861653E-02    0.3594200975E-02    0.4349202135E-02    0.5131251834E-02    0.5926297723E-02    0.6721576373E-02    0.7506143318E-02    0.8271104028E-02    0.9009648423E-02    0.9716937849E-02    0.1038984658E-01    0.1102667426E-01
        0.0218063349    0.9029921516E-03    0.1439547579E-02    0.2089344628E-02    0.2841349643E-02    0.3681446237E-02    0.4592977105E-02    0.5557706937E-02    0.6556940701E-02    0.7572701198E-02    0.8588663330E-02    0.9590832614E-02    0.1056783945E-01    0.1151098199E-01    0.1241408148E-01    0.1327315130E-01    0.1408602898E-01
        0.0238755154    0.1141160636E-02    0.1819222272E-02    0.2640381533E-02    0.3590687765E-02    0.4652294559E-02    0.5804135408E-02    0.7023140003E-02    0.8285651765E-02    0.9568923254E-02    0.1085230296E-01    0.1211809440E-01    0.1335192630E-01    0.1454280457E-01    0.1568292915E-01    0.1676727470E-01    0.1779312477E-01
        0.0261410384    0.1425344706E-02    0.2272245145E-02    0.3297861230E-02    0.4484758542E-02    0.5810637607E-02    0.7249163617E-02    0.8771484655E-02    0.1034800876E-01    0.1195028288E-01    0.1355248438E-01    0.1513249614E-01    0.1667236590E-01    0.1815836757E-01    0.1958077165E-01    0.2093332022E-01    0.2221264390E-01
        0.0286215345    0.1759432541E-02    0.2804814430E-02    0.4070781516E-02    0.5535802535E-02    0.7172343724E-02    0.8947870732E-02    0.1082672082E-01    0.1277230606E-01    0.1474944922E-01    0.1672623837E-01    0.1867535635E-01    0.2057464249E-01    0.2240716230E-01    0.2416092324E-01    0.2582822491E-01    0.2740493821E-01
        0.0313374022    0.2147362298E-02    0.3423214296E-02    0.4968277455E-02    0.6756268522E-02    0.8753585617E-02    0.1092049601E-01    0.1321341731E-01    0.1558761980E-01    0.1800010134E-01    0.2041186991E-01    0.2278956851E-01    0.2510615150E-01    0.2734096057E-01    0.2947937700E-01    0.3151202711E-01    0.3343390206E-01
        0.0343109759    0.2595463552E-02    0.4137549554E-02    0.6005046207E-02    0.8166198853E-02    0.1058042334E-01    0.1319968707E-01    0.1597125873E-01    0.1884099238E-01    0.2175683569E-01    0.2467161463E-01    0.2754499818E-01    0.3034430017E-01    0.3304455726E-01    0.3562810907E-01    0.3808363780E-01    0.4040510638E-01
        0.0375667089    0.3115109479E-02    0.4965973550E-02    0.7207484148E-02    0.9801578432E-02    0.1269962976E-01    0.1584402171E-01    0.1917143451E-01    0.2261680942E-01    0.2611760408E-01    0.2961716748E-01    0.3306709387E-01    0.3642815897E-01    0.3967039285E-01    0.4277257993E-01    0.4572111060E-01    0.4850871447E-01
        0.0411313750    0.3728811698E-02    0.5944386474E-02    0.8627732401E-02    0.1173338925E-01    0.1520331619E-01    0.1896865173E-01    0.2295362529E-01    0.2708033024E-01    0.3127387453E-01    0.3546645790E-01    0.3960017342E-01    0.4362808380E-01    0.4751427875E-01    0.5123328743E-01    0.5476871765E-01    0.5811175883E-01
        0.0450342886    0.4471504864E-02    0.7128457118E-02    0.1034656754E-01    0.1407147623E-01    0.1823385527E-01    0.2275134097E-01    0.2753319177E-01    0.3248604416E-01    0.3752015621E-01    0.4255433095E-01    0.4751923450E-01    0.5235861319E-01    0.5702932044E-01    0.6150063823E-01    0.6575267809E-01    0.6977462604E-01
        0.0493075457    0.5402351706E-02    0.8612325856E-02    0.1250034378E-01    0.1700086922E-01    0.2203049227E-01    0.2749002194E-01    0.3327007405E-01    0.3925806148E-01    0.4534580629E-01    0.5143550094E-01    0.5744362659E-01    0.6330230360E-01    0.6895926925E-01    0.7437711155E-01    0.7953140367E-01    0.8440865670E-01
        0.0539862877    0.6597614227E-02    0.1051711004E-01    0.1526408802E-01    0.2075845680E-01    0.2689866567E-01    0.3356394918E-01    0.4062111240E-01    0.4793310109E-01    0.5536834661E-01    0.6280800366E-01    0.7015056076E-01    0.7731330745E-01    0.8423224699E-01    0.9086126616E-01    0.9716997666E-01    0.1031413327E+00
        0.0591089906    0.8107994591E-02    0.1292296387E-01    0.1875303332E-01    0.2549935163E-01    0.3303735114E-01    0.4121909768E-01    0.4988157122E-01    0.5885718440E-01    0.6798523951E-01    0.7712067762E-01    0.8613946209E-01    0.9494015331E-01    0.1034437839E+00    0.1115930491E+00    0.1193498569E+00    0.1266925685E+00
        0.0647177816    0.9934970141E-02    0.1583148419E-01    0.2296833360E-01    0.3122359875E-01    0.4044503382E-01    0.5045233450E-01    0.6104709978E-01    0.7202552501E-01    0.8319223700E-01    0.9437073775E-01    0.1054096597E+00    0.1161845267E+00    0.1265977429E+00    0.1365779994E+00    0.1460775785E+00    0.1550691690E+00
        0.0708587849    0.1198305668E-01    0.1909030694E-01    0.2768894402E-01    0.3763140094E-01    0.4873566896E-01    0.6078689902E-01    0.7354877115E-01    0.8677812702E-01    0.1002411685E+00    0.1137257609E+00    0.1270488274E+00    0.1400586311E+00    0.1526352515E+00    0.1646905327E+00    0.1761652122E+00    0.1870252375E+00
        0.0775825017    0.1400843803E-01    0.2231288387E-01    0.3235827033E-01    0.4397407657E-01    0.5695323397E-01    0.7105152721E-01    0.8599899998E-01    0.1015154160E+00    0.1173284980E+00    0.1331885094E+00    0.1488775385E+00    0.1642130743E+00    0.1790495827E+00    0.1932793866E+00    0.2068296797E+00    0.2196582591E+00
        0.0849442250    0.1573220002E-01    0.2505957820E-01    0.3634810558E-01    0.4941476771E-01    0.6404144575E-01    0.7996888557E-01    0.9690514820E-01    0.1145400229E+00    0.1325653176E+00    0.1506930398E+00    0.1686680621E+00    0.1862740737E+00    0.2033368461E+00    0.2197263120E+00    0.2353534820E+00    0.2501655677E+00
        0.0930044946    0.1715157050E-01    0.2732967941E-01    0.3966533283E-01    0.5397751856E-01    0.7005528373E-01    0.8764087191E-01    0.1064311387E+00    0.1260897798E+00    0.1462715384E+00    0.1666467248E+00    0.1869190373E+00    0.2068345098E+00    0.2261864949E+00    0.2448188996E+00    0.2626229709E+00    0.2795318756E+00
        0.1018295948    0.1872440896E-01    0.2984770191E-01    0.4335384062E-01    0.5907242376E-01    0.7681023155E-01    0.9631604013E-01    0.1172718836E+00    0.1393053548E+00    0.1620226634E+00    0.1850428679E+00    0.2080214449E+00    0.2306613850E+00    0.2527190615E+00    0.2740083122E+00    0.2943970180E+00    0.3138012238E+00
        0.1114920997    0.2119639640E-01    0.3378230623E-01    0.4907762369E-01    0.6691580533E-01    0.8711389036E-01    0.1094098941E+00    0.1334448605E+00    0.1587829950E+00    0.1849605814E+00    0.2115315412E+00    0.2380946817E+00    0.2643044377E+00    0.2898762434E+00    0.3145911203E+00    0.3382919112E+00    0.3608768943E+00
        0.1220714697    0.2479304427E-01    0.3947391082E-01    0.5730274150E-01    0.7810383233E-01    0.1016886320E+00    0.1277558215E+00    0.1558714413E+00    0.1855084191E+00    0.2161160116E+00    0.2471741684E+00    0.2782202852E+00    0.3088570037E+00    0.3387563254E+00    0.3676648878E+00    0.3953999295E+00    0.4218423885E+00
        0.1336547051    0.2825917968E-01    0.4495277912E-01    0.6523143712E-01    0.8893140135E-01    0.1158735905E+00    0.1457182060E+00    0.1779548043E+00    0.2119689131E+00    0.2471293062E+00    0.2828459771E+00    0.3185941583E+00    0.3539197920E+00    0.3884440738E+00    0.4218710853E+00    0.4539845360E+00    0.4846409349E+00
        0.1463370617    0.2988504348E-01    0.4758021727E-01    0.6918770932E-01    0.9463127125E-01    0.1238031696E+00    0.1563726640E+00    0.1917964912E+00    0.2294095286E+00    0.2685219055E+00    0.3084784781E+00    0.3486835012E+00    0.3886087820E+00    0.4278029710E+00    0.4659046762E+00    0.5026420046E+00    0.5378269786E+00
        0.1602228341    0.3025714467E-01    0.4830936731E-01    0.7058431422E-01    0.9715609404E-01    0.1280335781E+00    0.1629323597E+00    0.2013103740E+00    0.2424728892E+00    0.2856740890E+00    0.3301809287E+00    0.3753042606E+00    0.4204148022E+00    0.4649608385E+00    0.5084892773E+00    0.5506493585E+00    0.5911889399E+00
        0.1754262130    0.3262690319E-01    0.5214944950E-01    0.7640338503E-01    0.1055672709E+00    0.1397168344E+00    0.1785717746E+00    0.2215587573E+00    0.2679248554E+00    0.3168436042E+00    0.3674850879E+00    0.4190536223E+00    0.4708103275E+00    0.5220980984E+00    0.5723700287E+00    0.6211965471E+00    0.6682630119E+00
        0.1920722248    0.3724850352E-01    0.5943050209E-01    0.8701218426E-01    0.1202100439E+00    0.1591156434E+00    0.2034165343E+00    0.2524817954E+00    0.3054808616E+00    0.3614956027E+00    0.4195961666E+00    0.4788821797E+00    0.5385086896E+00    0.5977165468E+00    0.6558678042E+00    0.7124561179E+00    0.7671058127E+00
        0.2102977595    0.3981518345E-01    0.6362223559E-01    0.9347395092E-01    0.1297142599E+00    0.1725476046E+00    0.2217145066E+00    0.2765814239E+00    0.3362621223E+00    0.3997414522E+00    0.4659643766E+00    0.5338877799E+00    0.6025159144E+00    0.6709412042E+00    0.7383904925E+00    0.8042410955E+00    0.8680225515E+00
        0.2302526962    0.4093821515E-01    0.6573613625E-01    0.9729963829E-01    0.1361871568E+00    0.1828061975E+00    0.2370144816E+00    0.2982043363E+00    0.3654302971E+00    0.4375526752E+00    0.5133483504E+00    0.5915807018E+00    0.6710503956E+00    0.7506509485E+00    0.8294289359E+00    0.9066071537E+00    0.9815894519E+00
        0.2521011363    0.4499906581E-01    0.7226689983E-01    0.1071605578E+00    0.1503815379E+00    0.2025049193E+00    0.2634763556E+00    0.3326992992E+00    0.4091710955E+00    0.4916415184E+00    0.5787371711E+00    0.6690421030E+00    0.7611598513E+00    0.8537834221E+00    0.9457716505E+00    0.1036181720E+01    0.1124279209E+01
        0.2760227522    0.4790833561E-01    0.7716823690E-01    0.1150180895E+00    0.1624056314E+00    0.2201718803E+00    0.2884197368E+00    0.3666008227E+00    0.4536601641E+00    0.5482142494E+00    0.6486963312E+00    0.7534553749E+00    0.8608361339E+00    0.9692693052E+00    0.1077368708E+01    0.1183975750E+01    0.1288175868E+01
        0.3022142655    0.4993232992E-01    0.8091218254E-01    0.1216249352E+00    0.1733709837E+00    0.2373500610E+00    0.3138821335E+00    0.4024910259E+00    0.5020600572E+00    0.6110371850E+00    0.7276100514E+00    0.8498307625E+00    0.9757197823E+00    0.1103381068E+01    0.1231124185E+01    0.1357522929E+01    0.1481439193E+01
        0.3308910644    0.5381563271E-01    0.8738573331E-01    0.1319239715E+00    0.1890929637E+00    0.2605022806E+00    0.3467521602E+00    0.4475051420E+00    0.5616384312E+00    0.6874650141E+00    0.8229329987E+00    0.9657766068E+00    0.1113649103E+01    0.1264271049E+01    0.1415586131E+01    0.1565840308E+01    0.1713617322E+01
        0.3622889751    0.5611354855E-01    0.9180546022E-01    0.1400028178E+00    0.2028913556E+00    0.2826247522E+00    0.3801674033E+00    0.4953474937E+00    0.6270130854E+00    0.7732835685E+00    0.9317873604E+00    0.1099849577E+01    0.1274661317E+01    0.1453467014E+01    0.1633759269E+01    0.1813381436E+01    0.1990576208E+01
        0.3966662010    0.5970829965E-01    0.9814126789E-01    0.1507586178E+00    0.2203526420E+00    0.3097565657E+00    0.4204351150E+00    0.5524951839E+00    0.7048259303E+00    0.8753725907E+00    0.1061415170E+01    0.1259802258E+01    0.1467169519E+01    0.1680179809E+01    0.1895769413E+01    0.2111281985E+01    0.2324534782E+01
        0.4343054463    0.6264573979E-01    0.1038188690E+00    0.1612197798E+00    0.2384205346E+00    0.3391048485E+00    0.4653650209E+00    0.6176573018E+00    0.7949247375E+00    0.9949009079E+00    0.1214440466E+01    0.1449810383E+01    0.1696968884E+01    0.1951869759E+01    0.2210770734E+01    0.2470405508E+01    0.2728071410E+01
        0.4755162407    0.6617147596E-01    0.1104893759E+00    0.1733651489E+00    0.2593393819E+00    0.3731797619E+00    0.5178119911E+00    0.6941858771E+00    0.9013622508E+00    0.1136847868E+01    0.1396991858E+01    0.1677353488E+01    0.1973061030E+01    0.2279198380E+01    0.2591190833E+01    0.2905024260E+01    0.3217358876E+01
        0.5206374847    0.6974996879E-01    0.1175201496E+00    0.1866066417E+00    0.2827637988E+00    0.4121186513E+00    0.5786594287E+00    0.7839778581E+00    0.1027305005E+01    0.1305883670E+01    0.1615449258E+01    0.1950696356E+01    0.2305739412E+01    0.2674601779E+01    0.3051695908E+01    0.3432099616E+01    0.3811700928E+01
        0.5700402368    0.7354986362E-01    0.1251766123E+00    0.2013756473E+00    0.3094195435E+00    0.4571420071E+00    0.6498845854E+00    0.8900671780E+00    0.1177153030E+01    0.1508069106E+01    0.1877797932E+01    0.2279973309E+01    0.2707470904E+01    0.3153024272E+01    0.3609819311E+01    0.4071838642E+01    0.4534042558E+01
        0.6241307649    0.7767342925E-01    0.1336394004E+00    0.2180291736E+00    0.3400177109E+00    0.5095803366E+00    0.7337693429E+00    0.1016051520E+01    0.1356182178E+01    0.1750692668E+01    0.2193630713E+01    0.2677324794E+01    0.3193139325E+01    0.3732246485E+01    0.4286357251E+01    0.4848145526E+01    0.5411469767E+01
        0.6833538873    0.8212680502E-01    0.1429966683E+00    0.2368765406E+00    0.3753186758E+00    0.5709695910E+00    0.8330172857E+00    0.1166221500E+01    0.1570677875E+01    0.2042402725E+01    0.2574272626E+01    0.3157008264E+01    0.3780136532E+01    0.4432951522E+01    0.5105406561E+01    0.5788629602E+01    0.6475188888E+01
        0.7481966305    0.8695835677E-01    0.1534000802E+00    0.2583344259E+00    0.4162769932E+00    0.6431879923E+00    0.9508911429E+00    0.1345707325E+01    0.1828094125E+01    0.2393374596E+01    0.3032945839E+01    0.3735547800E+01    0.4488483368E+01    0.5278805800E+01    0.6094396985E+01    0.6924584104E+01    0.7760450345E+01
        0.8191922345    0.9222342012E-01    0.1650286905E+00    0.2829026104E+00    0.4640428174E+00    0.7284944526E+00    0.1091293463E+01    0.1560597842E+01    0.2137197290E+01    0.2815458170E+01    0.3584896976E+01    0.4431817478E+01    0.5340848428E+01    0.6296396825E+01    0.7283936242E+01    0.8290731407E+01    0.9306191230E+01
        0.8969245379    0.9797637031E-01    0.1780855358E+00    0.3111713006E+00    0.5199874563E+00    0.8295789135E+00    0.1258841666E+01    0.1818028669E+01    0.2508144188E+01    0.3322215810E+01    0.4247363081E+01    0.5266906163E+01    0.6362287314E+01    0.7514828227E+01    0.8707247821E+01    0.9924495673E+01    0.1115413939E+02
        0.9820327791    0.1042768601E+00    0.1928079121E+00    0.3438409018E+00    0.5857416114E+00    0.9496255136E+00    0.1458950413E+01    0.2126261582E+01    0.2952523612E+01    0.3928885851E+01    0.5039418260E+01    0.6263813850E+01    0.7579762261E+01    0.8965043354E+01    0.1039928544E+02    0.1186490012E+02    0.1334748942E+02
        1.0752168532    0.1111906572E+00    0.2094741591E+00    0.3817421349E+00    0.6632388383E+00    0.1092381418E+01    0.1697909161E+01    0.2494735143E+01    0.3483333391E+01    0.4652238038E+01    0.5981665079E+01    0.7446945609E+01    0.9021414609E+01    0.1067886027E+02    0.1239552052E+02    0.1415110090E+02    0.1592917914E+02
        1.1772430677    0.1187950098E+00    0.2284118527E+00    0.4258573830E+00    0.7547599234E+00    0.1262218334E+01    0.1982930877E+01    0.2934051658E+01    0.4114849676E+01    0.5510273929E+01    0.7095726463E+01    0.8841368582E+01    0.1071557184E+02    0.1268772168E+02    0.1473043220E+02    0.1682061580E+02    0.1893985529E+02
        1.2889504441    0.1271779929E+00    0.2500080924E+00    0.4773524945E+00    0.8629916559E+00    0.1464201833E+01    0.2322188897E+01    0.3455922203E+01    0.4862421009E+01    0.6521824284E+01    0.8403619277E+01    0.1047195147E+02    0.1268965432E+02    0.1502137612E+02    0.1743597136E+02    0.1990757712E+02    0.2241591660E+02
        1.4112576178    0.1364414868E+00    0.2747164729E+00    0.5375995888E+00    0.9910644453E+00    0.1704113757E+01    0.2724766552E+01    0.4072976523E+01    0.5742084003E+01    0.7705941135E+01    0.9926919102E+01    0.1236231707E+02    0.1496894034E+02    0.1770648230E+02    0.2054002731E+02    0.2344107678E+02    0.2638774496E+02
        1.5451703927    0.1467050872E+00    0.3030740222E+00    0.6082178074E+00    0.1142608536E+01    0.1988482359E+01    0.3200595063E+01    0.4798545640E+01    0.6770155663E+01    0.9081300955E+01    0.1168600462E+02    0.1453397444E+02    0.1757563677E+02    0.2076566438E+02    0.2406550458E+02    0.2744428990E+02    0.3087888909E+02
        1.6917900122    0.1581138624E+00    0.3357257834E+00    0.6911236986E+00    0.1321813851E+01    0.2324598474E+01    0.3760357036E+01    0.5646405632E+01    0.7962815706E+01    0.1066566737E+02    0.1369946954E+02    0.1700575714E+02    0.2052841555E+02    0.2421720677E+02    0.2803022197E+02    0.3193461013E+02    0.3590645585E+02
        1.8523222157    0.1708353251E+00    0.3734308526E+00    0.7885467573E+00    0.1533422602E+01    0.2720416311E+01    0.4415228702E+01    0.6630341328E+01    0.9335532273E+01    0.1247526334E+02    0.1598354219E+02    0.1979338619E+02    0.2384220015E+02    0.2807512621E+02    0.3244731654E+02    0.3692441964E+02    0.4148227194E+02
        2.0280871538    0.1850729684E+00    0.4170969432E+00    0.9030868422E+00    0.1782771357E+01    0.3184512929E+01    0.5176715989E+01    0.7763886352E+01    0.1090279665E+02    0.1452461987E+02    0.1855216219E+02    0.2290986462E+02    0.2752894140E+02    0.3235037154E+02    0.3732689780E+02    0.4242322292E+02    0.4761552300E+02
        2.2205302450    0.2010695738E+00    0.4677972881E+00    0.1037735326E+01    0.2075761841E+01    0.3725941669E+01    0.6056380388E+01    0.9059995078E+01    0.1267786654E+02    0.1682651638E+02    0.2141721078E+02    0.2636605116E+02    0.3159855795E+02    0.3705213978E+02    0.4267774603E+02    0.4843974056E+02    0.5431526779E+02
        2.4312340620    0.2189387515E+00    0.5264612504E+00    0.1195316087E+01    0.2417896270E+01    0.4352727351E+01    0.7063764777E+01    0.1052847376E+02    0.1466981522E+02    0.1938873609E+02    0.2458501306E+02    0.3016691084E+02    0.3605492016E+02    0.4218358113E+02    0.4850274127E+02    0.5497708425E+02    0.6158540197E+02
        2.6619313461    0.2394026266E+00    0.5952730621E+00    0.1380896472E+01    0.2818024392E+01    0.5077285467E+01    0.8213836517E+01    0.1218575644E+02    0.1689583346E+02    0.2222894934E+02    0.2807374994E+02    0.3433134318E+02    0.4091796269E+02    0.4776606929E+02    0.5482518088E+02    0.6206103027E+02    0.6945481615E+02
        2.9145192568    0.2626916134E+00    0.6756118249E+00    0.1598163810E+01    0.3282511804E+01    0.5907860624E+01    0.9515394683E+01    0.1404012592E+02    0.1936315412E+02    0.2535323711E+02    0.3188849505E+02    0.3886369237E+02    0.4619168837E+02    0.5380377815E+02    0.6165005115E+02    0.6969813213E+02    0.7793250370E+02
        3.1910749729    0.2892743396E+00    0.7694164134E+00    0.1851740205E+01    0.3818837135E+01    0.6853811893E+01    0.1097843227E+02    0.1610138951E+02    0.2208108569E+02    0.2877039687E+02    0.3603766456E+02    0.4377222477E+02    0.5188458742E+02    0.6030598055E+02    0.6898815138E+02    0.7790160888E+02    0.8703513645E+02
        3.4938727747    0.3197543293E+00    0.8789963832E+00    0.2146804704E+01    0.4434949148E+01    0.7924733465E+01    0.1261306407E+02    0.1837956269E+02    0.2505931720E+02    0.3248973152E+02    0.4053021125E+02    0.4906572141E+02    0.5800567728E+02    0.6728261061E+02    0.7685124958E+02    0.8668613974E+02    0.9678150622E+02
        3.8254027466    0.3548245672E+00    0.1006934876E+01    0.2488859725E+01    0.5138872169E+01    0.9129961007E+01    0.1442894572E+02    0.2088410061E+02    0.2830682600E+02    0.3651955081E+02    0.4537372051E+02    0.5475123571E+02    0.6456202032E+02    0.7474163402E+02    0.8524936201E+02    0.9606505967E+02    0.1071895902E+03
        4.1883912545    0.3952950072E+00    0.1156124600E+01    0.2883734414E+01    0.5938716646E+01    0.1047866806E+02    0.1643542996E+02    0.2362400016E+02    0.3183183597E+02    0.4086698061E+02    0.5057414340E+02    0.6083386107E+02    0.7155863342E+02    0.8268916427E+02    0.9419107211E+02    0.1060508094E+03    0.1182770026E+03
        4.5858233661    0.4421176736E+00    0.1329793507E+01    0.3337578282E+01    0.6842694127E+01    0.1197994093E+02    0.1864162694E+02    0.2660774618E+02    0.3564162479E+02    0.4553769377E+02    0.5613556642E+02    0.6731666316E+02    0.7899866828E+02    0.9112989787E+02    0.1036841326E+03    0.1166555441E+03    0.1300614100E+03
        5.0209673996    0.4963506308E+00    0.1531396010E+01    0.3856620845E+01    0.7858767241E+01    0.1364228856E+02    0.2105567004E+02    0.2984227330E+02    0.3974121693E+02    0.5053443747E+02    0.6205870520E+02    0.7419925322E+02    0.8688210598E+02    0.1000658579E+03    0.1137340793E+03    0.1278893932E+03    0.1425582258E+03
        5.4974018001    0.5592784199E+00    0.1764824799E+01    0.4447529049E+01    0.8995246619E+01    0.1547447941E+02    0.2368574641E+02    0.3333420347E+02    0.4413490726E+02    0.5585895644E+02    0.6834334327E+02    0.8148080492E+02    0.9520929785E+02    0.1095002655E+03    0.1243481640E+03    0.1397642240E+03    0.1557840942E+03
        6.0190445678    0.6324694150E+00    0.2034496315E+01    0.5117545640E+01    0.1026101417E+02    0.1748580038E+02    0.2654035643E+02    0.3709014607E+02    0.4882669586E+02    0.6151268230E+02    0.7498937877E+02    0.8916145927E+02    0.1039825581E+03    0.1194390155E+03    0.1355364381E+03    0.1522942514E+03    0.1697572015E+03
        6.5901854779    0.7176796480E+00    0.2345103501E+01    0.5874022636E+01    0.1166477049E+02    0.1968491872E+02    0.2962676056E+02    0.4111478265E+02    0.5381811504E+02    0.6749443459E+02    0.8199448769E+02    0.9723987179E+02    0.1132033089E+03    0.1298870727E+03    0.1473072639E+03    0.1654908696E+03    0.1844919424E+03
        7.2155213579    0.8168729935E+00    0.2701608743E+01    0.6724396206E+01    0.1321497519E+02    0.2207975781E+02    0.3295082315E+02    0.4541076155E+02    0.5910829141E+02    0.7380077338E+02    0.8935478358E+02    0.1057139649E+03    0.1228725522E+03    0.1408484507E+03    0.1596670276E+03    0.1793626890E+03    0.1999999573E+03
        7.9001947124    0.9321677991E+00    0.3109078749E+01    0.7675875833E+01    0.1491933812E+02    0.2467676337E+02    0.3651609539E+02    0.4997768776E+02    0.6469297177E+02    0.8042516594E+02    0.9706402589E+02    0.1145798000E+03    0.1329890500E+03    0.1523238538E+03    0.1726179944E+03    0.1939144583E+03    0.2162905947E+03
        8.6498360130    0.1065908480E+01    0.3572793965E+01    0.8735634268E+01    0.1678509974E+02    0.2748131030E+02    0.4032442630E+02    0.5481304640E+02    0.7056589819E+02    0.8735987081E+02    0.1051157577E+03    0.1238334879E+03    0.1435508792E+03    0.1643125091E+03    0.1861613521E+03    0.2091517314E+03    0.2333767991E+03
        9.4706100008    0.1220667526E+01    0.4098213476E+01    0.9910732169E+01    0.1881890053E+02    0.3049754715E+02    0.4437585421E+02    0.5991225425E+02    0.7671915386E+02    0.9459653801E+02    0.1135037411E+03    0.1334710953E+03    0.1545552747E+03    0.1768130487E+03    0.2002996456E+03    0.2250841667E+03    0.2512777972E+03
       10.3692663829    0.1399243825E+01    0.4690936031E+01    0.1120803577E+02    0.2102665171E+02    0.3372826395E+02    0.4866855383E+02    0.6526881463E+02    0.8314363795E+02    0.1021268023E+03    0.1222221063E+03    0.1434883384E+03    0.1659989355E+03    0.1898253918E+03    0.2150396204E+03    0.2417278634E+03    0.2700195387E+03
       11.3531953391    0.1604657338E+01    0.5356657299E+01    0.1263412966E+02    0.2341341146E+02    0.3717478613E+02    0.5319883996E+02    0.7087457629E+02    0.8982963690E+02    0.1099427794E+03    0.1312652755E+03    0.1538806133E+03    0.1778793826E+03    0.2033531244E+03    0.2303938270E+03    0.2591044945E+03    0.2896310304E+03
       12.4304882957    0.1840140300E+01    0.6101123592E+01    0.1419522713E+02    0.2598327118E+02    0.4083689689E+02    0.5796122838E+02    0.7672008624E+02    0.9676741824E+02    0.1180373111E+03    0.1406277985E+03    0.1646436913E+03    0.1901972077E+03    0.2174052495E+03    0.2463801811E+03    0.2772379809E+03    0.3101375660E+03
       13.6100044661    0.2109125240E+01    0.6930082316E+01    0.1589708043E+02    0.2873925651E+02    0.4471279465E+02    0.6294856142E+02    0.8279502287E+02    0.1039477490E+03    0.1264039119E+03    0.1503044211E+03    0.1757752904E+03    0.2029577646E+03    0.2319961942E+03    0.2630183337E+03    0.2961487441E+03    0.3315556048E+03
       14.9014437053    0.2415230130E+01    0.7849229467E+01    0.1774489240E+02    0.3168324614E+02    0.4879909577E+02    0.6815221975E+02    0.8908872038E+02    0.1113622147E+03    0.1350366080E+03    0.1602905909E+03    0.1872770384E+03    0.2161714718E+03    0.2471428555E+03    0.2803252742E+03    0.3158486218E+03    0.3538985475E+03
       16.3154262774    0.2762241010E+01    0.8864154575E+01    0.1974323033E+02    0.3481590593E+02    0.5309087833E+02    0.7356243724E+02    0.9559074104E+02    0.1190034350E+03    0.1439297790E+03    0.1705841460E+03    0.1991548960E+03    0.2298528261E+03    0.2628594189E+03    0.2983115236E+03    0.3363500022E+03    0.3771924098E+03
       17.8635801925    0.3154092330E+01    0.9980283705E+01    0.2189594405E+02    0.3813663499E+02    0.5758175154E+02    0.7916866658E+02    0.1022913827E+03    0.1268650976E+03    0.1530786629E+03    0.1811868031E+03    0.2114196138E+03    0.2440151137E+03    0.2791564719E+03    0.3169863103E+03    0.3576805372E+03    0.4014859836E+03
       19.5586368304    0.3594845193E+01    0.1120282108E+02    0.2420609257E+02    0.4164353492E+02    0.6226395942E+02    0.8495992511E+02    0.1091821093E+03    0.1349413928E+03    0.1624810713E+03    0.1921042280E+03    0.2240847897E+03    0.2586683785E+03    0.2960417118E+03    0.3363772078E+03    0.3798801726E+03    0.4268222193E+03
       21.4145356385    0.4088663512E+01    0.1253668955E+02    0.2667588214E+02    0.4533341738E+02    0.6712854843E+02    0.9092533903E+02    0.1162553899E+03    0.1432275454E+03    0.1721371389E+03    0.2033476165E+03    0.2371600285E+03    0.2738219108E+03    0.3135353135E+03    0.3565189569E+03    0.4029886209E+03    0.4532080421E+03
       23.4465387640    0.4639788037E+01    0.1398646997E+02    0.2930661117E+02    0.4920183391E+02    0.7216567174E+02    0.9705463877E+02    0.1235048295E+03    0.1517200085E+03    0.1820516901E+03    0.2149273221E+03    0.2506556692E+03    0.2894843366E+03    0.3316750364E+03    0.3774387590E+03    0.4270061216E+03    0.4806701483E+03
       25.6713565631    0.5252508026E+01    0.1555634075E+02    0.3209862087E+02    0.5324312706E+02    0.7736488199E+02    0.1033384515E+03    0.1309256463E+03    0.1604167088E+03    0.1922346626E+03    0.2268524731E+03    0.2645776263E+03    0.3056896769E+03    0.3504732829E+03    0.3991571065E+03    0.4519446256E+03    0.5092358458E+03
       28.1072850208    0.5931130198E+01    0.1725001982E+02    0.3505126332E+02    0.5745048055E+02    0.8271529774E+02    0.1097691688E+03    0.1385127092E+03    0.1693220939E+03    0.2026928352E+03    0.2391363426E+03    0.2789379483E+03    0.3224642653E+03    0.3699548948E+03    0.4216546713E+03    0.4778819312E+03    0.5389250913E+03
       30.7743562090    0.6679944413E+01    0.1907070861E+02    0.3816288924E+02    0.6181600875E+02    0.8820633996E+02    0.1163398115E+03    0.1462638354E+03    0.1784397319E+03    0.2134429303E+03    0.2517737929E+03    0.2937853648E+03    0.3397964318E+03    0.3901379083E+03    0.4450012853E+03    0.5047602767E+03    0.5698164193E+03
       33.6945030221    0.7503185640E+01    0.2102103529E+02    0.4143085556E+02    0.6633106662E+02    0.9382776747E+02    0.1230449701E+03    0.1541786159E+03    0.1877778029E+03    0.2244901704E+03    0.2647943916E+03    0.3091063855E+03    0.3577504986E+03    0.4109855531E+03    0.4692410874E+03    0.5326401001E+03    0.6017948428E+03
       36.8917395444    0.8404992199E+01    0.2310299803E+02    0.4485152948E+02    0.7098621378E+02    0.9957019777E+02    0.1298822003E+03    0.1622541681E+03    0.1973575285E+03    0.2358243465E+03    0.2782370737E+03    0.3249132424E+03    0.3762901266E+03    0.4326396229E+03    0.4942242119E+03    0.5616304300E+03    0.6349739989E+03
       40.3923585315    0.9389360203E+01    0.2531791340E+02    0.4842024386E+02    0.7577149546E+02    0.1054267495E+03    0.1368447173E+03    0.1705061875E+03    0.2071656519E+03    0.2475029397E+03    0.2920508422E+03    0.3412888686E+03    0.3954132680E+03    0.4550086544E+03    0.5202162709E+03    0.5914394018E+03    0.6695016246E+03
       44.2251476316    0.1046009343E+02    0.2766638276E+02    0.5213145079E+02    0.8067709545E+02    0.1113891045E+03    0.1439347092E+03    0.1789358218E+03    0.2172274352E+03    0.2595007640E+03    0.3063415063E+03    0.3580949040E+03    0.4153050028E+03    0.4780238060E+03    0.5470744652E+03    0.6224965707E+03    0.7048990745E+03
       48.4216261230    0.1162074798E+02    0.3014824827E+02    0.5597871126E+02    0.8569226226E+02    0.1174532846E+03    0.1511550064E+03    0.1875419718E+03    0.2275691003E+03    0.2718303427E+03    0.3210665804E+03    0.3755165428E+03    0.4356655784E+03    0.5020538146E+03    0.5746257679E+03    0.6545653177E+03    0.7418564552E+03
       53.0163041156    0.1287457333E+02    0.3276253815E+02    0.5995464569E+02    0.9080813653E+02    0.1236187077E+03    0.1584922838E+03    0.1963765772E+03    0.2381267453E+03    0.2846079227E+03    0.3361517612E+03    0.3935302458E+03    0.4567737311E+03    0.5265738932E+03    0.6034852211E+03    0.6873831974E+03    0.7799311552E+03
       58.0469663481    0.1422445117E+02    0.3550747093E+02    0.6405156004E+02    0.9601653608E+02    0.1298728733E+03    0.1659825784E+03    0.2053831569E+03    0.2490459521E+03    0.2976288186E+03    0.3518948036E+03    0.4118888017E+03    0.4786640749E+03    0.5519839462E+03    0.6328178551E+03    0.7218499147E+03    0.8188567939E+03
       63.5549829136    0.1567283188E+02    0.3838037223E+02    0.6826036979E+02    0.1013060291E+03    0.1362283071E+03    0.1736112931E+03    0.2146105697E+03    0.2602433590E+03    0.3111296908E+03    0.3679041996E+03    0.4311469618E+03    0.5008532000E+03    0.5783825458E+03    0.6632396053E+03    0.7567204878E+03    0.8598098047E+03
       69.5856494710    0.1722166537E+02    0.4137774344E+02    0.7257194890E+02    0.1066765132E+03    0.1426787484E+03    0.1813736164E+03    0.2241146859E+03    0.2716832965E+03    0.3250640036E+03    0.3844780529E+03    0.4506818061E+03    0.5242218583E+03    0.6050213181E+03    0.6948306691E+03    0.7929791224E+03    0.9010410667E+03
       76.1885597370    0.1887231802E+02    0.4449529906E+02    0.7697817519E+02    0.1121181229E+03    0.1492074495E+03    0.1893561397E+03    0.2337545915E+03    0.2836190835E+03    0.3391956475E+03    0.4016862894E+03    0.4708487660E+03    0.5478379959E+03    0.6331639718E+03    0.7266308341E+03    0.8305154153E+03    0.9440936702E+03
       83.4180133251    0.2062550136E+02    0.4772750624E+02    0.8146649882E+02    0.1176225119E+03    0.1558712785E+03    0.1974365889E+03    0.2437861710E+03    0.2956685133E+03    0.3540823193E+03    0.4190086377E+03    0.4918907356E+03    0.5722014857E+03    0.6614646690E+03    0.7602992184E+03    0.8683095533E+03    0.9884053816E+03
       91.3334622825    0.2248117905E+02    0.5106844363E+02    0.8603064774E+02    0.1232081517E+03    0.1626060086E+03    0.2057463627E+03    0.2539947613E+03    0.3082310456E+03    0.3690365084E+03    0.4373398637E+03    0.5129248670E+03    0.5976619265E+03    0.6907242613E+03    0.7939582282E+03    0.9083574649E+03    0.1033185087E+04
      100.0000000000    0.2443844026E+02    0.5451097857E+02    0.9066123182E+02    0.1288380570E+03    0.1694704572E+03    0.2142683889E+03    0.2644419433E+03    0.3211318681E+03    0.3845925089E+03    0.4556936433E+03    0.5352479144E+03    0.6229966268E+03    0.7212420111E+03    0.8289354438E+03    0.9481532139E+03    0.1080557384E+04
