               #####        0.2000000000        0.2533333333        0.3066666667        0.3600000000        0.4133333333        0.4666666667        0.5200000000        0.5733333333        0.6266666667        0.6800000000        0.7333333333        0.7866666667        0.8400000000        0.8933333333        0.9466666667        1.0000000000
        0.0010000000    0.1369187663E-07    0.2182618369E-07    0.3167498818E-07    0.4306931895E-07    0.5579320630E-07    0.6959267501E-07    0.8419070733E-07    0.9930426234E-07    0.1146619135E-06    0.1300177133E-06    0.1451612962E-06    0.1599222060E-06    0.1741704295E-06    0.1878140071E-06    0.2007938893E-06    0.2130782915E-06
        0.0010948890    0.1955141746E-07    0.3116686365E-07    0.4523053934E-07    0.6150116076E-07    0.7967033219E-07    0.9937538744E-07    0.1202207564E-06    0.1418022684E-06    0.1637323383E-06    0.1856597630E-06    0.2072841496E-06    0.2283620932E-06    0.2487079408E-06    0.2681903777E-06    0.2867250842E-06    0.3042666733E-06
        0.0011987818    0.2790555544E-07    0.4448417604E-07    0.6455713193E-07    0.8778004073E-07    0.1137127318E-06    0.1418375744E-06    0.1715899740E-06    0.2023930610E-06    0.2336936396E-06    0.2649904399E-06    0.2958547137E-06    0.3259390512E-06    0.3549784712E-06    0.3827855497E-06    0.4092399383E-06    0.4342768569E-06
        0.0013125330    0.3980675732E-07    0.6345585680E-07    0.9208956119E-07    0.1252166148E-06    0.1622091218E-06    0.2023286902E-06    0.2447699348E-06    0.2887099608E-06    0.3333596455E-06    0.3780039354E-06    0.4220312286E-06    0.4649459507E-06    0.5063701106E-06    0.5460363520E-06    0.5837730005E-06    0.6194876490E-06
        0.0014370779    0.5675217078E-07    0.9046850768E-07    0.1312913561E-06    0.1785203357E-06    0.2312602594E-06    0.2884584055E-06    0.3489665397E-06    0.4116114656E-06    0.4752681391E-06    0.5389171114E-06    0.6016864262E-06    0.6628695453E-06    0.7219275699E-06    0.7784793324E-06    0.8322800793E-06    0.8831980679E-06
        0.0015734408    0.8085576154E-07    0.1288920003E-06    0.1870530055E-06    0.2543409320E-06    0.3294803895E-06    0.4109715438E-06    0.4971784808E-06    0.5864297246E-06    0.6771224082E-06    0.7678041020E-06    0.8572325132E-06    0.9444010232E-06    0.1028541853E-05    0.1109111948E-05    0.1185762605E-05    0.1258306132E-05
        0.0017227429    0.1151129867E-06    0.1835013925E-06    0.2663042604E-06    0.3621009714E-06    0.4690757703E-06    0.5850933603E-06    0.7078247085E-06    0.8348901556E-06    0.9640077307E-06    0.1093109626E-05    0.1220427207E-05    0.1344527364E-05    0.1464317022E-05    0.1579023046E-05    0.1688148996E-05    0.1791427661E-05
        0.0018862122    0.1637556490E-06    0.2610426031E-06    0.3788350633E-06    0.5151121021E-06    0.6672906826E-06    0.8323331938E-06    0.1006926418E-05    0.1187685124E-05    0.1371363066E-05    0.1555018639E-05    0.1736135843E-05    0.1912675978E-05    0.2083084073E-05    0.2246260297E-05    0.2401498440E-05    0.2548418385E-05
        0.0020651929    0.2327427162E-06    0.3710148286E-06    0.5384310252E-06    0.7321189900E-06    0.9484074892E-06    0.1182979200E-05    0.1431125080E-05    0.1688033740E-05    0.1949091361E-05    0.2210117074E-05    0.2467534925E-05    0.2718447337E-05    0.2960644260E-05    0.3192562531E-05    0.3413198441E-05    0.3622011751E-05
        0.0022611570    0.3304534080E-06    0.5267753982E-06    0.7644768353E-06    0.1039479520E-05    0.1346570926E-05    0.1679621174E-05    0.2031944200E-05    0.2396708641E-05    0.2767363699E-05    0.3137973236E-05    0.3503460014E-05    0.3859709966E-05    0.4203585206E-05    0.4532866340E-05    0.4846128296E-05    0.5142604060E-05
        0.0024757158    0.4686567053E-06    0.7470852755E-06    0.1084199160E-05    0.1474214528E-05    0.1909738803E-05    0.2382078370E-05    0.2881750789E-05    0.3399067581E-05    0.3924738263E-05    0.4450343982E-05    0.4968684053E-05    0.5473923768E-05    0.5961612905E-05    0.6428603890E-05    0.6872875696E-05    0.7293340578E-05
        0.0027106339    0.6638361031E-06    0.1058220859E-05    0.1535731380E-05    0.2088175003E-05    0.2705080313E-05    0.3374132951E-05    0.4081901182E-05    0.4814661455E-05    0.5559254126E-05    0.6303754034E-05    0.7037961601E-05    0.7753612096E-05    0.8444401926E-05    0.9105872714E-05    0.9735161819E-05    0.1033072859E-04
        0.0029678432    0.9390954792E-06    0.1497012151E-05    0.2172522710E-05    0.2954037294E-05    0.3826742359E-05    0.4773217133E-05    0.5774460079E-05    0.6811056899E-05    0.7864391301E-05    0.8917593101E-05    0.9956233365E-05    0.1096862028E-04    0.1194583647E-04    0.1288157498E-04    0.1377178632E-04    0.1461429119E-04
        0.0032494587    0.1326486425E-05    0.2114552791E-05    0.3068722374E-05    0.4172624114E-05    0.5405333359E-05    0.6742242527E-05    0.8156511048E-05    0.9620715425E-05    0.1110855981E-04    0.1259621437E-04    0.1406329782E-04    0.1549329509E-04    0.1687361027E-04    0.1819533486E-04    0.1945274915E-04    0.2064277517E-04
        0.0035577965    0.1870629781E-05    0.2981973207E-05    0.4327557864E-05    0.5884296680E-05    0.7622680871E-05    0.9508007608E-05    0.1150242484E-04    0.1356725863E-04    0.1566542606E-04    0.1776332114E-04    0.1983220155E-04    0.2184877717E-04    0.2379528507E-04    0.2565916270E-04    0.2743234452E-04    0.2911049052E-04
        0.0038953921    0.2633251910E-05    0.4197671988E-05    0.6091829454E-05    0.8283224374E-05    0.1073031677E-04    0.1338425452E-04    0.1619175198E-04    0.1909836686E-04    0.2205189783E-04    0.2500503689E-04    0.2791732336E-04    0.3075597157E-04    0.3349597700E-04    0.3611965617E-04    0.3861565625E-04    0.4097786900E-04
        0.0042650218    0.3699601130E-05    0.5897544490E-05    0.8558754450E-05    0.1163756884E-04    0.1507562402E-04    0.1880428213E-04    0.2274867567E-04    0.2683231252E-04    0.3098185140E-04    0.3513082405E-04    0.3922238391E-04    0.4321046755E-04    0.4705994485E-04    0.5074597241E-04    0.5425260165E-04    0.5757125279E-04
        0.0046697254    0.5186910142E-05    0.8268473057E-05    0.1199954489E-04    0.1631610420E-04    0.2113632080E-04    0.2636395800E-04    0.3189404380E-04    0.3761932918E-04    0.4343698665E-04    0.4925382177E-04    0.5499013260E-04    0.6058133556E-04    0.6597817783E-04    0.7114583056E-04    0.7606193648E-04    0.8071447028E-04
        0.0051128308    0.7255131792E-05    0.1156544134E-04    0.1678424471E-04    0.2282198869E-04    0.2956420824E-04    0.3687628425E-04    0.4461137693E-04    0.5261946271E-04    0.6075670940E-04    0.6889275412E-04    0.7691611096E-04    0.8473644137E-04    0.9228485412E-04    0.9951263645E-04    0.1063885218E-03    0.1128956967E-03
        0.0055979820    0.1012306915E-04    0.1613724794E-04    0.2341904680E-04    0.3184350523E-04    0.4125089957E-04    0.5145337974E-04    0.6224604014E-04    0.7341953480E-04    0.8477316827E-04    0.9612503085E-04    0.1073195599E-03    0.1182307010E-03    0.1287623317E-03    0.1388464900E-03    0.1484395596E-03    0.1575180927E-03
        0.0061291687    0.1408531429E-04    0.2245350963E-04    0.3258548159E-04    0.4430734643E-04    0.5739684397E-04    0.7159256897E-04    0.8660937799E-04    0.1021559523E-03    0.1179530298E-03    0.1337474738E-03    0.1493228215E-03    0.1645036711E-03    0.1791562796E-03    0.1931860964E-03    0.2065324515E-03    0.2191627415E-03
        0.0067107592    0.1953992059E-04    0.3114877554E-04    0.4520443802E-04    0.6146566417E-04    0.7962408751E-04    0.9931702029E-04    0.1201488314E-03    0.1417153283E-03    0.1636290780E-03    0.1855388697E-03    0.2071443932E-03    0.2282023063E-03    0.2485270784E-03    0.2679875664E-03    0.2864996378E-03    0.3040181027E-03
        0.0073475362    0.2701828741E-04    0.4307016899E-04    0.6250530424E-04    0.8499007921E-04    0.1100980461E-03    0.1373276160E-03    0.1661316266E-03    0.1959510861E-03    0.2262502345E-03    0.2565433642E-03    0.2864151920E-03    0.3155292175E-03    0.3436289131E-03    0.3705329852E-03    0.3961251598E-03    0.4203430229E-03
        0.0080447363    0.3722723232E-04    0.5934445917E-04    0.8612330586E-04    0.1171040293E-03    0.1516989356E-03    0.1892167455E-03    0.2289033480E-03    0.2699883462E-03    0.3117334533E-03    0.3534692936E-03    0.3946236020E-03    0.4347326866E-03    0.4734431093E-03    0.5105051469E-03    0.5457586955E-03    0.5791178841E-03
        0.0088080930    0.5109414244E-04    0.8145004334E-04    0.1182039710E-03    0.1607248036E-03    0.2082057375E-03    0.2596977079E-03    0.3141653479E-03    0.3705509598E-03    0.4278410866E-03    0.4851167666E-03    0.5415924537E-03    0.5966316600E-03    0.6497493305E-03    0.7006028528E-03    0.7489726708E-03    0.7947411523E-03
        0.0096438838    0.6982774873E-04    0.1113138373E-03    0.1615437433E-03    0.2196547206E-03    0.2845438040E-03    0.3549134498E-03    0.4293480542E-03    0.5064015304E-03    0.5846885423E-03    0.6629527607E-03    0.7401204183E-03    0.8153215364E-03    0.8878932836E-03    0.9573676627E-03    0.1023444947E-02    0.1085964774E-02
        0.0105589819    0.9498030474E-04    0.1514104122E-03    0.2197338589E-03    0.2987767397E-03    0.3870381825E-03    0.4827523763E-03    0.5839927240E-03    0.6887912218E-03    0.7952629912E-03    0.9016984154E-03    0.1006636597E-02    0.1108893979E-02    0.1207569097E-02    0.1302025793E-02    0.1391856956E-02    0.1476845155E-02
        0.0115609128    0.1285370120E-03    0.2049045824E-03    0.2973672972E-03    0.4043358374E-03    0.5237780172E-03    0.6533026393E-03    0.7903005691E-03    0.9321067258E-03    0.1076169353E-02    0.1220173535E-02    0.1362141636E-02    0.1500471596E-02    0.1633943695E-02    0.1761697737E-02    0.1883183793E-02    0.1998108829E-02
        0.0126579159    0.1729486241E-03    0.2757033986E-03    0.4001142063E-03    0.5440414407E-03    0.7047489477E-03    0.8790167151E-03    0.1063330900E-02    0.1254102528E-02    0.1447896509E-02    0.1641595890E-02    0.1832538702E-02    0.2018568782E-02    0.2198045393E-02    0.2369812393E-02    0.2533131601E-02    0.2687610836E-02
        0.0138590124    0.2312697625E-03    0.3686766985E-03    0.5350419880E-03    0.7275025428E-03    0.9423964209E-03    0.1175413294E-02    0.1421848912E-02    0.1676898799E-02    0.1935966622E-02    0.2194880628E-02    0.2450079477E-02    0.2698678997E-02    0.2938485935E-02    0.3167956482E-02    0.3386106573E-02    0.3592415395E-02
        0.0151740797    0.3069613315E-03    0.4893422904E-03    0.7101585585E-03    0.9656066911E-03    0.1250820990E-02    0.1560072859E-02    0.1887109159E-02    0.2225544102E-02    0.2569272155E-02    0.2912749992E-02    0.3251247861E-02    0.3580936181E-02    0.3898905246E-02    0.4203109766E-02    0.4492248793E-02    0.4765637205E-02
        0.0166139325    0.4048757410E-03    0.6454360193E-03    0.9366897897E-03    0.1273614586E-02    0.1649783580E-02    0.2057627994E-02    0.2488884421E-02    0.2935115225E-02    0.3388259184E-02    0.3840994618E-02    0.4287078687E-02    0.4721458238E-02    0.5140298151E-02    0.5540907477E-02    0.5921579334E-02    0.6281420627E-02
        0.0181904113    0.5301600521E-03    0.8451636061E-03    0.1226542814E-02    0.1667710943E-02    0.2160236892E-02    0.2694188034E-02    0.3258717739E-02    0.3842752636E-02    0.4435723730E-02    0.5028027454E-02    0.5611482644E-02    0.6179469997E-02    0.6726973026E-02    0.7250480057E-02    0.7747771686E-02    0.8217696490E-02
        0.0199164806    0.6862418074E-03    0.1093991639E-02    0.1587651867E-02    0.2158680288E-02    0.2796138393E-02    0.3487133912E-02    0.4217584235E-02    0.4973115643E-02    0.5740026435E-02    0.6505859779E-02    0.7260016044E-02    0.7993923752E-02    0.8701098893E-02    0.9377015937E-02    0.1001882787E-01    0.1062507377E-01
        0.0218063349    0.8792741295E-03    0.1401730353E-02    0.2034250620E-02    0.2765863031E-02    0.3582510879E-02    0.4467617887E-02    0.5403071239E-02    0.6370389546E-02    0.7351984495E-02    0.8331855425E-02    0.9296407637E-02    0.1023465537E-01    0.1113830791E-01    0.1200160077E-01    0.1282092889E-01    0.1359446856E-01
        0.0238755154    0.1111742749E-02    0.1772349350E-02    0.2572104109E-02    0.3497093233E-02    0.4529479599E-02    0.5648214588E-02    0.6830288760E-02    0.8052234156E-02    0.9291764613E-02    0.1052858897E-01    0.1174550027E-01    0.1292860550E-01    0.1406745098E-01    0.1515480296E-01    0.1618617095E-01    0.1715932429E-01
        0.0261410384    0.1391891752E-02    0.2218994402E-02    0.3220284010E-02    0.4378275997E-02    0.5670538192E-02    0.7070577987E-02    0.8549420769E-02    0.1007753171E-01    0.1162694201E-01    0.1317216119E-01    0.1469162709E-01    0.1616794896E-01    0.1758809030E-01    0.1894308455E-01    0.2022741735E-01    0.2143841320E-01
        0.0286215345    0.1725221410E-02    0.2750446528E-02    0.3991538819E-02    0.5426729236E-02    0.7028061974E-02    0.8762488320E-02    0.1059384308E-01    0.1248529140E-01    0.1440207970E-01    0.1631249466E-01    0.1818979621E-01    0.2001244507E-01    0.2176437009E-01    0.2343460026E-01    0.2501646606E-01    0.2650682742E-01
        0.0313374022    0.2112620203E-02    0.3368159464E-02    0.4888020603E-02    0.6645413682E-02    0.8605891666E-02    0.1072868077E-01    0.1296913109E-01    0.1528181361E-01    0.1762407057E-01    0.1995691140E-01    0.2224759167E-01    0.2446977106E-01    0.2660390520E-01    0.2863677118E-01    0.3056043920E-01    0.3237131139E-01
        0.0343109759    0.2559138934E-02    0.4080245619E-02    0.5921576651E-02    0.8050510707E-02    0.1042503303E-01    0.1299533260E-01    0.1570681594E-01    0.1850401276E-01    0.2133515771E-01    0.2415282808E-01    0.2691739391E-01    0.2959701440E-01    0.3216821391E-01    0.3461527237E-01    0.3692890494E-01    0.3910507865E-01
        0.0375667089    0.3079573784E-02    0.4910371910E-02    0.7126645812E-02    0.9688927876E-02    0.1254628013E-01    0.1563819594E-01    0.1889829450E-01    0.2225925257E-01    0.2565874316E-01    0.2903949288E-01    0.3235392469E-01    0.3556384367E-01    0.3864128666E-01    0.4156773978E-01    0.4433244272E-01    0.4693094543E-01
        0.0411313750    0.3697825813E-02    0.5896745934E-02    0.8558791832E-02    0.1163630209E-01    0.1506761364E-01    0.1877932092E-01    0.2269081444E-01    0.2672054629E-01    0.3079378978E-01    0.3484159493E-01    0.3880708879E-01    0.4264461393E-01    0.4632098849E-01    0.4981450146E-01    0.5311273020E-01    0.5621079461E-01
        0.0450342886    0.4448006865E-02    0.7093878458E-02    0.1029724792E-01    0.1400042370E-01    0.1812856905E-01    0.2259239793E-01    0.2729378976E-01    0.3213382607E-01    0.3702303111E-01    0.4187838823E-01    0.4663197313E-01    0.5122917976E-01    0.5563060352E-01    0.5981075486E-01    0.6375524337E-01    0.6745868428E-01
        0.0493075457    0.5391614206E-02    0.8599850523E-02    0.1248425949E-01    0.1697432959E-01    0.2197838158E-01    0.2738684139E-01    0.3307928740E-01    0.3893490607E-01    0.4484617121E-01    0.5071259015E-01    0.5645267622E-01    0.6200070901E-01    0.6730957783E-01    0.7234913876E-01    0.7710256322E-01    0.8156383887E-01
        0.0539862877    0.6606264340E-02    0.1053828530E-01    0.1529877224E-01    0.2080026328E-01    0.2692889895E-01    0.3354850938E-01    0.4050962259E-01    0.4766327029E-01    0.5487945783E-01    0.6203553681E-01    0.6903302137E-01    0.7579207448E-01    0.8225584547E-01    0.8838837586E-01    0.9416982785E-01    0.9959349513E-01
        0.0591089906    0.8151342271E-02    0.1300368530E-01    0.1887727924E-01    0.2566236106E-01    0.3321609854E-01    0.4136782584E-01    0.4993068968E-01    0.5872001764E-01    0.6757835621E-01    0.7635524371E-01    0.8493109080E-01    0.9320828650E-01    0.1011178536E+00    0.1086167791E+00    0.1156817280E+00    0.1223054394E+00
        0.0647177816    0.1004101052E-01    0.1601865445E-01    0.2325222902E-01    0.3160378576E-01    0.4089420040E-01    0.5090990395E-01    0.6141785329E-01    0.7218986939E-01    0.8303643244E-01    0.9377321605E-01    0.1042552575E+00    0.1143632804E+00    0.1240138358E+00    0.1331558533E+00    0.1417622977E+00    0.1498257778E+00
        0.0708587849    0.1218748742E-01    0.1944447526E-01    0.2822420448E-01    0.3835631454E-01    0.4962020664E-01    0.6175329958E-01    0.7446964331E-01    0.8749163046E-01    0.1005951008E+00    0.1135566089E+00    0.1262023460E+00    0.1383880080E+00    0.1500138613E+00    0.1610201742E+00    0.1713761596E+00    0.1810746442E+00
        0.0775825017    0.1442340690E-01    0.2301776032E-01    0.3341707707E-01    0.4541864512E-01    0.5876018543E-01    0.7312875861E-01    0.8818261046E-01    0.1035917558E+00    0.1190975150E+00    0.1344334914E+00    0.1493948880E+00    0.1638098781E+00    0.1775610931E+00    0.1905794722E+00    0.2028298765E+00    0.2143048289E+00
        0.0849442250    0.1645218182E-01    0.2627413731E-01    0.3817260901E-01    0.5192180719E-01    0.6722729638E-01    0.8373285068E-01    0.1010442807E+00    0.1187809763E+00    0.1366536570E+00    0.1543516782E+00    0.1716387765E+00    0.1883135701E+00    0.2042389955E+00    0.2193343587E+00    0.2335574220E+00    0.2468975752E+00
        0.0930044946    0.1828113788E-01    0.2923348586E-01    0.4253453255E-01    0.5794879612E-01    0.7516120812E-01    0.9377801369E-01    0.1133527479E+00    0.1334533755E+00    0.1537629109E+00    0.1739240768E+00    0.1936674323E+00    0.2127580511E+00    0.2310347542E+00    0.2484005385E+00    0.2648012409E+00    0.2802186609E+00
        0.1018295948    0.2038025891E-01    0.3264595937E-01    0.4759156360E-01    0.6497638183E-01    0.8446207077E-01    0.1056057060E+00    0.1278934483E+00    0.1508314675E+00    0.1740735982E+00    0.1972091653E+00    0.2199304944E+00    0.2419619157E+00    0.2631115811E+00    0.2832605749E+00    0.3023380152E+00    0.3203144650E+00
        0.1114920997    0.2367337549E-01    0.3796889335E-01    0.5542607649E-01    0.7577520166E-01    0.9861756002E-01    0.1234170241E+00    0.1495549817E+00    0.1764539740E+00    0.2037335028E+00    0.2309174323E+00    0.2576522509E+00    0.2836129025E+00    0.3085713236E+00    0.3323839641E+00    0.3549622329E+00    0.3762660877E+00
        0.1220714697    0.2854242323E-01    0.4579873710E-01    0.6687482597E-01    0.9142577346E-01    0.1189328947E+00    0.1487114306E+00    0.1800016598E+00    0.2121262654E+00    0.2446706790E+00    0.2770813400E+00    0.3089519285E+00    0.3398999918E+00    0.3696574746E+00    0.3980558891E+00    0.4249903800E+00    0.4504132008E+00
        0.1336547051    0.3390871785E-01    0.5445368560E-01    0.7955907951E-01    0.1087811284E+00    0.1414530898E+00    0.1767296877E+00    0.2137142466E+00    0.2516377840E+00    0.2900603468E+00    0.3283408281E+00    0.3660103471E+00    0.4026164350E+00    0.4378411043E+00    0.4714836161E+00    0.5034171052E+00    0.5335820007E+00
        0.1463370617    0.3784290556E-01    0.6096752011E-01    0.8936092014E-01    0.1225230644E+00    0.1596885214E+00    0.1999124553E+00    0.2422105568E+00    0.2857453618E+00    0.3300542277E+00    0.3743897141E+00    0.4181957297E+00    0.4609207782E+00    0.5021690161E+00    0.5416822798E+00    0.5792895833E+00    0.6149009903E+00
        0.1602228341    0.4074970606E-01    0.6602857866E-01    0.9732960612E-01    0.1341351798E+00    0.1756380807E+00    0.2208505921E+00    0.2687273719E+00    0.3183585463E+00    0.3692411996E+00    0.4204862627E+00    0.4714143333E+00    0.5213370896E+00    0.5697473505E+00    0.6163015104E+00    0.6607614026E+00    0.7029887186E+00
        0.1754262130    0.4603216794E-01    0.7490120956E-01    0.1107735947E+00    0.1530260385E+00    0.2007663462E+00    0.2529289631E+00    0.3083630421E+00    0.3660475761E+00    0.4254264572E+00    0.4854416579E+00    0.5452777589E+00    0.6040972992E+00    0.6612770291E+00    0.7163882942E+00    0.7691279007E+00    0.8193128066E+00
        0.1920722248    0.5436393336E-01    0.8856912179E-01    0.1309339328E+00    0.1806280685E+00    0.2366290429E+00    0.2977483704E+00    0.3626843379E+00    0.4302806880E+00    0.4999411240E+00    0.5704317100E+00    0.6408073935E+00    0.7100825953E+00    0.7775224695E+00    0.8426189228E+00    0.9050076298E+00    0.9644638095E+00
        0.2102977595    0.6071306102E-01    0.9940266907E-01    0.1474449460E+00    0.2039670921E+00    0.2679537172E+00    0.3381562130E+00    0.4131306496E+00    0.4915638738E+00    0.5727877359E+00    0.6553340759E+00    0.7380668443E+00    0.8197864549E+00    0.8995870471E+00    0.9768307694E+00    0.1051050510E+01    0.1121947084E+01
        0.2302526962    0.6572945047E-01    0.1084981661E+00    0.1620029668E+00    0.2254994353E+00    0.2980738212E+00    0.3784338284E+00    0.4649622718E+00    0.5561342761E+00    0.6511563657E+00    0.7482458400E+00    0.8460017417E+00    0.9429370029E+00    0.1037914184E+01    0.1130118577E+01    0.1218943892E+01    0.1303990140E+01
        0.2521011363    0.7520086923E-01    0.1244563982E+00    0.1860168054E+00    0.2591769511E+00    0.3430348528E+00    0.4361877736E+00    0.5368171494E+00    0.6432012471E+00    0.7544836608E+00    0.8685805680E+00    0.9838443920E+00    0.1098497982E+01    0.1211166849E+01    0.1320851155E+01    0.1426793058E+01    0.1528478544E+01
        0.2760227522    0.8404345838E-01    0.1397642784E+00    0.2096560230E+00    0.2932003872E+00    0.3895716438E+00    0.4972726162E+00    0.6142617808E+00    0.7385764975E+00    0.8692584379E+00    0.1003836558E+01    0.1140334946E+01    0.1276598096E+01    0.1410938938E+01    0.1542111121E+01    0.1669155336E+01    0.1791405337E+01
        0.3022142655    0.9213172897E-01    0.1544056838E+00    0.2331941982E+00    0.3283046256E+00    0.4390376570E+00    0.5637917366E+00    0.7002438263E+00    0.8461101067E+00    0.1000267788E+01    0.1159749831E+01    0.1322157400E+01    0.1484859093E+01    0.1645775208E+01    0.1803349590E+01    0.1956370536E+01    0.2103980819E+01
        0.3308910644    0.1036613579E+00    0.1743868743E+00    0.2642302005E+00    0.3733021779E+00    0.5010495237E+00    0.6458137443E+00    0.8050396063E+00    0.9761679635E+00    0.1157969205E+01    0.1346939318E+01    0.1540203404E+01    0.1734568696E+01    0.1927479196E+01    0.2116992446E+01    0.2301575341E+01    0.2480122029E+01
        0.3622889751    0.1137443701E+00    0.1930120377E+00    0.2947802360E+00    0.4196365202E+00    0.5672441824E+00    0.7358609126E+00    0.9225974755E+00    0.1124490945E+01    0.1340108555E+01    0.1565254405E+01    0.1796445448E+01    0.2029792025E+01    0.2262150074E+01    0.2491100953E+01    0.2714716696E+01    0.2931585845E+01
        0.3966662010    0.1265084729E+00    0.2160426058E+00    0.3319171135E+00    0.4752895168E+00    0.6461656257E+00    0.8428233985E+00    0.1062090799E+01    0.1300608942E+01    0.1556747372E+01    0.1825496822E+01    0.2102636785E+01    0.2383421703E+01    0.2663975556E+01    0.2941279447E+01    0.3212904960E+01    0.3477050496E+01
        0.4343054463    0.1392117119E+00    0.2400082659E+00    0.3719473239E+00    0.5369425179E+00    0.7354427100E+00    0.9657487451E+00    0.1224329412E+01    0.1507323277E+01    0.1812829093E+01    0.2134844107E+01    0.2468244077E+01    0.2807241501E+01    0.3147066645E+01    0.3483963598E+01    0.3814888545E+01    0.4137558490E+01
        0.4755162407    0.1537850330E+00    0.2675789167E+00    0.4181748117E+00    0.6084866589E+00    0.8396184304E+00    0.1110009667E+01    0.1415774055E+01    0.1752479830E+01    0.2117890038E+01    0.2504791164E+01    0.2906943253E+01    0.3317278850E+01    0.3729927009E+01    0.4140219509E+01    0.4544351582E+01    0.4939444501E+01
        0.5206374847    0.1694697320E+00    0.2980445109E+00    0.4703058882E+00    0.6904702233E+00    0.9605091964E+00    0.1279080872E+01    0.1641896451E+01    0.2043836559E+01    0.2482228619E+01    0.2948383097E+01    0.3434691593E+01    0.3932527694E+01    0.4434678195E+01    0.4935359289E+01    0.5429837932E+01    0.5914509419E+01
        0.5700402368    0.1866561595E+00    0.3321767449E+00    0.5297230028E+00    0.7852016235E+00    0.1101732686E+01    0.1478306289E+01    0.1910179707E+01    0.2391398724E+01    0.2918718806E+01    0.3481645055E+01    0.4070889771E+01    0.4675932184E+01    0.5287931472E+01    0.5899749677E+01    0.6505532651E+01    0.7100802278E+01
        0.6241307649    0.2056491862E+00    0.3706806818E+00    0.5978453495E+00    0.8952398418E+00    0.1267486728E+01    0.1714041111E+01    0.2229626155E+01    0.2807250624E+01    0.3442906514E+01    0.4123885595E+01    0.4838844287E+01    0.5574972236E+01    0.6321471937E+01    0.7069579373E+01    0.7812104703E+01    0.8543536487E+01
        0.6833538873    0.2266220529E+00    0.4142010977E+00    0.6762126353E+00    0.1023555274E+01    0.1462770427E+01    0.1993912580E+01    0.2611040616E+01    0.3305848877E+01    0.4073303333E+01    0.4897983124E+01    0.5766040663E+01    0.6661919885E+01    0.7572497537E+01    0.8487083169E+01    0.9396921979E+01    0.1029530480E+02
        0.7481966305    0.2498724596E+00    0.4636152122E+00    0.7667807819E+00    0.1173821079E+01    0.1693683487E+01    0.2327142950E+01    0.3067384035E+01    0.3904401945E+01    0.4831778459E+01    0.5830773211E+01    0.6884510372E+01    0.7974174085E+01    0.9083915540E+01    0.1020079907E+02    0.1131427325E+02    0.1241627511E+02
        0.8191922345    0.2757490775E+00    0.5199718482E+00    0.8719083258E+00    0.1350473082E+01    0.1967568170E+01    0.2724762260E+01    0.3614030308E+01    0.4623136074E+01    0.5743797274E+01    0.6953227470E+01    0.8230925179E+01    0.9554254294E+01    0.1090422807E+02    0.1226534559E+02    0.1362504363E+02    0.1497377606E+02
        0.8969245379    0.3046565348E+00    0.5845270492E+00    0.9944416504E+00    0.1558857408E+01    0.2293217047E+01    0.3199854491E+01    0.4269013052E+01    0.5485496663E+01    0.6838531325E+01    0.8300433242E+01    0.9846418534E+01    0.1144944716E+02    0.1308699869E+02    0.1474071082E+02    0.1639583551E+02    0.1804126501E+02
        0.9820327791    0.3370908637E+00    0.6587981875E+00    0.1137808866E+01    0.1805377176E+01    0.2681060890E+01    0.3767747847E+01    0.5053160987E+01    0.6518165923E+01    0.8148701044E+01    0.9911217870E+01    0.1177596440E+02    0.1371092795E+02    0.1568971712E+02    0.1769086901E+02    0.1969735163E+02    0.2169649591E+02
        1.0752168532    0.3736200022E+00    0.7445853580E+00    0.1306099090E+01    0.2097624170E+01    0.3143316337E+01    0.4446113590E+01    0.5990068255E+01    0.7750827364E+01    0.9710072247E+01    0.1182733755E+02    0.1406724120E+02    0.1639229980E+02    0.1877202654E+02    0.2118171411E+02    0.2360205582E+02    0.2601892925E+02
        1.1772430677    0.4149256493E+00    0.8440424918E+00    0.1504182438E+01    0.2444537416E+01    0.3694128772E+01    0.5255004948E+01    0.7105931550E+01    0.9215718039E+01    0.1156066875E+02    0.1409232760E+02    0.1676912393E+02    0.1954774900E+02    0.2239357240E+02    0.2527863259E+02    0.2818149750E+02    0.3108683077E+02
        1.2889504441    0.4618037244E+00    0.9597254147E+00    0.1737808724E+01    0.2856513506E+01    0.4349606663E+01    0.6216699911E+01    0.8429093041E+01    0.1094679819E+02    0.1373953987E+02    0.1674987992E+02    0.1992971205E+02    0.2322977617E+02    0.2661149079E+02    0.3004379444E+02    0.3350343945E+02    0.3697425712E+02
        1.4112576178    0.5151852919E+00    0.1094639637E+01    0.2013679628E+01    0.3345440225E+01    0.5127697671E+01    0.7355286123E+01    0.9989233672E+01    0.1297851304E+02    0.1628511120E+02    0.1984184866E+02    0.2359407906E+02    0.2748678026E+02    0.3147790499E+02    0.3553362008E+02    0.3962933117E+02    0.4374855046E+02
        1.5451703927    0.5761591349E+00    0.1252305083E+01    0.2339532855E+01    0.3924702812E+01    0.6047970242E+01    0.8696084266E+01    0.1181637355E+02    0.1534439235E+02    0.1923347648E+02    0.2340636744E+02    0.2780235640E+02    0.3236123247E+02    0.3703828161E+02    0.4179737756E+02    0.4661317462E+02    0.5146947152E+02
        1.6917900122    0.6460084033E+00    0.1436842554E+01    0.2724230186E+01    0.4609142915E+01    0.7131282055E+01    0.1026492010E+02    0.1393975142E+02    0.1807564912E+02    0.2261689621E+02    0.2747644899E+02    0.3258861584E+02    0.3788897900E+02    0.4333123811E+02    0.4887753618E+02    0.5450242826E+02    0.6019062874E+02
        1.8523222157    0.7262284742E+00    0.1653010475E+01    0.3177729501E+01    0.5414798630E+01    0.8399130148E+01    0.1208704024E+02    0.1638641130E+02    0.2119965655E+02    0.2646243033E+02    0.3207902194E+02    0.3798050061E+02    0.4409958237E+02    0.5038963809E+02    0.5681161545E+02    0.6334057771E+02    0.6996271840E+02
        2.0280871538    0.8186081372E+00    0.1906340250E+01    0.3711167976E+01    0.6358758220E+01    0.9873164957E+01    0.1418634694E+02    0.1918038649E+02    0.2473939898E+02    0.3079197094E+02    0.3723578510E+02    0.4400103499E+02    0.5101911920E+02    0.5824433122E+02    0.6563679383E+02    0.7317252947E+02    0.8083962404E+02
        2.2205302450    0.9253130332E+00    0.2203258877E+01    0.4336879790E+01    0.7458897505E+01    0.1157461701E+02    0.1658470369E+02    0.2234222878E+02    0.2871359906E+02    0.3562326200E+02    0.4296527247E+02    0.5067173871E+02    0.5867424037E+02    0.6692899720E+02    0.7539538732E+02    0.8405060490E+02    0.9288484994E+02
        2.4312340620    0.1054819010E+01    0.2562205712E+01    0.5085840380E+01    0.8758406118E+01    0.1355645485E+02    0.1934212786E+02    0.2593744591E+02    0.3319342475E+02    0.4103487367E+02    0.4935578872E+02    0.5809304020E+02    0.6717943729E+02    0.7657362370E+02    0.8623397882E+02    0.9613885582E+02    0.1062806633E+03
        2.6619313461    0.1197464874E+01    0.2967546853E+01    0.5934188831E+01    0.1022104356E+02    0.1576560526E+02    0.2238601357E+02    0.2987396396E+02    0.3806975120E+02    0.4690397949E+02    0.5627462481E+02    0.6612576891E+02    0.7639193399E+02    0.8703410981E+02    0.9800916229E+02    0.1092964475E+03    0.1208906281E+03
        2.9145192568    0.1362411672E+01    0.3438788192E+01    0.6912916559E+01    0.1188722308E+02    0.1824896969E+02    0.2576825151E+02    0.3420947576E+02    0.4340875849E+02    0.5330877159E+02    0.6381499658E+02    0.7488020810E+02    0.8644017901E+02    0.9845763447E+02    0.1108874334E+03    0.1237099174E+03    0.1369222769E+03
        3.1910749729    0.1554412236E+01    0.3986968063E+01    0.8038418324E+01    0.1377513125E+02    0.2102344435E+02    0.2950393662E+02    0.3895953550E+02    0.4923033274E+02    0.6027732923E+02    0.7201590502E+02    0.8440769132E+02    0.9738851069E+02    0.1109221184E+03    0.1249612597E+03    0.1394876348E+03    0.1545016092E+03
        3.4938727747    0.1780814997E+01    0.4627653343E+01    0.9332922343E+01    0.1590991590E+02    0.2411479485E+02    0.3362015637E+02    0.4415582370E+02    0.5557495181E+02    0.6786227110E+02    0.8094369223E+02    0.9478857233E+02    0.1093314010E+03    0.1245368148E+03    0.1403560137E+03    0.1567729368E+03    0.1737921354E+03
        3.8254027466    0.2051126335E+01    0.5379910576E+01    0.1082269046E+02    0.1832132856E+02    0.2755490472E+02    0.3815270478E+02    0.4984196514E+02    0.6249806499E+02    0.7613311648E+02    0.9068218323E+02    0.1061205453E+03    0.1223806977E+03    0.1394291285E+03    0.1572166881E+03    0.1757307725E+03    0.1949812748E+03
        4.1883912545    0.2374787783E+01    0.6261724530E+01    0.1253074225E+02    0.2103390484E+02    0.3136942445E+02    0.4313100747E+02    0.5605546727E+02    0.7004862989E+02    0.8515107983E+02    0.1013040917E+03    0.1184876273E+03    0.1366330946E+03    0.1557109118E+03    0.1756729376E+03    0.1965111980E+03    0.2182419696E+03
        4.5858233661    0.2755606111E+01    0.7278930314E+01    0.1445981739E+02    0.2404407836E+02    0.3554901987E+02    0.4854349700E+02    0.6278721364E+02    0.7822252209E+02    0.9491646002E+02    0.1128134026E+03    0.1318987409E+03    0.1521054208E+03    0.1734101655E+03    0.1957667760E+03    0.2191727479E+03    0.2436515730E+03
        5.0209673996    0.3191257793E+01    0.8424217379E+01    0.1659175451E+02    0.2732051937E+02    0.4005067344E+02    0.5433978231E+02    0.6998413273E+02    0.8696521924E+02    0.1053718243E+03    0.1251502421E+03    0.1462947158E+03    0.1687430270E+03    0.1924797059E+03    0.2174607983E+03    0.2436897726E+03    0.2711980229E+03
        5.4974018001    0.3689239144E+01    0.9708140127E+01    0.1893629823E+02    0.3087136497E+02    0.4488283199E+02    0.6053286412E+02    0.7766700787E+02    0.9630415588E+02    0.1165498623E+03    0.1383547279E+03    0.1617269359E+03    0.1866111901E+03    0.2129997450E+03    0.2408508012E+03    0.2701741867E+03    0.3010101231E+03
        6.0190445678    0.4265286884E+01    0.1115602710E+02    0.2152576321E+02    0.3473563353E+02    0.5009309125E+02    0.6718300443E+02    0.8591011996E+02    0.1063248581E+03    0.1285477009E+03    0.1525394191E+03    0.1783263266E+03    0.2058596577E+03    0.2351377425E+03    0.2661210713E+03    0.2988270244E+03    0.3333071227E+03
        6.5901854779    0.4923244186E+01    0.1276939232E+02    0.2435586387E+02    0.3890275178E+02    0.5566703588E+02    0.7427670552E+02    0.9470104461E+02    0.1170139597E+03    0.1413542991E+03    0.1676999044E+03    0.1960959706E+03    0.2264974742E+03    0.2589067091E+03    0.2932888333E+03    0.3296728234E+03    0.3681264778E+03
        7.2155213579    0.5669625751E+01    0.1455433824E+02    0.2742971818E+02    0.4337243153E+02    0.6160397696E+02    0.8181717615E+02    0.1040449189E+03    0.1283783672E+03    0.1549834362E+03    0.1838588364E+03    0.2150648713E+03    0.2485564272E+03    0.2843414886E+03    0.3223969847E+03    0.3627699260E+03    0.4055488161E+03
        7.9001947124    0.6514607323E+01    0.1652352081E+02    0.3076035452E+02    0.4815749041E+02    0.6792024533E+02    0.8982730964E+02    0.1139679628E+03    0.1404506272E+03    0.1694783356E+03    0.2010681311E+03    0.2352882270E+03    0.2720941023E+03    0.3115100200E+03    0.3535324708E+03    0.3982294011E+03    0.4457101564E+03
        8.6498360130    0.7462558735E+01    0.1867839569E+02    0.3434383963E+02    0.5324812911E+02    0.7460510837E+02    0.9829689075E+02    0.1244583447E+03    0.1532232320E+03    0.1848364884E+03    0.2193241850E+03    0.2567582954E+03    0.2971078800E+03    0.3404252671E+03    0.3867259384E+03    0.4360961780E+03    0.4886654112E+03
        9.4706100008    0.8520603787E+01    0.2102552530E+02    0.3818362950E+02    0.5864455198E+02    0.8166117176E+02    0.1072299740E+03    0.1355222501E+03    0.1667100663E+03    0.2010745379E+03    0.2386395845E+03    0.2794920067E+03    0.3236319230E+03    0.3711359119E+03    0.4220325560E+03    0.4764266189E+03    0.5344739531E+03
       10.3692663829    0.9694542661E+01    0.2356886674E+02    0.4227887041E+02    0.6434173802E+02    0.8908523398E+02    0.1166225416E+03    0.1471594753E+03    0.1809161985E+03    0.2181932593E+03    0.2590135990E+03    0.3035034443E+03    0.3516918381E+03    0.4036651676E+03    0.4594697687E+03    0.5192411513E+03    0.5831733968E+03
       11.3531953391    0.1099032471E+02    0.2631244758E+02    0.4662832811E+02    0.7033500310E+02    0.9687455139E+02    0.1264710709E+03    0.1593726364E+03    0.1958447541E+03    0.2361896377E+03    0.2804541560E+03    0.3288119233E+03    0.3812993914E+03    0.4380177757E+03    0.4990513939E+03    0.5645763823E+03    0.6348232363E+03
       12.4304882957    0.1241235094E+02    0.2925715762E+02    0.5122579328E+02    0.7661443605E+02    0.1050194216E+03    0.1367655916E+03    0.1721567996E+03    0.2114839058E+03    0.2550534281E+03    0.3029640248E+03    0.3554107172E+03    0.4124363994E+03    0.4741890266E+03    0.5407930244E+03    0.6124552415E+03    0.6894420945E+03
       13.6100044661    0.1396520913E+02    0.3240383141E+02    0.5606474357E+02    0.8317125409E+02    0.1135105514E+03    0.1474995288E+03    0.1855070335E+03    0.2278206515E+03    0.2747841383E+03    0.3265383413E+03    0.3832795817E+03    0.4450987216E+03    0.5121869429E+03    0.5846944820E+03    0.6628668115E+03    0.7470246882E+03
       14.9014437053    0.1565349913E+02    0.3575280607E+02    0.6113790350E+02    0.8999727563E+02    0.1223386661E+03    0.1586688817E+03    0.1994146837E+03    0.2448478971E+03    0.2953807364E+03    0.3511565735E+03    0.4124101319E+03    0.4792874780E+03    0.5519964333E+03    0.6307348665E+03    0.7158092855E+03    0.8075890624E+03
       16.3154262774    0.1747978386E+02    0.3930023831E+02    0.6643234855E+02    0.9707849597E+02    0.1314878382E+03    0.1702621489E+03    0.2138583950E+03    0.2625554041E+03    0.3168177497E+03    0.3767923354E+03    0.4427877957E+03    0.5149620998E+03    0.5935794814E+03    0.6788956163E+03    0.7712574869E+03    0.8710967649E+03
       17.8635801925    0.1944782616E+02    0.4304384899E+02    0.7193803461E+02    0.1044055076E+03    0.1409494285E+03    0.1822727874E+03    0.2288275716E+03    0.2809375049E+03    0.3390737411E+03    0.4034428013E+03    0.4743823565E+03    0.5521026739E+03    0.6369223744E+03    0.7291435929E+03    0.8291785559E+03    0.9375261283E+03
       19.5586368304    0.2155922557E+02    0.4697702009E+02    0.7763987633E+02    0.1119628868E+03    0.1507103018E+03    0.1946826895E+03    0.2443103779E+03    0.2999656961E+03    0.3621289829E+03    0.4310704854E+03    0.5071583294E+03    0.5906741019E+03    0.6819757317E+03    0.7814339144E+03    0.8895306422E+03    0.1006829637E+04
       21.4145356385    0.2381563073E+02    0.5109278150E+02    0.8352375492E+02    0.1197364203E+03    0.1607612077E+03    0.2074739711E+03    0.2602982082E+03    0.3196136892E+03    0.3859630997E+03    0.4596362899E+03    0.5410875127E+03    0.6306264747E+03    0.7286925632E+03    0.8357201864E+03    0.9522516197E+03    0.1078948650E+04
       23.4465387640    0.2621695176E+02    0.5538087250E+02    0.8957277117E+02    0.1277084669E+03    0.1710888165E+03    0.2206290563E+03    0.2767651548E+03    0.3398642178E+03    0.4105315475E+03    0.4891156614E+03    0.5761079215E+03    0.6719153148E+03    0.7770145446E+03    0.8919229851E+03    0.1017282930E+04    0.1153801303E+04
       25.6713565631    0.2876146409E+02    0.5982820515E+02    0.9576820314E+02    0.1358596772E+03    0.1816744134E+03    0.2341336387E+03    0.2936759865E+03    0.3606841057E+03    0.4358014540E+03    0.5194438979E+03    0.6121848358E+03    0.7144596381E+03    0.8268738852E+03    0.9499795291E+03    0.1084505160E+04    0.1231318597E+04
       28.1072850208    0.3144675673E+02    0.6442076995E+02    0.1020922047E+03    0.1441731713E+03    0.1924973345E+03    0.2479696939E+03    0.3110109473E+03    0.3820265919E+03    0.4617297231E+03    0.5505812002E+03    0.6492329276E+03    0.7582265365E+03    0.8781630106E+03    0.1009808525E+04    0.1153869973E+04    0.1311325597E+04
       30.7743562090    0.3426928973E+02    0.6914322704E+02    0.1085271257E+03    0.1526344721E+03    0.2035359438E+03    0.2621098845E+03    0.3287406022E+03    0.4038693513E+03    0.4882537044E+03    0.5824768401E+03    0.6871963260E+03    0.8030989745E+03    0.9308740384E+03    0.1071238778E+04    0.1225278862E+04    0.1393807056E+04
       33.6945030221    0.3722436782E+02    0.7397945793E+02    0.1150561166E+03    0.1612308851E+03    0.2147756644E+03    0.2765253694E+03    0.3468277495E+03    0.4261548613E+03    0.5153539531E+03    0.6150276743E+03    0.7260544635E+03    0.8489815302E+03    0.9848373560E+03    0.1134334231E+04    0.1298448416E+04    0.1478651307E+04
       36.8917395444    0.4030577624E+02    0.7891275963E+02    0.1216632647E+03    0.1699512542E+03    0.2262086656E+03    0.2911975716E+03    0.3652510423E+03    0.4488413948E+03    0.5429576341E+03    0.6482356884E+03    0.7656020905E+03    0.8959412563E+03    0.1039890250E+04    0.1198851287E+04    0.1373583578E+04    0.1565397924E+04
       40.3923585315    0.4350503349E+02    0.8392490121E+02    0.1283333193E+03    0.1787850668E+03    0.2378179526E+03    0.3061181485E+03    0.3839516092E+03    0.4719340757E+03    0.5709622740E+03    0.6820426089E+03    0.8058873449E+03    0.9436202123E+03    0.1096264121E+04    0.1264509051E+04    0.1450329784E+04    0.1654482696E+04
       44.2251476316    0.4681109827E+02    0.8899455475E+02    0.1350494888E+03    0.1877146234E+03    0.2495895365E+03    0.3212397581E+03    0.4029412970E+03    0.4952987143E+03    0.5994805974E+03    0.7161991830E+03    0.8469314079E+03    0.9920939110E+03    0.1153376495E+04    0.1331803702E+04    0.1528250096E+04    0.1745365286E+04
       48.4216261230    0.5021158178E+02    0.9409743015E+02    0.1417900203E+03    0.1967224109E+03    0.2615001425E+03    0.3365429945E+03    0.4221813223E+03    0.5189579158E+03    0.6282745213E+03    0.7510020373E+03    0.8882158356E+03    0.1041559977E+04    0.1211329113E+04    0.1399831659E+04    0.1608213199E+04    0.1837448006E+04
       53.0163041156    0.5369492390E+02    0.9921089562E+02    0.1485353486E+03    0.2057902841E+03    0.2735063347E+03    0.3520423440E+03    0.4415210793E+03    0.5429707371E+03    0.6572797786E+03    0.7861297130E+03    0.9302875183E+03    0.1091109880E+04    0.1270568879E+04    0.1468762891E+04    0.1688838314E+04    0.1932107609E+04
       58.0469663481    0.5725115126E+02    0.1043199689E+03    0.1552733807E+03    0.2148902535E+03    0.2856216551E+03    0.3675806283E+03    0.4611243387E+03    0.5669276164E+03    0.6868164054E+03    0.8212767724E+03    0.9727792260E+03    0.1141604909E+04    0.1329664515E+04    0.1539340068E+04    0.1770463752E+04    0.2027236941E+04
       63.5549829136    0.6086892043E+02    0.1094154733E+03    0.1620016008E+03    0.2240423256E+03    0.2977784719E+03    0.3832015980E+03    0.4807583718E+03    0.5911692331E+03    0.7161208746E+03    0.8571893094E+03    0.1015015222E+04    0.1192620215E+04    0.1389916071E+04    0.1609422831E+04    0.1854162220E+04    0.2123560532E+04
       69.5856494710    0.6453162134E+02    0.1144856905E+03    0.1687359562E+03    0.2332350825E+03    0.3099485524E+03    0.3989939282E+03    0.5002963858E+03    0.6155629307E+03    0.7456527693E+03    0.8927147379E+03    0.1058326340E+04    0.1243028234E+04    0.1450781373E+04    0.1680992743E+04    0.1936849545E+04    0.2222366041E+04
       76.1885597370    0.6822128206E+02    0.1195072427E+03    0.1754497737E+03    0.2424208505E+03    0.3222909850E+03    0.4146187430E+03    0.5202355249E+03    0.6395655029E+03    0.7755765861E+03    0.9283560817E+03    0.1101075471E+04    0.1294967751E+04    0.1510628199E+04    0.1753177036E+04    0.2021587491E+04    0.2319524733E+04
       83.4180133251    0.7192742048E+02    0.1244579417E+03    0.1821046840E+03    0.2516796090E+03    0.3345359035E+03    0.4304538290E+03    0.5398546942E+03    0.6642055517E+03    0.8047690472E+03    0.9647256673E+03    0.1143796072E+04    0.1346069178E+04    0.1572645434E+04    0.1823983654E+04    0.2106735738E+04    0.2419610753E+04
       91.3334622825    0.7564019140E+02    0.1293511964E+03    0.1887530947E+03    0.2608721052E+03    0.3467275452E+03    0.4462790482E+03    0.5594672345E+03    0.6884258075E+03    0.8347787491E+03    0.9999146913E+03    0.1187677478E+04    0.1397046701E+04    0.1633335775E+04    0.1897743336E+04    0.2190298358E+04    0.2519560774E+04
      100.0000000000    0.7933626863E+02    0.1341782164E+03    0.1953520247E+03    0.2700067934E+03    0.3591110176E+03    0.4616671724E+03    0.5793635275E+03    0.7122722873E+03    0.8642730460E+03    0.1036091962E+04    0.1229752451E+04    0.1449579491E+04    0.1693938000E+04    0.1969353763E+04    0.2277650326E+04    0.2617978862E+04
