               #####        0.2000000000        0.2533333333        0.3066666667        0.3600000000        0.4133333333        0.4666666667        0.5200000000        0.5733333333        0.6266666667        0.6800000000        0.7333333333        0.7866666667        0.8400000000        0.8933333333        0.9466666667        1.0000000000
        0.0010000000    0.1369187309E-07    0.2182617577E-07    0.3167498121E-07    0.4306932074E-07    0.5579322669E-07    0.6959272466E-07    0.8419079575E-07    0.9930439526E-07    0.1146620906E-06    0.1300179325E-06    0.1451615541E-06    0.1599224991E-06    0.1741707546E-06    0.1878143609E-06    0.2007942691E-06    0.2130786948E-06
        0.0010948890    0.1955143734E-07    0.3116689153E-07    0.4523058720E-07    0.6150124452E-07    0.7967047091E-07    0.9937560124E-07    0.1202210631E-06    0.1418026791E-06    0.1637328532E-06    0.1856603791E-06    0.2072848608E-06    0.2283628932E-06    0.2487088232E-06    0.2681913361E-06    0.2867261126E-06    0.3042677660E-06
        0.0011987818    0.2790556269E-07    0.4448418125E-07    0.6455715159E-07    0.8778009845E-07    0.1137128571E-06    0.1418377992E-06    0.1715903274E-06    0.2023935614E-06    0.2336942876E-06    0.2649912310E-06    0.2958556384E-06    0.3259400998E-06    0.3549796342E-06    0.3827868177E-06    0.4092413025E-06    0.4342783090E-06
        0.0013125330    0.3980674144E-07    0.6345582092E-07    0.9208952886E-07    0.1252166222E-06    0.1622092158E-06    0.2023289229E-06    0.2447703542E-06    0.2887105979E-06    0.3333605021E-06    0.3780050048E-06    0.4220324961E-06    0.4649474013E-06    0.5063717298E-06    0.5460381253E-06    0.5837749144E-06    0.6194896912E-06
        0.0014370779    0.5675214460E-07    0.9046844834E-07    0.1312913022E-06    0.1785203475E-06    0.2312604157E-06    0.2884587947E-06    0.3489672440E-06    0.4116125392E-06    0.4752695868E-06    0.5389189239E-06    0.6016885798E-06    0.6628720161E-06    0.7219303338E-06    0.7784823655E-06    0.8322833590E-06    0.8832015735E-06
        0.0015734408    0.8085467847E-07    0.1288902444E-06    0.1870505100E-06    0.2543376795E-06    0.3294764116E-06    0.4109669085E-06    0.4971732683E-06    0.5864239902E-06    0.6771161452E-06    0.7677972975E-06    0.8572251460E-06    0.9443930834E-06    0.1028533340E-05    0.1109102869E-05    0.1185752973E-05    0.1258295964E-05
        0.0017227429    0.1151129157E-06    0.1835012305E-06    0.2663041110E-06    0.3621010014E-06    0.4690762020E-06    0.5850944474E-06    0.7078266919E-06    0.8348932002E-06    0.9640118618E-06    0.1093114827E-05    0.1220433419E-05    0.1344534525E-05    0.1464325068E-05    0.1579031911E-05    0.1688158619E-05    0.1791437982E-05
        0.0018862122    0.1637556132E-06    0.2610424648E-06    0.3788350025E-06    0.5151124049E-06    0.6672917303E-06    0.8323354222E-06    0.1006930244E-05    0.1187690837E-05    0.1371370720E-05    0.1555028216E-05    0.1736147249E-05    0.1912689111E-05    0.2083098827E-05    0.2246276560E-05    0.2401516106E-05    0.2548437350E-05
        0.0020651929    0.2327425238E-06    0.3710143868E-06    0.5384306117E-06    0.7321190651E-06    0.9484086793E-06    0.1182982232E-05    0.1431130656E-05    0.1688042360E-05    0.1949103131E-05    0.2210131976E-05    0.2467552817E-05    0.2718468062E-05    0.2960667651E-05    0.3192588412E-05    0.3413226640E-05    0.3622042103E-05
        0.0022611570    0.3304527901E-06    0.5267741887E-06    0.7644754507E-06    0.1039478690E-05    0.1346571672E-05    0.1679624701E-05    0.2031951690E-05    0.2396720949E-05    0.2767381027E-05    0.3137995581E-05    0.3503487164E-05    0.3859741681E-05    0.4203621232E-05    0.4532906399E-05    0.4846172120E-05    0.5142651390E-05
        0.0024757158    0.4686567964E-06    0.7470850476E-06    0.1084199432E-05    0.1474216636E-05    0.1909744567E-05    0.2382089912E-05    0.2881770192E-05    0.3399096372E-05    0.3924776848E-05    0.4450392404E-05    0.4968741973E-05    0.5473990784E-05    0.5961688569E-05    0.6428687704E-05    0.6872967163E-05    0.7293439212E-05
        0.0027106339    0.6638352490E-06    0.1058218879E-05    0.1535729484E-05    0.2088175294E-05    0.2705085737E-05    0.3374147010E-05    0.4081927365E-05    0.4814702367E-05    0.5559310513E-05    0.6303826050E-05    0.7038048756E-05    0.7753713798E-05    0.8444517501E-05    0.9106001400E-05    0.9735302849E-05    0.1033088120E-04
        0.0029678432    0.9390940772E-06    0.1497008890E-05    0.2172519565E-05    0.2954037748E-05    0.3826751340E-05    0.4773240549E-05    0.5774503870E-05    0.6811125572E-05    0.7864486250E-05    0.8917714721E-05    0.9956380949E-05    0.1096879293E-04    0.1194603312E-04    0.1288179441E-04    0.1377202728E-04    0.1461455241E-04
        0.0032494587    0.1326484126E-05    0.2114547425E-05    0.3068717160E-05    0.4172624817E-05    0.5405348219E-05    0.6742281500E-05    0.8156584236E-05    0.9620830614E-05    0.1110871959E-04    0.1259641963E-04    0.1406354757E-04    0.1549358799E-04    0.1687394467E-04    0.1819570880E-04    0.1945316058E-04    0.2064322204E-04
        0.0035577965    0.1870626014E-05    0.2981964386E-05    0.4327549229E-05    0.5884297765E-05    0.7622705439E-05    0.9508072421E-05    0.1150254706E-04    0.1356745170E-04    0.1566569472E-04    0.1776366730E-04    0.1983262389E-04    0.2184927374E-04    0.2379585333E-04    0.2565979953E-04    0.2743304660E-04    0.2911125448E-04
        0.0038953921    0.2633225552E-05    0.4197625316E-05    0.6091768458E-05    0.8283162527E-05    0.1073027507E-04    0.1338425958E-04    0.1619183178E-04    0.1909854376E-04    0.2205218014E-04    0.2500542849E-04    0.2791782297E-04    0.3075657697E-04    0.3349668513E-04    0.3612046298E-04    0.3861655739E-04    0.4097885996E-04
        0.0042650218    0.3699606489E-05    0.5897545345E-05    0.8558766568E-05    0.1163761996E-04    0.1507575393E-04    0.1880453941E-04    0.2274911064E-04    0.2683296555E-04    0.3098273848E-04    0.3513195287E-04    0.3922375259E-04    0.4321207189E-04    0.4706177859E-04    0.5074802715E-04    0.5425486811E-04    0.5757372115E-04
        0.0046697254    0.5186893667E-05    0.8268434111E-05    0.1199950590E-04    0.1631610804E-04    0.2113643120E-04    0.2636425448E-04    0.3189461006E-04    0.3762023356E-04    0.4343825744E-04    0.4925547391E-04    0.5499216512E-04    0.6058374372E-04    0.6598095341E-04    0.7114896160E-04    0.7606540941E-04    0.8071827046E-04
        0.0051128308    0.7255104911E-05    0.1156537759E-04    0.1678418043E-04    0.2282199446E-04    0.2956439004E-04    0.3687677539E-04    0.4461231898E-04    0.5262097284E-04    0.6075883839E-04    0.6889553037E-04    0.7691953598E-04    0.8474050992E-04    0.9228955469E-04    0.9951795082E-04    0.1063944285E-03    0.1129021721E-03
        0.0055979820    0.1012240079E-04    0.1613614813E-04    0.2341749608E-04    0.3184154916E-04    0.4124865354E-04    0.5145101787E-04    0.6224376516E-04    0.7341752379E-04    0.8477150074E-04    0.9612376026E-04    0.1073187038E-03    0.1182302729E-03    0.1287623396E-03    0.1388469342E-03    0.1484404368E-03    0.1575193968E-03
        0.0061291687    0.1408464572E-04    0.2245238740E-04    0.3258392575E-04    0.4430548012E-04    0.5739490114E-04    0.7159087584E-04    0.8660830306E-04    0.1021558159E-03    0.1179539822E-03    0.1337496143E-03    0.1493261816E-03    0.1645082689E-03    0.1791621187E-03    0.1931931629E-03    0.2065407225E-03    0.2191721868E-03
        0.0067107592    0.1953950977E-04    0.3114802803E-04    0.4520346973E-04    0.6146475421E-04    0.7962369067E-04    0.9931773625E-04    0.1201513221E-03    0.1417201673E-03    0.1636365447E-03    0.1855491464E-03    0.2071575372E-03    0.2282183421E-03    0.2485459977E-03    0.2680093243E-03    0.2865241691E-03    0.3040453268E-03
        0.0073475362    0.2701809965E-04    0.4306971806E-04    0.6250483596E-04    0.8499010492E-04    0.1100993650E-03    0.1373312659E-03    0.1661387493E-03    0.1959626765E-03    0.2262667941E-03    0.2565652250E-03    0.2864424683E-03    0.3155619603E-03    0.3436671107E-03    0.3705765574E-03    0.3961739868E-03    0.4203969542E-03
        0.0080447363    0.3722574946E-04    0.5934184756E-04    0.8611981246E-04    0.1171003563E-03    0.1516962873E-03    0.1892167556E-03    0.2289078634E-03    0.2699990126E-03    0.3117511293E-03    0.3534945796E-03    0.3946567517E-03    0.4347738586E-03    0.4734923634E-03    0.5105624305E-03    0.5458238881E-03    0.5791908114E-03
        0.0088080930    0.5109139415E-04    0.8144525823E-04    0.1181974983E-03    0.1607177501E-03    0.2082000556E-03    0.2596960863E-03    0.3141708621E-03    0.3705663887E-03    0.4278679261E-03    0.4851560942E-03    0.5416447713E-03    0.5966973089E-03    0.6498284809E-03    0.7006954790E-03    0.7490786251E-03    0.7948601877E-03
        0.0096438838    0.6982384809E-04    0.1113069618E-03    0.1615345128E-03    0.2196449989E-03    0.2845368574E-03    0.3549137809E-03    0.4293608388E-03    0.5064314918E-03    0.5847382962E-03    0.6630242267E-03    0.7402145458E-03    0.8154389897E-03    0.8880344224E-03    0.9575324987E-03    0.1023633269E-02    0.1086176186E-02
        0.0105589819    0.9497904694E-04    0.1514073395E-03    0.2197305801E-03    0.2987768489E-03    0.3870475286E-03    0.4827788019E-03    0.5840451539E-03    0.6888778128E-03    0.7953883648E-03    0.9018659654E-03    0.1006848024E-02    0.1109150430E-02    0.1207871142E-02    0.1302373359E-02    0.1392249550E-02    0.1477281942E-02
        0.0115609128    0.1285328247E-03    0.2048961784E-03    0.2973569582E-03    0.4043291324E-03    0.5237842947E-03    0.6533346498E-03    0.7903730127E-03    0.9322332242E-03    0.1076357828E-02    0.1220429953E-02    0.1362469184E-02    0.1500872550E-02    0.1634419356E-02    0.1762248313E-02    0.1883808754E-02    0.1998807037E-02
        0.0126579159    0.1729387555E-03    0.2756848758E-03    0.4000902375E-03    0.5440206531E-03    0.7047462739E-03    0.8790528574E-03    0.1063430028E-02    0.1254287337E-02    0.1448180528E-02    0.1641989532E-02    0.1833047838E-02    0.2019197771E-02    0.2198796954E-02    0.2370687380E-02    0.2534129584E-02    0.2688730315E-02
        0.0138590124    0.2312563933E-03    0.3686508920E-03    0.5350090779E-03    0.7274766678E-03    0.9424020756E-03    0.1175484570E-02    0.1422025852E-02    0.1677219357E-02    0.1936453915E-02    0.2195552693E-02    0.2450946824E-02    0.2699749552E-02    0.2939764797E-02    0.3169445534E-02    0.3387805445E-02    0.3594321826E-02
        0.0151740797    0.3069407289E-03    0.4893022364E-03    0.7101074737E-03    0.9655672820E-03    0.1250832953E-02    0.1560191843E-02    0.1887401026E-02    0.2226071911E-02    0.2570075101E-02    0.2913859079E-02    0.3252681720E-02    0.3582709087E-02    0.3901026663E-02    0.4205583668E-02    0.4495075248E-02    0.4768812976E-02
        0.0166139325    0.4048417273E-03    0.6453702731E-03    0.9366052613E-03    0.1273547352E-02    0.1649797523E-02    0.2057813454E-02    0.2489349198E-02    0.2935963581E-02    0.3389557171E-02    0.3842795174E-02    0.4289414499E-02    0.4724354705E-02    0.5143772543E-02    0.5544967752E-02    0.5926226726E-02    0.6286650652E-02
        0.0181904113    0.5301002298E-03    0.8450499107E-03    0.1226394577E-02    0.1667584829E-02    0.2160234943E-02    0.2694456027E-02    0.3259431174E-02    0.3844082979E-02    0.4437781568E-02    0.5030902497E-02    0.5615231625E-02    0.6184137539E-02    0.6732590100E-02    0.7257061944E-02    0.7755322186E-02    0.8226209596E-02
        0.0199164806    0.6861580263E-03    0.1093829046E-02    0.1587441431E-02    0.2158512587E-02    0.2796177233E-02    0.3487614490E-02    0.4218791440E-02    0.4975330112E-02    0.5743431911E-02    0.6510606549E-02    0.7266200642E-02    0.8001622434E-02    0.8710364962E-02    0.9387876320E-02    0.1003129002E-01    0.1063912845E-01
        0.0218063349    0.8791473281E-03    0.1401482468E-02    0.2033929456E-02    0.2765611154E-02    0.3582588516E-02    0.4468401273E-02    0.5405019236E-02    0.6373957892E-02    0.7357475637E-02    0.8339518554E-02    0.9306404864E-02    0.1024711514E-01    0.1115332044E-01    0.1201921232E-01    0.1284115302E-01    0.1361729084E-01
        0.0238755154    0.1111531723E-02    0.1771941260E-02    0.2571569430E-02    0.3496652160E-02    0.4529540210E-02    0.5649372265E-02    0.6833275255E-02    0.8057782201E-02    0.9300366151E-02    0.1054065182E-01    0.1176129219E-01    0.1294833897E-01    0.1409127539E-01    0.1518279533E-01    0.1621835413E-01    0.1719567482E-01
        0.0261410384    0.1391532620E-02    0.2218310136E-02    0.3219376086E-02    0.4377481131E-02    0.5670491335E-02    0.7072214518E-02    0.8553899155E-02    0.1008602081E-01    0.1164023403E-01    0.1319091562E-01    0.1471627918E-01    0.1619884342E-01    0.1762546853E-01    0.1898706966E-01    0.2027804370E-01    0.2149563957E-01
        0.0286215345    0.1724742480E-02    0.2749509338E-02    0.3990302694E-02    0.5425718966E-02    0.7028270309E-02    0.8765383592E-02    0.1060125204E-01    0.1249906670E-01    0.1442348411E-01    0.1634257926E-01    0.1822925217E-01    0.2006181441E-01    0.2182402558E-01    0.2350472241E-01    0.2509709130E-01    0.2659787055E-01
        0.0313374022    0.2111942578E-02    0.3366810347E-02    0.4886239983E-02    0.6644005432E-02    0.8606388721E-02    0.1073336302E-01    0.1298084869E-01    0.1530347014E-01    0.1765765039E-01    0.2000406216E-01    0.2230938696E-01    0.2454704095E-01    0.2669720568E-01    0.2874634983E-01    0.3068631381E-01    0.3251330784E-01
        0.0343109759    0.2558062920E-02    0.4078115731E-02    0.5918734386E-02    0.8048162517E-02    0.1042551407E-01    0.1300214274E-01    0.1572435384E-01    0.1853677666E-01    0.2138621972E-01    0.2422472606E-01    0.2701175604E-01    0.2971507524E-01    0.3231076985E-01    0.3478263241E-01    0.3712101864E-01    0.3932159986E-01
        0.0375667089    0.3078143314E-02    0.4907453173E-02    0.7122751255E-02    0.9685885181E-02    0.1254764813E-01    0.1564932920E-01    0.1892594123E-01    0.2231032200E-01    0.2573792682E-01    0.2915062580E-01    0.3249940063E-01    0.3574542064E-01    0.3886002731E-01    0.4182394607E-01    0.4462586492E-01    0.4726088968E-01
        0.0411313750    0.3695703474E-02    0.5892382009E-02    0.8552920891E-02    0.1163165513E-01    0.1506956904E-01    0.1879601228E-01    0.2273251736E-01    0.2679777767E-01    0.3091361591E-01    0.3500970608E-01    0.3902690068E-01    0.4291852547E-01    0.4665031032E-01    0.5019937706E-01    0.5355247655E-01    0.5670408181E-01
        0.0450342886    0.4445184336E-02    0.7087872124E-02    0.1028914688E-01    0.1399433740E-01    0.1813263625E-01    0.2261895230E-01    0.2735841041E-01    0.3225240126E-01    0.3720605126E-01    0.4213411328E-01    0.4696507767E-01    0.5164272385E-01    0.5612596745E-01    0.6038756169E-01    0.6441191350E-01    0.6819273176E-01
        0.0493075457    0.5387383572E-02    0.8590792567E-02    0.1247193608E-01    0.1696488680E-01    0.2198410374E-01    0.2742638296E-01    0.3317617219E-01    0.3911296951E-01    0.4512076200E-01    0.5109543018E-01    0.5694985928E-01    0.6261580353E-01    0.6804361174E-01    0.7320055857E-01    0.7806812871E-01    0.8263910115E-01
        0.0539862877    0.6600533272E-02    0.1052558891E-01    0.1528144389E-01    0.2078760432E-01    0.2693954936E-01    0.3361072184E-01    0.4065883109E-01    0.4793497646E-01    0.5529571697E-01    0.6261247957E-01    0.6977798646E-01    0.7670852262E-01    0.8334349349E-01    0.8964326501E-01    0.9558574805E-01    0.1011627337E+00
        0.0591089906    0.8142715327E-02    0.1298446116E-01    0.1885085715E-01    0.2564275276E-01    0.3323150072E-01    0.4146083313E-01    0.5015427468E-01    0.5912640713E-01    0.6819844419E-01    0.7721032630E-01    0.8602893055E-01    0.9455089602E-01    0.1027019540E+00    0.1104340915E+00    0.1177211781E+00    0.1245542755E+00
        0.0647177816    0.1002860347E-01    0.1599048003E-01    0.2321328156E-01    0.3157513359E-01    0.4091825691E-01    0.5105029007E-01    0.6175267862E-01    0.7279444094E-01    0.8395240541E-01    0.9502699680E-01    0.1058529399E+00    0.1163028686E+00    0.1262862944E+00    0.1357457643E+00    0.1446511325E+00    0.1529934596E+00
        0.0708587849    0.1216948025E-01    0.1940295778E-01    0.2816633246E-01    0.3831328241E-01    0.4965478857E-01    0.6195872111E-01    0.7495840334E-01    0.8836909230E-01    0.1019145166E+00    0.1153478994E+00    0.1284661506E+00    0.1411144380E+00    0.1531844361E+00    0.1646089338E+00    0.1753542399E+00    0.1854122746E+00
        0.0775825017    0.1439577949E-01    0.2295435665E-01    0.3332760383E-01    0.4534810395E-01    0.5879923058E-01    0.7341034373E-01    0.8886375704E-01    0.1048143876E+00    0.1209253092E+00    0.1368962963E+00    0.1524825137E+00    0.1674997999E+00    0.1818214227E+00    0.1953704283E+00    0.2081097467E+00    0.2200322614E+00
        0.0849442250    0.1641225849E-01    0.2618156351E-01    0.3803999488E-01    0.5181220927E-01    0.6726769892E-01    0.8410650226E-01    0.1019620255E+00    0.1204256050E+00    0.1390953557E+00    0.1576147521E+00    0.1756960367E+00    0.1931252242E+00    0.2097564295E+00    0.2255015743E+00    0.2403182607E+00    0.2541980538E+00
        0.0930044946    0.1822354827E-01    0.2909895039E-01    0.4233864885E-01    0.5777785139E-01    0.7518863528E-01    0.9424906093E-01    0.1145411301E+00    0.1355856593E+00    0.1569103108E+00    0.1780995138E+00    0.1988210965E+00    0.2188293198E+00    0.2379561150E+00    0.2560983572E+00    0.2732040482E+00    0.2892592849E+00
        0.1018295948    0.2029689225E-01    0.3245030945E-01    0.4730296728E-01    0.6471290433E-01    0.8445880367E-01    0.1061861885E+00    0.1294061592E+00    0.1535508573E+00    0.1780660615E+00    0.2024705923E+00    0.2263828913E+00    0.2495203272E+00    0.2716872047E+00    0.2927601465E+00    0.3126731027E+00    0.3314032420E+00
        0.1114920997    0.2355166312E-01    0.3768241438E-01    0.5500123357E-01    0.7537845950E-01    0.9857194620E-01    0.1241506119E+00    0.1515099369E+00    0.1799604777E+00    0.2088462935E+00    0.2376082794E+00    0.2658067581E+00    0.2931156455E+00    0.3193070967E+00    0.3442350532E+00    0.3678189177E+00    0.3900279744E+00
        0.1220714697    0.2836208602E-01    0.4537496637E-01    0.6624788479E-01    0.9083639698E-01    0.1188280695E+00    0.1496558487E+00    0.1825526096E+00    0.2166781098E+00    0.2512574291E+00    0.2856416006E+00    0.3193241287E+00    0.3519298388E+00    0.3831961397E+00    0.4129543910E+00    0.4411116422E+00    0.4676328632E+00
        0.1336547051    0.3363990735E-01    0.5382752891E-01    0.7863780863E-01    0.1079068546E+00    0.1412275511E+00    0.1778758505E+00    0.2169168504E+00    0.2573598956E+00    0.2983077868E+00    0.3390131100E+00    0.3788915726E+00    0.4175081597E+00    0.4545563449E+00    0.4898376876E+00    0.5232415810E+00    0.5547249708E+00
        0.1463370617    0.3744834360E-01    0.6006111982E-01    0.8803247025E-01    0.1212322185E+00    0.1592014373E+00    0.2011111400E+00    0.2459076121E+00    0.2924759745E+00    0.3397976397E+00    0.3870099638E+00    0.4334249758E+00    0.4785188415E+00    0.5219126052E+00    0.5633519977E+00    0.6026861687E+00    0.6398451371E+00
        0.1602228341    0.4018243148E-01    0.6474578156E-01    0.9545768030E-01    0.1322670244E+00    0.1747115010E+00    0.2219109724E+00    0.2727248503E+00    0.3259133869E+00    0.3803123595E+00    0.4349076794E+00    0.4888679734E+00    0.5415422713E+00    0.5924448964E+00    0.6412367080E+00    0.6877031336E+00    0.7317289953E+00
        0.1754262130    0.4521040548E-01    0.7308052619E-01    0.1081483517E+00    0.1503698830E+00    0.1992325861E+00    0.2537671004E+00    0.3126974065E+00    0.3746055428E+00    0.4381371124E+00    0.5020954293E+00    0.5654872486E+00    0.6275255643E+00    0.6876155251E+00    0.7453347383E+00    0.8004090006E+00    0.8526832528E+00
        0.1920722248    0.5313715537E-01    0.8593840540E-01    0.1272082669E+00    0.1768193426E+00    0.2341591240E+00    0.2981205256E+00    0.3672386178E+00    0.4398722149E+00    0.5144505084E+00    0.5895847185E+00    0.6641213744E+00    0.7371444969E+00    0.8079586198E+00    0.8760661203E+00    0.9411399671E+00    0.1002990539E+01
        0.2102977595    0.5893208039E-01    0.9570702430E-01    0.1422659910E+00    0.1985419478E+00    0.2639615507E+00    0.3373605614E+00    0.4171093368E+00    0.5013263154E+00    0.5881797580E+00    0.6760282417E+00    0.7634911916E+00    0.8494577041E+00    0.9330714945E+00    0.1013707927E+01    0.1090944813E+01    0.1164524675E+01
        0.2302526962    0.6319814277E-01    0.1034079947E+00    0.1548979100E+00    0.2178196784E+00    0.2917528129E+00    0.3755177877E+00    0.4673058472E+00    0.5649408946E+00    0.6662536202E+00    0.7692650791E+00    0.8722853118E+00    0.9739352140E+00    0.1073136387E+01    0.1169088486E+01    0.1261237359E+01    0.1349230912E+01
        0.2521011363    0.7154105598E-01    0.1173481802E+00    0.1761567905E+00    0.2482635907E+00    0.3333269480E+00    0.4300846663E+00    0.5365062697E+00    0.6501042717E+00    0.7683767777E+00    0.8890221987E+00    0.1010056328E+01    0.1129841424E+01    0.1247079280E+01    0.1360789880E+01    0.1470279234E+01    0.1575090539E+01
        0.2760227522    0.7885268632E-01    0.1299823170E+00    0.1960931419E+00    0.2777887094E+00    0.3749070378E+00    0.4861485193E+00    0.6092556556E+00    0.7413807220E+00    0.8796126243E+00    0.1021237048E+01    0.1163883880E+01    0.1305571223E+01    0.1444706130E+01    0.1580066463E+01    0.1710768864E+01    0.1836213692E+01
        0.3022142655    0.8489876787E-01    0.1411095673E+00    0.2146920081E+00    0.3067341008E+00    0.4173549201E+00    0.5452455676E+00    0.6878821567E+00    0.8419670600E+00    0.1004066473E+01    0.1170935706E+01    0.1339709560E+01    0.1507966938E+01    0.1673740970E+01    0.1835503608E+01    0.1992132741E+01    0.2142848244E+01
        0.3308910644    0.9362881909E-01    0.1563583033E+00    0.2391087485E+00    0.3434786959E+00    0.4699166517E+00    0.6171580161E+00    0.7824529458E+00    0.9620678221E+00    0.1152033303E+01    0.1348535459E+01    0.1548155206E+01    0.1747961463E+01    0.1945538958E+01    0.2138982171E+01    0.2326866779E+01    0.2508177934E+01
        0.3622889751    0.1002409837E+00    0.1691253879E+00    0.2613636947E+00    0.3793084864E+00    0.5238759666E+00    0.6938648088E+00    0.8862152833E+00    0.1096608118E+01    0.1320366331E+01    0.1552939253E+01    0.1790204616E+01    0.2028593890E+01    0.2265137432E+01    0.2497465763E+01    0.2723784181E+01    0.2942789419E+01
        0.3966662010    0.1086780432E+00    0.1849024204E+00    0.2882610920E+00    0.4220075567E+00    0.5876797453E+00    0.7842511096E+00    0.1008397194E+01    0.1255187949E+01    0.1519160576E+01    0.1794913059E+01    0.2077486654E+01    0.2362537749E+01    0.2646411536E+01    0.2926157385E+01    0.3199511812E+01    0.3464801941E+01
        0.4343054463    0.1164673805E+00    0.2005362019E+00    0.3163842392E+00    0.4684236175E+00    0.6589778217E+00    0.8872405443E+00    0.1149564300E+01    0.1440276728E+01    0.1752962402E+01    0.2081188323E+01    0.2418981492E+01    0.2761055655E+01    0.3102919647E+01    0.3440909942E+01    0.3772185860E+01    0.4094615957E+01
        0.4755162407    0.1256185547E+00    0.2187423313E+00    0.3490454953E+00    0.5224050654E+00    0.7422049236E+00    0.1008026633E+01    0.1315934097E+01    0.1659424572E+01    0.2030961016E+01    0.2422866173E+01    0.2827926328E+01    0.3239693516E+01    0.3652642107E+01    0.4062224313E+01    0.4464883286E+01    0.4857916043E+01
        0.5206374847    0.1355174276E+00    0.2388721248E+00    0.3858475005E+00    0.5841953993E+00    0.8386877618E+00    0.1149459743E+01    0.1512277736E+01    0.1919656204E+01    0.2362700669E+01    0.2832216365E+01    0.3319472201E+01    0.3816598412E+01    0.4316804033E+01    0.4814459344E+01    0.5305133266E+01    0.5785422842E+01
        0.5700402368    0.1462785768E+00    0.2612335476E+00    0.4275250138E+00    0.6553050615E+00    0.9511423694E+00    0.1315919586E+01    0.1745077169E+01    0.2229943963E+01    0.2759969628E+01    0.3324105404E+01    0.3911768662E+01    0.4513358370E+01    0.5120547411E+01    0.5726394625E+01    0.6325414672E+01    0.6913358759E+01
        0.6241307649    0.1577443216E+00    0.2858988451E+00    0.4747240090E+00    0.7373999206E+00    0.1082759969E+01    0.1512639061E+01    0.2022093070E+01    0.2601004166E+01    0.3236797354E+01    0.3916162345E+01    0.4626266899E+01    0.5355415921E+01    0.6093434360E+01    0.6831809171E+01    0.7563802165E+01    0.8284158595E+01
        0.6833538873    0.1699599704E+00    0.3132443678E+00    0.5285080462E+00    0.8327116472E+00    0.1237513267E+01    0.1745936604E+01    0.2352562274E+01    0.3045487058E+01    0.3809647528E+01    0.4628973067E+01    0.5487907866E+01    0.6372242398E+01    0.7269602721E+01    0.8169617222E+01    0.9064085556E+01    0.9946579347E+01
        0.7481966305    0.1833339809E+00    0.3440243373E+00    0.5903562639E+00    0.9440350066E+00    0.1420234863E+01    0.2023421099E+01    0.2747531267E+01    0.3578413170E+01    0.4497921770E+01    0.5486617464E+01    0.6525665697E+01    0.7597868183E+01    0.8688271476E+01    0.9784343789E+01    0.1087621680E+02    0.1195612459E+02
        0.8191922345    0.1979117032E+00    0.3787348517E+00    0.6617543585E+00    0.1074571868E+01    0.1636665830E+01    0.2354172621E+01    0.3220101787E+01    0.4217429065E+01    0.5324182012E+01    0.6516824049E+01    0.7772608583E+01    0.9070832207E+01    0.1039356954E+02    0.1172583060E+02    0.1305589805E+02    0.1437452456E+02
        0.8969245379    0.2139230777E+00    0.4181462073E+00    0.7446464213E+00    0.1228306797E+01    0.1893788484E+01    0.2749054384E+01    0.3785716706E+01    0.4983039354E+01    0.6314290482E+01    0.7750980387E+01    0.9265749484E+01    0.1083385277E+02    0.1243401690E+02    0.1404852627E+02    0.1566368782E+02    0.1726866989E+02
        0.9820327791    0.2316355077E+00    0.4631882968E+00    0.8413980993E+00    0.1410060609E+01    0.2199948073E+01    0.3220853433E+01    0.4462254885E+01    0.5898587084E+01    0.7497213658E+01    0.9223711853E+01    0.1104536674E+02    0.1293287201E+02    0.1486128803E+02    0.1680997280E+02    0.1876322247E+02    0.2070858362E+02
        1.0752168532    0.2513532714E+00    0.5149859569E+00    0.9548777490E+00    0.1625614807E+01    0.2564992892E+01    0.3784378859E+01    0.5270010230E+01    0.6990034398E+01    0.8904537911E+01    0.1097208564E+02    0.1315387071E+02    0.1541557708E+02    0.1772839286E+02    0.2006865912E+02    0.2241876096E+02    0.2476467532E+02
        1.1772430677    0.2734706483E+00    0.5749168812E+00    0.1088543811E+01    0.1881829129E+01    0.3000377451E+01    0.4456467052E+01    0.6231500783E+01    0.8285487494E+01    0.1056964780E+02    0.1303440923E+02    0.1563421513E+02    0.1832943545E+02    0.2108735873E+02    0.2388137525E+02    0.2669223779E+02    0.2950451390E+02
        1.2889504441    0.2984500168E+00    0.6446441494E+00    0.1246535204E+01    0.2186759117E+01    0.3519228999E+01    0.5255886465E+01    0.7371101672E+01    0.9814476240E+01    0.1252661113E+02    0.1544871747E+02    0.1852801092E+02    0.2171947577E+02    0.2498672431E+02    0.2830046083E+02    0.3164030109E+02    0.3498967682E+02
        1.4112576178    0.3268557398E+00    0.7261674291E+00    0.1433751274E+01    0.2549720568E+01    0.4136290436E+01    0.6203029479E+01    0.8714380201E+01    0.1160687875E+02    0.1480869492E+02    0.1825092511E+02    0.2187338588E+02    0.2562593319E+02    0.2946904476E+02    0.3337122880E+02    0.3731169685E+02    0.4127311501E+02
        1.5451703927    0.3593635512E+00    0.8218734876E+00    0.1655932385E+01    0.2981320747E+01    0.4867767219E+01    0.7319442607E+01    0.1028723359E+02    0.1369166770E+02    0.1744678722E+02    0.2147303176E+02    0.2570309569E+02    0.3008238321E+02    0.3456914648E+02    0.3913041027E+02    0.4374594512E+02    0.4839807258E+02
        1.6917900122    0.3967973810E+00    0.9346211597E+00    0.1919771427E+01    0.3493490893E+01    0.5731133204E+01    0.8627297907E+01    0.1211501197E+02    0.1609576640E+02    0.2046813229E+02    0.2514190861E+02    0.3004353078E+02    0.3511511114E+02    0.4031396515E+02    0.4560652569E+02    0.5097427000E+02    0.5639957080E+02
        1.8523222157    0.4401322783E+00    0.1067763092E+01    0.2232894413E+01    0.4099278757E+01    0.6744581530E+01    0.1014844318E+02    0.1422124151E+02    0.1884262184E+02    0.2389497924E+02    0.2927824884E+02    0.3491416377E+02    0.4074320281E+02    0.4672337147E+02    0.5282148657E+02    0.5902197396E+02    0.6530752745E+02
        2.0280871538    0.4905371864E+00    0.1225229944E+01    0.2603907868E+01    0.4812702513E+01    0.7926573501E+01    0.1190368324E+02    0.1662682491E+02    0.2195159143E+02    0.2774442894E+02    0.3389710799E+02    0.4032895339E+02    0.4698090966E+02    0.5381352629E+02    0.6079491981E+02    0.6791366895E+02    0.7515282994E+02
        2.2205302450    0.5493975529E+00    0.1411564761E+01    0.3042326718E+01    0.5648406944E+01    0.9295175532E+01    0.1391194792E+02    0.1934932906E+02    0.2543766697E+02    0.3202886101E+02    0.3900921681E+02    0.4629863448E+02    0.5384091994E+02    0.6160106371E+02    0.6954915849E+02    0.7767894628E+02    0.8597358875E+02
        2.4312340620    0.6166200281E+00    0.1628564729E+01    0.3552758342E+01    0.6612704603E+01    0.1085562121E+02    0.1617442650E+02    0.2238398303E+02    0.2928969966E+02    0.3673171704E+02    0.4459457869E+02    0.5280229350E+02    0.6130398477E+02    0.7007076666E+02    0.7907495275E+02    0.8831610214E+02    0.9777692237E+02
        2.6619313461    0.6974338968E+00    0.1888531083E+01    0.4156987182E+01    0.7736587604E+01    0.1264600894E+02    0.1873419787E+02    0.2577781634E+02    0.3355895862E+02    0.4190991388E+02    0.5071788280E+02    0.5991476692E+02    0.6945721761E+02    0.7932369075E+02    0.8948844421E+02    0.9995712304E+02    0.1107112886E+03
        2.9145192568    0.7925336083E+00    0.2194960546E+01    0.4861345795E+01    0.9026620422E+01    0.1466968603E+02    0.2158913306E+02    0.2952287613E+02    0.3823300586E+02    0.4754906700E+02    0.5736593297E+02    0.6762714218E+02    0.7829848670E+02    0.8936623579E+02    0.1008057621E+03    0.1126286930E+03    0.1248148424E+03
        3.1910749729    0.9044068459E+00    0.2554733414E+01    0.5676985224E+01    0.1049546573E+02    0.1693790115E+02    0.2474781180E+02    0.3362566970E+02    0.4331824952E+02    0.5365836026E+02    0.6455382067E+02    0.7596308665E+02    0.8786175550E+02    0.1002435107E+03    0.1130836801E+03    0.1263996767E+03    0.1401694074E+03
        3.4938727747    0.1036026830E+01    0.2975456176E+01    0.6615303862E+01    0.1215521766E+02    0.1946105473E+02    0.2821855152E+02    0.3809366955E+02    0.4882365953E+02    0.6025130544E+02    0.7230255519E+02    0.8495312433E+02    0.9818788369E+02    0.1120068005E+03    0.1263841415E+03    0.1413432806E+03    0.1568607671E+03
        3.8254027466    0.1190635955E+01    0.3464880539E+01    0.7686929767E+01    0.1401619963E+02    0.2224747119E+02    0.3200794922E+02    0.4293327407E+02    0.5475791426E+02    0.6734190831E+02    0.8063397675E+02    0.9462799730E+02    0.1093164157E+03    0.1247041815E+03    0.1407642834E+03    0.1575270925E+03    0.1749690341E+03
        4.1883912545    0.1371925208E+01    0.4031122152E+01    0.8902153791E+01    0.1608797185E+02    0.2530500298E+02    0.3612274317E+02    0.4815163739E+02    0.6113111455E+02    0.7494612735E+02    0.8957162442E+02    0.1050187491E+03    0.1212852109E+03    0.1383804551E+03    0.1562773128E+03    0.1750152057E+03    0.1945719206E+03
        4.5858233661    0.1583874461E+01    0.4682215628E+01    0.1027033786E+02    0.1837876369E+02    0.2864023774E+02    0.4056841942E+02    0.5375459918E+02    0.6795213382E+02    0.8307847906E+02    0.9913627741E+02    0.1161513855E+03    0.1341250687E+03    0.1530726267E+03    0.1729691164E+03    0.1938655880E+03    0.2157422922E+03
        5.0209673996    0.1830946180E+01    0.5426433688E+01    0.1180066559E+02    0.2089674789E+02    0.3225997658E+02    0.4535069813E+02    0.5974834217E+02    0.7523053083E+02    0.9175383123E+02    0.1093474148E+03    0.1280487131E+03    0.1478630092E+03    0.1688149298E+03    0.1908844408E+03    0.2141363409E+03    0.2385537587E+03
        5.4974018001    0.2117765300E+01    0.6271606257E+01    0.1350122306E+02    0.2364868743E+02    0.3616908624E+02    0.5047262179E+02    0.6613603238E+02    0.8297267722E+02    0.1009825478E+03    0.1202176897E+03    0.1407254439E+03    0.1625186671E+03    0.1856357076E+03    0.2100630380E+03    0.2358800749E+03    0.2630728247E+03
        6.0190445678    0.2449273214E+01    0.7225468355E+01    0.1537974937E+02    0.2664088634E+02    0.4037150013E+02    0.5593587618E+02    0.7291972674E+02    0.9118384673E+02    0.1107723742E+03    0.1317556324E+03    0.1541929008E+03    0.1781103313E+03    0.2035630402E+03    0.2305437362E+03    0.2591458721E+03    0.2893585178E+03
        6.5901854779    0.2830676315E+01    0.8295628600E+01    0.1744365409E+02    0.2987898624E+02    0.4486980901E+02    0.6174054194E+02    0.8010035294E+02    0.9986776608E+02    0.1211277623E+03    0.1439663629E+03    0.1684611549E+03    0.1946565449E+03    0.2226242722E+03    0.2523613537E+03    0.2839736312E+03    0.3174549884E+03
        7.2155213579    0.3267290543E+01    0.9489343840E+01    0.1969962206E+02    0.3336719009E+02    0.4966427488E+02    0.6788425661E+02    0.8767678427E+02    0.1090249325E+03    0.1320485574E+03    0.1568518992E+03    0.1835391639E+03    0.2121739768E+03    0.2428409299E+03    0.2755389598E+03    0.3103861360E+03    0.3473870861E+03
        7.9001947124    0.3764666097E+01    0.1081385838E+02    0.2215406908E+02    0.3710878154E+02    0.5475370189E+02    0.7436370582E+02    0.9564737664E+02    0.1186539310E+03    0.1435329454E+03    0.1704152825E+03    0.1994372166E+03    0.2306770184E+03    0.2642260523E+03    0.3000864739E+03    0.3383951104E+03    0.3791762421E+03
        8.6498360130    0.4328346921E+01    0.1227596841E+02    0.2481230485E+02    0.4110489559E+02    0.6013411905E+02    0.8117332735E+02    0.1040078902E+03    0.1287492350E+03    0.1555767347E+03    0.1846587750E+03    0.2161618427E+03    0.2501696720E+03    0.2867781995E+03    0.3260036521E+03    0.3680130364E+03    0.4128531111E+03
        9.4706100008    0.4964011821E+01    0.1388232256E+02    0.2767890250E+02    0.4535510551E+02    0.6579992356E+02    0.8830689567E+02    0.1127527103E+03    0.1393037610E+03    0.1681770525E+03    0.1995852189E+03    0.2337142048E+03    0.2706457103E+03    0.3104924224E+03    0.3532990045E+03    0.3992645845E+03    0.4484526758E+03
       10.3692663829    0.5677220296E+01    0.1563888823E+02    0.3075676782E+02    0.4985625746E+02    0.7174278654E+02    0.9575608492E+02    0.1218727195E+03    0.1503082021E+03    0.1813304812E+03    0.2151925428E+03    0.2520840696E+03    0.2920930384E+03    0.3353703606E+03    0.3819876386E+03    0.4321645938E+03    0.4859807325E+03
       11.3531953391    0.6474055963E+01    0.1755217779E+02    0.3404904921E+02    0.5460534645E+02    0.7795578766E+02    0.1035151306E+03    0.1313610387E+03    0.1617589359E+03    0.1950390112E+03    0.2314778043E+03    0.2712626889E+03    0.3145155588E+03    0.3614270603E+03    0.4120786136E+03    0.4667064377E+03    0.5254235857E+03
       12.4304882957    0.7359788665E+01    0.1962653847E+02    0.3755489193E+02    0.5959388484E+02    0.8442653164E+02    0.1115717752E+03    0.1412035044E+03    0.1736467826E+03    0.2092937930E+03    0.2484220774E+03    0.2912381074E+03    0.3379132792E+03    0.3886506399E+03    0.4435412289E+03    0.5028603459E+03    0.5667696586E+03
       13.6100044661    0.8340140887E+01    0.2186661156E+02    0.4127339936E+02    0.6481375267E+02    0.9114493162E+02    0.1199161730E+03    0.1513908331E+03    0.1859686301E+03    0.2240857583E+03    0.2660138631E+03    0.3120136350E+03    0.3622799000E+03    0.4170152260E+03    0.4763554478E+03    0.5406273434E+03    0.6100232241E+03
       14.9014437053    0.9421011035E+01    0.2427672799E+02    0.4520277103E+02    0.7025633672E+02    0.9810207376E+02    0.1285392543E+03    0.1619178272E+03    0.1987228671E+03    0.2394040959E+03    0.2842546469E+03    0.3335893130E+03    0.3875921056E+03    0.4465090223E+03    0.5105263262E+03    0.5799980445E+03    0.6551529171E+03
       16.3154262774    0.1060709984E+02    0.2685826293E+02    0.4933640172E+02    0.7590760930E+02    0.1052836711E+03    0.1374252901E+03    0.1727742730E+03    0.2118954279E+03    0.2552326661E+03    0.3031385205E+03    0.3559355906E+03    0.4138250879E+03    0.4771189214E+03    0.5460199712E+03    0.6209188546E+03    0.7021184396E+03
       17.8635801925    0.1190407404E+02    0.2961383000E+02    0.5366953883E+02    0.8175763940E+02    0.1126815825E+03    0.1465671683E+03    0.1839602240E+03    0.2254786712E+03    0.2715759558E+03    0.3226599722E+03    0.3790374021E+03    0.4409844330E+03    0.5088217089E+03    0.5828019310E+03    0.6633812935E+03    0.7509011691E+03
       19.5586368304    0.1331618354E+02    0.3254277552E+02    0.5819261853E+02    0.8779190031E+02    0.1202821307E+03    0.1559536353E+03    0.1954671832E+03    0.2394589488E+03    0.2884296386E+03    0.3427906493E+03    0.4028884359E+03    0.4690334248E+03    0.5415837696E+03    0.6208525915E+03    0.7073366531E+03    0.8014457803E+03
       21.4145356385    0.1484847862E+02    0.3564546409E+02    0.6289803264E+02    0.9400071183E+02    0.1280776726E+03    0.1655834170E+03    0.2072927694E+03    0.2538404546E+03    0.3057889677E+03    0.3635280602E+03    0.4274785013E+03    0.4979556538E+03    0.5753914236E+03    0.6601398464E+03    0.7527522568E+03    0.8537188355E+03
       23.4465387640    0.1650592788E+02    0.3892166624E+02    0.6777789634E+02    0.1003762610E+03    0.1360626477E+03    0.1754600360E+03    0.2194346475E+03    0.2686359287E+03    0.3236432502E+03    0.3848844209E+03    0.4527876179E+03    0.5277515519E+03    0.6102252000E+03    0.7006350962E+03    0.7996131006E+03    0.9076814224E+03
       25.6713565631    0.1829180101E+02    0.4236770912E+02    0.7282012563E+02    0.1069070947E+03    0.1442276272E+03    0.1855813778E+03    0.2318877065E+03    0.2838388585E+03    0.3419926308E+03    0.4068297318E+03    0.4788184564E+03    0.5583752339E+03    0.6460594351E+03    0.7423159856E+03    0.8478389116E+03    0.9633047661E+03
       28.1072850208    0.2020887194E+02    0.4597890186E+02    0.7801243842E+02    0.1135831532E+03    0.1525671055E+03    0.1959434038E+03    0.2446587169E+03    0.2994333770E+03    0.3608375785E+03    0.4293575904E+03    0.5055281821E+03    0.5898425105E+03    0.6828328628E+03    0.7851475473E+03    0.8974365824E+03    0.1020461217E+04
       30.7743562090    0.2225918015E+02    0.4974925583E+02    0.8334233597E+02    0.1203954314E+03    0.1610779920E+03    0.2065429282E+03    0.2577489375E+03    0.3154274931E+03    0.3801470882E+03    0.4524725625E+03    0.5329104996E+03    0.6220779072E+03    0.7205953731E+03    0.8290160606E+03    0.9483586067E+03    0.1079205280E+04
       33.6945030221    0.2444396830E+02    0.5367154363E+02    0.8879753775E+02    0.1273352033E+03    0.1697611721E+03    0.2173768367E+03    0.2711587063E+03    0.3318129240E+03    0.3999480803E+03    0.4761043347E+03    0.5609915343E+03    0.6550616998E+03    0.7592282518E+03    0.8740608010E+03    0.1000402228E+04    0.1139483610E+04
       36.8917395444    0.2676363370E+02    0.5773737747E+02    0.9436614831E+02    0.1343950657E+03    0.1786191056E+03    0.2284485945E+03    0.2848853643E+03    0.3485810334E+03    0.4202087077E+03    0.5003252339E+03    0.5896258295E+03    0.6889074204E+03    0.7986587320E+03    0.9200904265E+03    0.1053858630E+04    0.1200940902E+04
       40.3923585315    0.2921769167E+02    0.6193737468E+02    0.1000374917E+03    0.1415699823E+03    0.1876490939E+03    0.2397789576E+03    0.2989098528E+03    0.3657708249E+03    0.4408779706E+03    0.5250997626E+03    0.6189317533E+03    0.7233163220E+03    0.8391743899E+03    0.9669434348E+03    0.1108424270E+04    0.1264119439E+04
       44.2251476316    0.3180474306E+02    0.6626136126E+02    0.1058021855E+03    0.1488549489E+03    0.1968580748E+03    0.2513502940E+03    0.3132844846E+03    0.3832866378E+03    0.4621071341E+03    0.5502557353E+03    0.6489527293E+03    0.7584713989E+03    0.8802513034E+03    0.1015174127E+04    0.1163821119E+04    0.1328528041E+04
       48.4216261230    0.3452245575E+02    0.7069835125E+02    0.1116513970E+03    0.1562535440E+03    0.2062412548E+03    0.2631678470E+03    0.3279773453E+03    0.4012033868E+03    0.4836791351E+03    0.5761331023E+03    0.6792615327E+03    0.7945691233E+03    0.9221390914E+03    0.1063939666E+04    0.1220965009E+04    0.1393782231E+04
       53.0163041156    0.3736757700E+02    0.7523704270E+02    0.1175794972E+03    0.1637676067E+03    0.2157937549E+03    0.2752798276E+03    0.3429173922E+03    0.4195914144E+03    0.5056390518E+03    0.6024162793E+03    0.7104814314E+03    0.8308157791E+03    0.9652568273E+03    0.1113603047E+04    0.1278567306E+04    0.1461237032E+04
       58.0469663481    0.4033592445E+02    0.7986597636E+02    0.1235790544E+03    0.1713923262E+03    0.2255719095E+03    0.2875891789E+03    0.3583074665E+03    0.4381352318E+03    0.5282983808E+03    0.6289817869E+03    0.7422199734E+03    0.8681931449E+03    0.1008350729E+04    0.1164815386E+04    0.1337234156E+04    0.1528977458E+04
       63.5549829136    0.4342242891E+02    0.8457320405E+02    0.1296438043E+03    0.1791560173E+03    0.2355258407E+03    0.3002012399E+03    0.3739278664E+03    0.4572621297E+03    0.5509937464E+03    0.6565515153E+03    0.7740704472E+03    0.9062190362E+03    0.1052861808E+04    0.1215785731E+04    0.1397790163E+04    0.1598072314E+04
       69.5856494710    0.4662120025E+02    0.8934873342E+02    0.1357785928E+03    0.1870372093E+03    0.2456598797E+03    0.3131438668E+03    0.3897882709E+03    0.4767537127E+03    0.5743456465E+03    0.6840458633E+03    0.8072943850E+03    0.9441799490E+03    0.1098104708E+04    0.1268588168E+04    0.1457803654E+04    0.1669401373E+04
       76.1885597370    0.4992536311E+02    0.9418142926E+02    0.1419677758E+03    0.1950274566E+03    0.2560924536E+03    0.3261695872E+03    0.4062513817E+03    0.4962764419E+03    0.5982861460E+03    0.7122125902E+03    0.8403185697E+03    0.9839573683E+03    0.1143121262E+04    0.1322121750E+04    0.1520268060E+04    0.1739808461E+04
       83.4180133251    0.5332741903E+02    0.9906044696E+02    0.1482191895E+03    0.2032129270E+03    0.2666173477E+03    0.3396882872E+03    0.4226623322E+03    0.5167315472E+03    0.6220009485E+03    0.7412529521E+03    0.8740449039E+03    0.1023317240E+04    0.1190526297E+04    0.1375306730E+04    0.1583252297E+04    0.1813555094E+04
       91.3334622825    0.5681893503E+02    0.1039836684E+03    0.1545577460E+03    0.2114818937E+03    0.2774310543E+03    0.3533920751E+03    0.4396079956E+03    0.5370531186E+03    0.6469847239E+03    0.7698240390E+03    0.9089644631E+03    0.1063497126E+04    0.1237120690E+04    0.1431572982E+04    0.1645968017E+04    0.1887279710E+04
      100.0000000000    0.6038989751E+02    0.1089350631E+03    0.1609308650E+03    0.2199251077E+03    0.2885517796E+03    0.3671833319E+03    0.4570010698E+03    0.5578031551E+03    0.6717647872E+03    0.8000009660E+03    0.9431285421E+03    0.1105220826E+04    0.1284875222E+04    0.1486429247E+04    0.1712461982E+04    0.1961166823E+04
