               #####        0.2000000000        0.2533333333        0.3066666667        0.3600000000        0.4133333333        0.4666666667        0.5200000000        0.5733333333        0.6266666667        0.6800000000        0.7333333333        0.7866666667        0.8400000000        0.8933333333        0.9466666667        1.0000000000
        0.0010000000    0.1368990661E-07    0.2182303662E-07    0.3167042394E-07    0.4306314454E-07    0.5578530550E-07    0.6958303235E-07    0.8417941727E-07    0.9929152211E-07    0.1146480025E-06    0.1300029715E-06    0.1451460963E-06    0.1599069289E-06    0.1741554435E-06    0.1877996521E-06    0.2007804677E-06    0.2130660631E-06
        0.0010948890    0.1954839610E-07    0.3116203615E-07    0.4522353793E-07    0.6149169241E-07    0.7965822658E-07    0.9936063577E-07    0.1202035261E-06    0.1417828914E-06    0.1637112769E-06    0.1856375755E-06    0.2072614443E-06    0.2283394898E-06    0.2486860358E-06    0.2681697203E-06    0.2867061607E-06    0.3042498994E-06
        0.0011987818    0.2790102765E-07    0.4447693968E-07    0.6454663700E-07    0.8776585460E-07    0.1136946165E-06    0.1418155491E-06    0.1715643388E-06    0.2023643768E-06    0.2336626730E-06    0.2649581070E-06    0.2958220065E-06    0.3259069749E-06    0.3549479893E-06    0.3827575448E-06    0.4092151881E-06    0.4342560223E-06
        0.0013125330    0.3980030097E-07    0.6344553370E-07    0.9207459003E-07    0.1251963950E-06    0.1621833569E-06    0.2022974879E-06    0.2447338440E-06    0.2886699389E-06    0.3333169674E-06    0.3779601045E-06    0.4219878579E-06    0.4649046628E-06    0.5063324509E-06    0.5460037265E-06    0.5837466387E-06    0.6194685871E-06
        0.0014370779    0.5674320267E-07    0.9045415984E-07    0.1312705490E-06    0.1784922664E-06    0.2312245983E-06    0.2884154563E-06    0.3489172977E-06    0.4115575626E-06    0.4752116955E-06    0.5388605938E-06    0.6016324559E-06    0.6628207399E-06    0.7218864049E-06    0.7784480443E-06    0.8322606080E-06    0.8831920320E-06
        0.0015734408    0.8084174910E-07    0.1288695768E-06    0.1870204857E-06    0.2542970758E-06    0.3294247227E-06    0.4109046180E-06    0.4971019689E-06    0.5863463294E-06    0.6770356198E-06    0.7677179657E-06    0.8571513187E-06    0.9443290454E-06    0.1028483128E-05    0.1109070116E-05    0.1185740816E-05    0.1258307008E-05
        0.0017227429    0.1150928047E-06    0.1834690766E-06    0.2662573942E-06    0.3620378342E-06    0.4689958530E-06    0.5849977855E-06    0.7077163813E-06    0.8347736136E-06    0.9638887457E-06    0.1092994831E-05    0.1220323595E-05    0.1344441868E-05    0.1464256160E-05    0.1578992666E-05    0.1688154133E-05    0.1791472476E-05
        0.0018862122    0.1637271049E-06    0.2609968614E-06    0.3787687265E-06    0.5150228568E-06    0.6671781310E-06    0.8321995293E-06    0.1006776667E-05    0.1187526895E-05    0.1371205901E-05    0.1554873412E-05    0.1736013946E-05    0.1912588656E-05    0.2083041846E-05    0.2246272559E-05    0.2401573232E-05    0.2548562304E-05
        0.0020651929    0.2327012010E-06    0.3709482507E-06    0.5383344672E-06    0.7319892466E-06    0.9482444117E-06    0.1182786791E-05    0.1430911878E-05    0.1687812415E-05    0.1948877640E-05    0.2209928776E-05    0.2467390641E-05    0.2718365356E-05    0.2960641634E-05    0.3192654434E-05    0.3413397808E-05    0.3622329140E-05
        0.0022611570    0.3303926729E-06    0.5266779179E-06    0.7643354509E-06    0.1039289788E-05    0.1346333296E-05    0.1679342763E-05    0.2031639416E-05    0.2396398512E-05    0.2767074112E-05    0.3137733381E-05    0.3503300239E-05    0.3859660038E-05    0.4203672808E-05    0.4533116026E-05    0.4846560927E-05    0.5143236587E-05
        0.0024757158    0.4685673046E-06    0.7469416612E-06    0.1083990845E-05    0.1473935348E-05    0.1909390448E-05    0.2381673263E-05    0.2881313102E-05    0.3398632123E-05    0.3924347591E-05    0.4450045897E-05    0.4968528100E-05    0.5473958432E-05    0.5961883169E-05    0.6429149555E-05    0.6873730474E-05    0.7294531757E-05
        0.0027106339    0.6637051442E-06    0.1058010271E-05    0.1535425883E-05    0.2087766204E-05    0.2704572430E-05    0.3373547495E-05    0.4081278594E-05    0.4814059283E-05    0.5558742281E-05    0.6303410754E-05    0.7037867754E-05    0.7753846646E-05    0.8445037979E-05    0.9106974800E-05    0.9736784441E-05    0.1033291570E-04
        0.0029678432    0.9388822149E-06    0.1496669157E-05    0.2172025051E-05    0.2953371283E-05    0.3825914928E-05    0.4772263494E-05    0.5773446415E-05    0.6810077389E-05    0.7863560302E-05    0.8917038612E-05    0.9956087693E-05    0.1096901265E-04    0.1194688653E-04    0.1288338838E-04    0.1377445230E-04    0.1461788173E-04
        0.0032494587    0.1326147899E-05    0.2114008128E-05    0.3067931973E-05    0.4171566638E-05    0.5404021021E-05    0.6740733600E-05    0.8154914283E-05    0.9619185175E-05    0.1110728319E-04    0.1259540066E-04    0.1406316324E-04    0.1549405076E-04    0.1687545162E-04    0.1819843438E-04    0.1945725248E-04    0.2064879972E-04
        0.0035577965    0.1870088568E-05    0.2981102157E-05    0.4326293595E-05    0.5882605494E-05    0.7620583705E-05    0.9505600455E-05    0.1149988600E-04    0.1356484075E-04    0.1566343501E-04    0.1776209892E-04    0.1983210138E-04    0.2185014390E-04    0.2379843790E-04    0.2566438330E-04    0.2743987068E-04    0.2912051389E-04
        0.0038953921    0.2632651652E-05    0.4196701396E-05    0.6090420253E-05    0.8281353249E-05    0.1072804513E-04    0.1338176112E-04    0.1618934437E-04    0.1909646821E-04    0.2205101256E-04    0.2500572348E-04    0.2792015438E-04    0.3076150261E-04    0.3350471924E-04    0.3613205768E-04    0.3863209230E-04    0.4099863885E-04
        0.0042650218    0.3698591176E-05    0.5895911880E-05    0.8556383509E-05    0.1163441759E-04    0.1507178921E-04    0.1880005256E-04    0.2274455108E-04    0.2682898220E-04    0.3098013764E-04    0.3513163824E-04    0.3922666107E-04    0.4321911578E-04    0.4707380036E-04    0.5076576880E-04    0.5427895393E-04    0.5760465205E-04
        0.0046697254    0.5185237497E-05    0.8265769384E-05    0.1199561760E-04    0.1631088114E-04    0.2112995632E-04    0.2635692012E-04    0.3188714531E-04    0.3761369278E-04    0.4343395218E-04    0.4925487538E-04    0.5499679969E-04    0.6059509864E-04    0.6600040295E-04    0.7117771688E-04    0.7610449014E-04    0.8076849545E-04
        0.0051128308    0.7252505652E-05    0.1156119362E-04    0.1677807286E-04    0.2281378500E-04    0.2955423229E-04    0.3686530483E-04    0.4460072290E-04    0.5261096635E-04    0.6075255445E-04    0.6889536174E-04    0.7692796543E-04    0.8475995698E-04    0.9232225535E-04    0.9956587579E-04    0.1064592372E-03    0.1129851968E-03
        0.0055979820    0.1011840286E-04    0.1612970858E-04    0.2340809095E-04    0.3182891117E-04    0.4123304929E-04    0.5143349124E-04    0.6222625157E-04    0.7340281277E-04    0.8476305854E-04    0.9612547425E-04    0.1073346071E-03    0.1182642956E-03    0.1288181136E-03    0.1389276599E-03    0.1485488085E-03    0.1576575770E-03
        0.0061291687    0.1407847178E-04    0.2244243666E-04    0.3256938479E-04    0.4428594583E-04    0.5737082884E-04    0.7156397388E-04    0.8658171958E-04    0.1021340804E-03    0.1179427201E-03    0.1337551337E-03    0.1493550275E-03    0.1645668196E-03    0.1792562686E-03    0.1933281067E-03    0.2067208327E-03    0.2194009724E-03
        0.0067107592    0.1952856861E-04    0.3113040882E-04    0.4517773321E-04    0.6143013383E-04    0.7958082086E-04    0.9926929533E-04    0.1201023394E-03    0.1416779332E-03    0.1636101505E-03    0.1855488151E-03    0.2071938984E-03    0.2283017745E-03    0.2486861103E-03    0.2682146018E-03    0.2868017698E-03    0.3044010115E-03
        0.0073475362    0.2700144778E-04    0.4304288317E-04    0.6246561495E-04    0.8493736405E-04    0.1100342130E-03    0.1372580926E-03    0.1660657256E-03    0.1959016150E-03    0.2262324121E-03    0.2565740657E-03    0.2865117312E-03    0.3157084378E-03    0.3439063491E-03    0.3709222827E-03    0.3966377766E-03    0.4209881224E-03
        0.0080447363    0.3719954802E-04    0.5929960779E-04    0.8605805357E-04    0.1170173065E-03    0.1515937734E-03    0.1891018808E-03    0.2287938213E-03    0.2699048742E-03    0.3117006613E-03    0.3535145096E-03    0.3947748801E-03    0.4350173403E-03    0.4738863488E-03    0.5111291345E-03    0.5465820563E-03    0.5801555304E-03
        0.0088080930    0.5105112859E-04    0.8138030482E-04    0.1181024783E-03    0.1605900001E-03    0.2080426626E-03    0.2595205902E-03    0.3139985782E-03    0.3704280816E-03    0.4278019225E-03    0.4852054975E-03    0.5418544235E-03    0.5971110200E-03    0.6504868358E-03    0.7016343312E-03    0.7503282321E-03    0.7964449018E-03
        0.0096438838    0.6975810419E-04    0.1112009195E-03    0.1613793756E-03    0.2194363254E-03    0.2842794403E-03    0.3546260026E-03    0.4290768218E-03    0.5062006049E-03    0.5846221432E-03    0.6630921776E-03    0.7405388466E-03    0.8160902933E-03    0.8890782417E-03    0.9590267658E-03    0.1025626926E-02    0.1088708673E-02
        0.0105589819    0.9487127417E-04    0.1512335367E-03    0.2194763097E-03    0.2984346508E-03    0.3866247463E-03    0.4823045878E-03    0.5835739586E-03    0.6884886437E-03    0.7951799926E-03    0.9019497698E-03    0.1007340140E-02    0.1110164552E-02    0.1209512801E-02    0.1304735972E-02    0.1395412127E-02    0.1481308240E-02
        0.0115609128    0.1283629276E-03    0.2046221181E-03    0.2969558893E-03    0.4037892791E-03    0.5231174507E-03    0.6525873983E-03    0.7896323627E-03    0.9316255034E-03    0.1076041079E-02    0.1220582521E-02    0.1363277156E-02    0.1502518215E-02    0.1637072012E-02    0.1766057908E-02    0.1888902183E-02    0.2005286758E-02
        0.0126579159    0.1726724275E-03    0.2752551380E-03    0.3994611340E-03    0.5431737260E-03    0.7037004650E-03    0.8778824225E-03    0.1062273611E-02    0.1253346328E-02    0.1447707043E-02    0.1642268263E-02    0.1834376015E-02    0.2021866726E-02    0.2203077396E-02    0.2376819193E-02    0.2542315867E-02    0.2699135129E-02
        0.0138590124    0.2308360349E-03    0.3679724991E-03    0.5340157058E-03    0.7261389874E-03    0.9407499690E-03    0.1173635650E-02    0.1420200025E-02    0.1675736415E-02    0.1935714578E-02    0.2196009841E-02    0.2453073625E-02    0.2704010078E-02    0.2946590518E-02    0.3179218989E-02    0.3400850679E-02    0.3610900736E-02
        0.0151740797    0.3062854972E-03    0.4882444814E-03    0.7085580344E-03    0.9634803109E-03    0.1248255851E-02    0.1557310462E-02    0.1884562930E-02    0.2223782869E-02    0.2568969323E-02    0.2914653799E-02    0.3256126724E-02    0.3589540095E-02    0.3911927972E-02    0.4221162164E-02    0.4515845140E-02    0.4795189935E-02
        0.0166139325    0.4038370522E-03    0.6437476874E-03    0.9342273130E-03    0.1270344124E-02    0.1645845228E-02    0.2053405770E-02    0.2485034255E-02    0.2932538867E-02    0.3388022946E-02    0.3844283010E-02    0.4295107675E-02    0.4735414523E-02    0.5161279240E-02    0.5569879344E-02    0.5959354797E-02    0.6328651042E-02
        0.0181904113    0.5285548508E-03    0.8425532565E-03    0.1222734232E-02    0.1662653374E-02    0.2154153180E-02    0.2687685094E-02    0.3252831055E-02    0.3838905138E-02    0.4435596258E-02    0.5033486722E-02    0.5624444024E-02    0.6201802413E-02    0.6760404335E-02    0.7296530150E-02    0.7807718517E-02    0.8292563082E-02
        0.0199164806    0.6838235927E-03    0.1090055550E-02    0.1581905711E-02    0.2151053044E-02    0.2786985620E-02    0.3477410852E-02    0.4208915936E-02    0.4967732416E-02    0.5740558482E-02    0.6515226135E-02    0.7281209029E-02    0.8029861291E-02    0.8754476398E-02    0.9450201606E-02    0.1011381004E-01    0.1074344097E-01
        0.0218063349    0.8756592801E-03    0.1395840500E-02    0.2025646560E-02    0.2754446911E-02    0.3568845693E-02    0.4453196962E-02    0.5390427864E-02    0.6362995899E-02    0.7353927469E-02    0.8347666434E-02    0.9330725943E-02    0.1029200043E-01    0.1122284925E-01    0.1211699551E-01    0.1297024113E-01    0.1378013946E-01
        0.0238755154    0.1106208329E-02    0.1763327749E-02    0.2558916941E-02    0.3479586148E-02    0.4508515846E-02    0.5626091547E-02    0.6810907859E-02    0.8040943287E-02    0.9294849427E-02    0.1055301389E-01    0.1179838630E-01    0.1301688230E-01    0.1419750234E-01    0.1533221711E-01    0.1641561858E-01    0.1744451466E-01
        0.0261410384    0.1383810658E-02    0.2205802037E-02    0.3200979899E-02    0.4352653900E-02    0.5639942514E-02    0.7038542197E-02    0.8521927584E-02    0.1006276741E-01    0.1163450185E-01    0.1321265815E-01    0.1477588793E-01    0.1630648785E-01    0.1779056858E-01    0.1921793201E-01    0.2058165171E-01    0.2187757852E-01
        0.0286215345    0.1713550500E-02    0.2731359888E-02    0.3963572471E-02    0.5389612526E-02    0.6983868792E-02    0.8716608096E-02    0.1055537469E-01    0.1246666015E-01    0.1441780160E-01    0.1637858925E-01    0.1832255713E-01    0.2022765164E-01    0.2207647247E-01    0.2385615239E-01    0.2555786416E-01    0.2717622796E-01
        0.0313374022    0.2096237001E-02    0.3341293437E-02    0.4848576079E-02    0.6593064067E-02    0.8543815985E-02    0.1066502627E-01    0.1291760124E-01    0.1526107168E-01    0.1765582951E-01    0.2006506071E-01    0.2245633465E-01    0.2480245953E-01    0.2708182725E-01    0.2927831649E-01    0.3138073129E-01    0.3338210701E-01
        0.0343109759    0.2536831250E-02    0.4043517372E-02    0.5867490836E-02    0.7978718016E-02    0.1034036906E-01    0.1291000011E-01    0.1564124951E-01    0.1848595024E-01    0.2139670414E-01    0.2432916957E-01    0.2724400141E-01    0.3010794607E-01    0.3289433773E-01    0.3558306052E-01    0.3815993481E-01    0.4061592594E-01
        0.0375667089    0.3050007334E-02    0.4861420837E-02    0.7054258849E-02    0.9592800353E-02    0.1243371372E-01    0.1552732954E-01    0.1881935625E-01    0.2225311019E-01    0.2577240761E-01    0.2932423660E-01    0.3286111674E-01    0.3634250919E-01    0.3973553703E-01    0.4301506403E-01    0.4616305906E-01    0.4916772045E-01
        0.0411313750    0.3659828006E-02    0.5833340354E-02    0.8464481308E-02    0.1151097353E-01    0.1492224983E-01    0.1864075465E-01    0.2260351198E-01    0.2674433155E-01    0.3099697141E-01    0.3529822662E-01    0.3959080515E-01    0.4382516719E-01    0.4796058270E-01    0.5196541861E-01    0.5581653419E-01    0.5949834511E-01
        0.0450342886    0.4399448847E-02    0.7012069506E-02    0.1017467329E-01    0.1383728980E-01    0.1794124027E-01    0.2242036162E-01    0.2720215118E-01    0.3220970990E-01    0.3736508056E-01    0.4259278815E-01    0.4782337393E-01    0.5299584154E-01    0.5805923223E-01    0.6297326946E-01    0.6770787325E-01    0.7224220583E-01
        0.0493075457    0.5326780793E-02    0.8489699589E-02    0.1231808686E-01    0.1675257922E-01    0.2172512750E-01    0.2715997236E-01    0.3297392306E-01    0.3907764821E-01    0.4537902788E-01    0.5178719717E-01    0.5821696698E-01    0.6459216876E-01    0.7084804229E-01    0.7693247596E-01    0.8280577703E-01    0.8843975643E-01
        0.0539862877    0.6524194116E-02    0.1039697276E-01    0.1508345995E-01    0.2051230845E-01    0.2660426570E-01    0.3327261903E-01    0.4042188189E-01    0.4794778807E-01    0.5574038508E-01    0.6368867290E-01    0.7168630136E-01    0.7963631102E-01    0.8745482103E-01    0.9507324076E-01    0.1024384938E+00    0.1095122020E+00
        0.0591089906    0.8051248919E-02    0.1282798334E-01    0.1860583986E-01    0.2529834896E-01    0.3281335248E-01    0.4105239625E-01    0.4990656330E-01    0.5925404797E-01    0.6896249524E-01    0.7889439200E-01    0.8891471449E-01    0.9889791801E-01    0.1087337227E+00    0.1183308672E+00    0.1276180498E+00    0.1365432448E+00
        0.0647177816    0.9910794054E-02    0.1578632744E-01    0.2288879434E-01    0.3111386856E-01    0.4035640372E-01    0.5050775672E-01    0.6144655844E-01    0.7303192949E-01    0.8510423807E-01    0.9749159734E-01    0.1100206702E+00    0.1225273493E+00    0.1348658712E+00    0.1469148816E+00    0.1585793587E+00    0.1697899835E+00
        0.0708587849    0.1202875552E-01    0.1915331431E-01    0.2775909173E-01    0.3772313101E-01    0.4893102271E-01    0.6127019050E-01    0.7461181961E-01    0.8879658723E-01    0.1036327433E+00    0.1189046679E+00    0.1343890161E+00    0.1498713647E+00    0.1651603035E+00    0.1800966139E+00    0.1945562449E+00    0.2084494079E+00
        0.0775825017    0.1418715751E-01    0.2258284266E-01    0.3271715971E-01    0.4445301576E-01    0.5767819916E-01    0.7229088937E-01    0.8816658117E-01    0.1051318141E+00    0.1229587153E+00    0.1413779311E+00    0.1601037133E+00    0.1788595815E+00    0.1973990826E+00    0.2155185110E+00    0.2330605963E+00    0.2499127104E+00
        0.0849442250    0.1611072143E-01    0.2564035944E-01    0.3714043518E-01    0.5047223119E-01    0.6554767015E-01    0.8230042421E-01    0.1006286835E+00    0.1203515971E+00    0.1412010202E+00    0.1628434634E+00    0.1849190845E+00    0.2070794189E+00    0.2290157397E+00    0.2504749766E+00    0.2712633618E+00    0.2912430870E+00
        0.0930044946    0.1780413003E-01    0.2833610494E-01    0.4104939418E-01    0.5582097531E-01    0.7261539889E-01    0.9143075391E-01    0.1122051609E+00    0.1347517779E+00    0.1587522178E+00    0.1837949896E+00    0.2094336980E+00    0.2352386167E+00    0.2608321882E+00    0.2859070722E+00    0.3102289108E+00    0.3336310238E+00
        0.1018295948    0.1970725790E-01    0.3136521816E-01    0.4544308456E-01    0.6184823057E-01    0.8062548584E-01    0.1018612747E+00    0.1255392034E+00    0.1514533978E+00    0.1792134772E+00    0.2083089269E+00    0.2381904862E+00    0.2683352822E+00    0.2982878914E+00    0.3276793038E+00    0.3562282317E+00    0.3837337153E+00
        0.1114920997    0.2273973926E-01    0.3616688461E-01    0.5236468772E-01    0.7127269287E-01    0.9303467978E-01    0.1178348839E+00    0.1456861338E+00    0.1763282365E+00    0.2092602515E+00    0.2438404415E+00    0.2793925683E+00    0.3152827438E+00    0.3509641760E+00    0.3859960179E+00    0.4200426754E+00    0.4528639951E+00
        0.1220714697    0.2724645544E-01    0.4326146560E-01    0.6252196236E-01    0.8499982944E-01    0.1109586055E+00    0.1406835392E+00    0.1741886012E+00    0.2111162939E+00    0.2508151899E+00    0.2924813449E+00    0.3352881713E+00    0.3784726647E+00    0.4213826467E+00    0.4634950977E+00    0.5044131377E+00    0.5438533996E+00
        0.1336547051    0.3201952044E-01    0.5074136030E-01    0.7318523721E-01    0.9939105938E-01    0.1297913112E+00    0.1647919873E+00    0.2043993924E+00    0.2481443310E+00    0.2952149302E+00    0.3446369959E+00    0.3954238398E+00    0.4466711791E+00    0.4976080820E+00    0.5476163042E+00    0.5962259867E+00    0.6431007338E+00
        0.1463370617    0.3489778784E-01    0.5525429417E-01    0.7965808716E-01    0.1083151009E+00    0.1419142225E+00    0.1810325180E+00    0.2257040372E+00    0.2753844480E+00    0.3291326411E+00    0.3858207023E+00    0.4443016509E+00    0.5035164701E+00    0.5625537628E+00    0.6206745479E+00    0.6773099032E+00    0.7320457793E+00
        0.1602228341    0.3655362051E-01    0.5787083873E-01    0.8349652300E-01    0.1138915334E+00    0.1500681897E+00    0.1928118871E+00    0.2422176914E+00    0.2976973824E+00    0.3581980442E+00    0.4224367273E+00    0.4890891722E+00    0.5569148789E+00    0.6248309660E+00    0.6919464650E+00    0.7575644124E+00    0.8211677156E+00
        0.1754262130    0.3987505986E-01    0.6301040635E-01    0.9081387633E-01    0.1240210219E+00    0.1639814561E+00    0.2116828010E+00    0.2672683501E+00    0.3300865877E+00    0.3989460393E+00    0.4723787307E+00    0.5488547802E+00    0.6269283701E+00    0.7053267569E+00    0.7829938464E+00    0.8590959068E+00    0.9330075668E+00
        0.1920722248    0.4492638982E-01    0.7067781143E-01    0.1014800212E+00    0.1383572656E+00    0.1830065606E+00    0.2366153042E+00    0.2993686928E+00    0.3705414755E+00    0.4487911062E+00    0.5324534980E+00    0.6197852638E+00    0.7091304075E+00    0.7990234908E+00    0.8882415096E+00    0.9758125317E+00    0.1061001499E+01
        0.2102977595    0.4653757442E-01    0.7302857236E-01    0.1047651501E+00    0.1431769426E+00    0.1903839161E+00    0.2478608645E+00    0.3159372862E+00    0.3939042566E+00    0.4803277444E+00    0.5733725654E+00    0.6710767494E+00    0.7715471726E+00    0.8730855045E+00    0.9742557381E+00    0.1073901158E+01    0.1171133405E+01
        0.2302526962    0.4505917315E-01    0.7067856323E-01    0.1016261494E+00    0.1398119513E+00    0.1878325434E+00    0.2475358578E+00    0.3194976195E+00    0.4031106667E+00    0.4969007622E+00    0.5988765925E+00    0.7068429589E+00    0.8186352298E+00    0.9322774737E+00    0.1046072986E+01    0.1158634478E+01    0.1268879161E+01
        0.2521011363    0.4477677165E-01    0.6994630130E-01    0.1004233414E+00    0.1385569157E+00    0.1874089139E+00    0.2492190351E+00    0.3248449526E+00    0.4138257887E+00    0.5146942541E+00    0.6253466706E+00    0.7433901836E+00    0.8664135271E+00    0.9921771168E+00    0.1118727992E+01    0.1244445457E+01    0.1368044523E+01
        0.2760227522    0.4056724701E-01    0.6334152772E-01    0.9128001245E-01    0.1271917947E+00    0.1746379472E+00    0.2363515881E+00    0.3136091347E+00    0.4062195187E+00    0.5128037311E+00    0.6311788858E+00    0.7587475997E+00    0.8928183775E+00    0.1030840280E+01    0.1170551854E+01    0.1310048393E+01    0.1447797058E+01
        0.3022142655    0.3263356685E-01    0.5136352937E-01    0.7509114664E-01    0.1070481326E+00    0.1512949819E+00    0.2111497397E+00    0.2884408456E+00    0.3833615957E+00    0.4946875578E+00    0.6201745201E+00    0.7570037354E+00    0.9021674375E+00    0.1052759896E+01    0.1206167606E+01    0.1360161876E+01    0.1512927060E+01
        0.3308910644    0.2433922075E-01    0.3891909045E-01    0.5825826870E-01    0.8588988065E-01    0.1263233507E+00    0.1835057124E+00    0.2599163381E+00    0.3562411092E+00    0.4715019728E+00    0.6034608448E+00    0.7491213133E+00    0.9051826043E+00    0.1068390865E+01    0.1235774538E+01    0.1404766069E+01    0.1573246624E+01
        0.3622889751    0.1457735626E-01    0.2462933239E-01    0.3924634086E-01    0.6210196941E-01    0.9809493387E-01    0.1518749407E+00    0.2267000019E+00    0.3238639858E+00    0.4427165839E+00    0.5810758521E+00    0.7357937721E+00    0.9032840879E+00    0.1079937534E+01    0.1262405834E+01    0.1447756131E+01    0.1633535642E+01
        0.3966662010    0.7717318103E-02    0.1447111424E-01    0.2539609080E-01    0.4415334161E-01    0.7597946848E-01    0.1262733757E+00    0.1991993398E+00    0.2968375526E+00    0.4190542437E+00    0.5638855807E+00    0.7281439592E+00    0.9080137544E+00    0.1099537559E+01    0.1298962289E+01    0.1502940508E+01    0.1708626734E+01
        0.4343054463    0.3964984881E-02    0.8554804077E-02    0.1668579741E-01    0.3193297667E-01    0.5985481509E-01    0.1066820986E+00    0.1776846908E+00    0.2759911067E+00    0.4022288457E+00    0.5548228463E+00    0.7306242723E+00    0.9255854289E+00    0.1135341740E+01    0.1355645694E+01    0.1582635224E+01    0.1812974811E+01
        0.4755162407    0.2553375499E-02    0.5740836608E-02    0.1170120100E-01    0.2392481285E-01    0.4831329259E-01    0.9207753619E-01    0.1618810659E+00    0.2622231677E+00    0.3947380772E+00    0.5583568437E+00    0.7499657219E+00    0.9651963021E+00    0.1199143122E+01    0.1446916774E+01    0.1703998949E+01    0.1966438466E+01
        0.5206374847    0.1730876667E-02    0.3829589487E-02    0.8025871782E-02    0.1772851672E-01    0.3925883621E-01    0.8106005011E-01    0.1515530361E+00    0.2569339719E+00    0.4000314112E+00    0.5803144694E+00    0.7946168412E+00    0.1038091779E+01    0.1305107120E+01    0.1589945710E+01    0.1887262803E+01    0.2192344238E+01
        0.5700402368    0.1279403888E-02    0.2582590957E-02    0.5465805223E-02    0.1328552653E-01    0.3293430800E-01    0.7445647793E-01    0.1484951245E+00    0.2633152145E+00    0.4231197796E+00    0.6279095292E+00    0.8743275281E+00    0.1156838255E+01    0.1468845770E+01    0.1803571780E+01    0.2154632662E+01    0.2516368144E+01
        0.6241307649    0.8135032027E-03    0.1573200316E-02    0.3578963540E-02    0.1018790954E-01    0.2914337107E-01    0.7261175591E-01    0.1540238169E+00    0.2841227509E+00    0.4686613934E+00    0.7081364315E+00    0.9988177661E+00    0.1334216520E+01    0.1706478101E+01    0.2107474269E+01    0.2529521406E+01    0.2965790238E+01
        0.6833538873    0.3925857834E-03    0.8401912004E-03    0.2331511589E-02    0.8351321629E-02    0.2791115619E-01    0.7596180016E-01    0.1693997209E+00    0.3219264202E+00    0.5410429271E+00    0.8276855593E+00    0.1177516970E+01    0.1582764184E+01    0.2033952030E+01    0.2521254267E+01    0.3035378610E+01    0.3568068557E+01
        0.7481966305    0.2565338193E-03    0.5342872405E-03    0.1751537027E-02    0.7716117137E-02    0.2921001128E-01    0.8477411785E-01    0.1955958534E+00    0.3789023923E+00    0.6441557741E+00    0.9926378598E+00    0.1419107379E+01    0.1914109748E+01    0.2466128177E+01    0.3063243990E+01    0.3694214720E+01    0.4349077710E+01
        0.8191922345    0.1591952349E-03    0.3525316989E-03    0.1457788905E-02    0.7831681297E-02    0.3263498103E-01    0.9893194308E-01    0.2331318997E+00    0.4566133537E+00    0.7810177976E+00    0.1207846450E+01    0.1730609664E+01    0.2337727348E+01    0.3015183968E+01    0.3748550970E+01    0.4524283632E+01    0.5330433901E+01
        0.8969245379    0.1079968952E-03    0.2566511040E-03    0.1347275882E-02    0.8522309495E-02    0.3799396453E-01    0.1184072586E+00    0.2824385936E+00    0.5562940829E+00    0.9540022824E+00    0.1477116039E+01    0.2117508885E+01    0.2860999893E+01    0.3690603044E+01    0.4588963423E+01    0.5539895322E+01    0.6529208151E+01
        0.9820327791    0.7821278242E-04    0.2007258837E-03    0.1338102225E-02    0.9663841709E-02    0.4518576761E-01    0.1433032033E+00    0.3440902800E+00    0.6792715295E+00    0.1165431553E+01    0.1803953891E+01    0.2584646892E+01    0.3490237352E+01    0.4500304021E+01    0.5594174089E+01    0.6752719416E+01    0.7959294489E+01
        1.0752168532    0.5599918371E-04    0.1632231481E-03    0.1393495981E-02    0.1121725564E-01    0.5426275088E-01    0.1739612552E+00    0.4189616647E+00    0.8271634299E+00    0.1417800570E+01    0.2191797583E+01    0.3136433266E+01    0.4230851474E+01    0.5450761262E+01    0.6771830380E+01    0.8171748354E+01    0.9631269494E+01
        1.1772430677    0.4108072943E-04    0.1384909198E-03    0.1503414453E-02    0.1319772385E-01    0.6537683277E-01    0.2108558309E+00    0.5080233369E+00    0.1001517618E+01    0.1713204870E+01    0.2643185442E+01    0.3775723136E+01    0.5085915303E+01    0.6545226827E+01    0.8125402788E+01    0.9800796989E+01    0.1154950680E+02
        1.2889504441    0.3035305576E-04    0.1221577595E-03    0.1665364708E-02    0.1564020688E-01    0.7870178605E-01    0.2544213606E+00    0.6120061114E+00    0.1203245641E+01    0.2052487341E+01    0.3158577135E+01    0.4502287178E+01    0.6054268050E+01    0.7781459971E+01    0.9651528492E+01    0.1163544631E+02    0.1370870156E+02
        1.4112576178    0.2270072637E-04    0.1121059457E-03    0.1880554493E-02    0.1858081759E-01    0.9437271658E-01    0.3049030003E+00    0.7311079735E+00    0.1432140476E+01    0.2434541303E+01    0.3735436344E+01    0.5311680566E+01    0.7129180742E+01    0.9150196559E+01    0.1133828350E+02    0.1366110661E+02    0.1609170123E+02
        1.5451703927    0.1726932033E-04    0.1069395774E-03    0.2151042254E-02    0.2204569923E-01    0.1124454135E+00    0.3622532264E+00    0.8648005452E+00    0.1686588838E+01    0.2855951832E+01    0.4367842730E+01    0.6194872385E+01    0.8298043670E+01    0.1063492165E+02    0.1316505062E+02    0.1585297331E+02    0.1866952437E+02
        1.6917900122    0.1342453327E-04    0.1057520145E-03    0.2478589113E-02    0.2604321512E-01    0.1328663953E+00    0.4260652193E+00    0.1011735451E+01    0.1963497597E+01    0.3311019983E+01    0.5046703993E+01    0.7138729588E+01    0.9543188485E+01    0.1221307304E+02    0.1510412427E+02    0.1817803117E+02    0.2140374314E+02
        1.8523222157    0.1073434857E-04    0.1079481870E-03    0.2863588424E-02    0.3055714938E-01    0.1554531824E+00    0.4955516214E+00    0.1169776838E+01    0.2258482070E+01    0.3792234921E+01    0.5760638874E+01    0.8127417473E+01    0.1084388392E+02    0.1385868111E+02    0.1712401849E+02    0.2059903453E+02    0.2425112420E+02
        2.0280871538    0.8873115811E-05    0.1130878333E-03    0.3304060505E-02    0.3554217237E-01    0.1798922089E+00    0.5695895036E+00    0.1336196652E+01    0.2566359273E+01    0.4291222158E+01    0.6497516252E+01    0.9144630262E+01    0.1217932357E+02    0.1554615208E+02    0.1919406581E+02    0.2307993165E+02    0.2716988317E+02
        2.2205302450    0.7601102155E-05    0.1207904032E-03    0.3795046234E-02    0.4092412631E-01    0.2057634881E+00    0.6468483333E+00    0.1508044912E+01    0.2881923938E+01    0.4800069237E+01    0.7246431169E+01    0.1017627490E+02    0.1353204450E+02    0.1725443384E+02    0.2128934043E+02    0.2559156120E+02    0.3012618075E+02
        2.4312340620    0.5594768810E-05    0.1241240115E-03    0.4283041519E-02    0.4643337060E-01    0.2321571195E+00    0.7251355610E+00    0.1681217102E+01    0.3198737397E+01    0.5309808845E+01    0.7995824516E+01    0.1120815695E+02    0.1488511792E+02    0.1896367386E+02    0.2338677703E+02    0.2810725843E+02    0.3308927285E+02
        2.6619313461    0.5346375310E-05    0.1372080269E-03    0.4858238379E-02    0.5234733657E-01    0.2595948173E+00    0.8052538783E+00    0.1856972880E+01    0.3518882747E+01    0.5823799759E+01    0.8750723797E+01    0.1224721233E+02    0.1624744538E+02    0.2068462613E+02    0.2549872610E+02    0.3064059794E+02    0.3607348896E+02
        2.9145192568    0.5212091614E-05    0.1513896092E-03    0.5453319786E-02    0.5835589855E-01    0.2871976290E+00    0.8854851161E+00    0.2032731064E+01    0.3839109345E+01    0.6338368287E+01    0.9507194820E+01    0.1328927413E+02    0.1761453037E+02    0.2241227505E+02    0.2761940005E+02    0.3318472234E+02    0.3907056596E+02
        3.1910749729    0.5161580147E-05    0.1663374910E-03    0.6058662872E-02    0.6439273316E-01    0.3148078754E+00    0.9657264040E+00    0.2208805849E+01    0.4160562116E+01    0.6855780344E+01    0.1026873007E+02    0.1433901475E+02    0.1899208923E+02    0.2415320845E+02    0.2975608082E+02    0.3574743756E+02    0.4208866981E+02
        3.4938727747    0.5174370196E-05    0.1817676561E-03    0.6667642175E-02    0.7043185283E-01    0.3424534343E+00    0.1046319791E+01    0.2386192545E+01    0.4485100603E+01    0.7378752490E+01    0.1103872834E+02    0.1540027452E+02    0.2038418026E+02    0.2591154094E+02    0.3191285304E+02    0.3833278191E+02    0.4513183149E+02
        3.8254027466    0.5235795469E-05    0.1974747672E-03    0.7277714511E-02    0.7648669871E-01    0.3702893385E+00    0.1127773579E+01    0.2565843842E+01    0.4813946647E+01    0.7908380496E+01    0.1181768884E+02    0.1647253779E+02    0.2178897640E+02    0.2768398002E+02    0.3408493971E+02    0.4093459077E+02    0.4819268867E+02
        4.1883912545    0.5332435947E-05    0.2133371116E-03    0.7890123107E-02    0.8259371561E-01    0.3984827911E+00    0.1210397165E+01    0.2747929252E+01    0.5146543002E+01    0.8442653183E+01    0.1260145618E+02    0.1754895730E+02    0.2319657031E+02    0.2945736654E+02    0.3625589579E+02    0.4353323402E+02    0.5124864077E+02
        4.5858233661    0.5456089554E-05    0.2293543178E-03    0.8508524744E-02    0.8878683292E-01    0.4270915494E+00    0.1294017761E+01    0.2931422281E+01    0.5480139219E+01    0.8976187683E+01    0.1338121511E+02    0.1861665444E+02    0.2458956523E+02    0.3120949247E+02    0.3839855064E+02    0.4609655135E+02    0.5426262146E+02
        5.0209673996    0.5599919312E-05    0.2455871391E-03    0.9136125295E-02    0.9507066676E-01    0.4559844545E+00    0.1377893025E+01    0.3114156165E+01    0.5810181276E+01    0.9501109255E+01    0.1414495493E+02    0.1965880701E+02    0.2594578391E+02    0.3291239815E+02    0.4047883582E+02    0.4858412818E+02    0.5718771425E+02
        5.4974018001    0.5759341718E-05    0.2621041072E-03    0.9773169700E-02    0.1014073063E+00    0.4848436797E+00    0.1460844788E+01    0.3293260053E+01    0.6131201716E+01    0.1000849770E+02    0.1487953618E+02    0.2065738067E+02    0.2724170069E+02    0.3453653577E+02    0.4246070352E+02    0.5095298168E+02    0.5997360232E+02
        6.0190445678    0.5930834634E-05    0.2789092672E-03    0.1041562032E-01    0.1077203264E+00    0.5132303555E+00    0.1541495930E+01    0.3465669932E+01    0.6437667767E+01    0.1048961134E+02    0.1557232895E+02    0.2159523220E+02    0.2845507436E+02    0.3605400783E+02    0.4431005526E+02    0.5316226936E+02    0.6257214813E+02
        6.5901854779    0.6112071069E-05    0.2959091420E-03    0.1105566382E-01    0.1139109544E+00    0.5406663586E+00    0.1618472071E+01    0.3628470444E+01    0.6724458152E+01    0.1093649673E+02    0.1621197453E+02    0.2245706691E+02    0.2956616632E+02    0.3744012678E+02    0.4599673532E+02    0.5517582001E+02    0.6494057784E+02
        7.2155213579    0.6300738216E-05    0.3129113018E-03    0.1168325674E-01    0.1198744424E+00    0.5666883309E+00    0.1690497899E+01    0.3779015365E+01    0.6986983652E+01    0.1134209203E+02    0.1678846730E+02    0.2322951253E+02    0.3055784018E+02    0.3867359394E+02    0.4749485940E+02    0.5696269506E+02    0.6704236824E+02
        7.9001947124    0.6494756506E-05    0.3296656862E-03    0.1228779680E-01    0.1255100471E+00    0.5908678866E+00    0.1756417163E+01    0.3914936688E+01    0.7221180728E+01    0.1170019939E+02    0.1729309110E+02    0.2390099704E+02    0.3141536012E+02    0.3973621115E+02    0.4878245342E+02    0.5849679282E+02    0.6884687844E+02
        8.6498360130    0.6691857688E-05    0.3459041963E-03    0.1285914311E-01    0.1307249050E+00    0.6128157338E+00    0.1815192397E+01    0.4034142201E+01    0.7423519798E+01    0.1200552287E+02    0.1771849924E+02    0.2446186253E+02    0.3212650395E+02    0.4061293671E+02    0.4984139471E+02    0.5975662282E+02    0.7032893595E+02
        9.4706100008    0.6890137303E-05    0.3613731346E-03    0.1338810962E-01    0.1354362217E+00    0.6321886713E+00    0.1865921778E+01    0.4134845250E+01    0.7591048818E+01    0.1225373296E+02    0.1805882493E+02    0.2490455884E+02    0.3268188073E+02    0.4129233212E+02    0.5065795595E+02    0.6072588058E+02    0.7146931902E+02
       10.3692663829    0.7087532260E-05    0.3758385066E-03    0.1386658112E-01    0.1395730621E+00    0.6487007800E+00    0.1907873189E+01    0.4215630400E+01    0.7721484404E+01    0.1244156034E+02    0.1830974942E+02    0.2522367845E+02    0.3307494978E+02    0.4176666648E+02    0.5122304369E+02    0.6139394762E+02    0.7225554883E+02
       11.3531953391    0.7284232587E-05    0.3891084887E-03    0.1428764840E-01    0.1430777012E+00    0.6621327632E+00    0.1940517458E+01    0.4275531340E+01    0.7813347872E+01    0.1256699638E+02    0.1846872747E+02    0.2541617996E+02    0.3330213183E+02    0.4203185289E+02    0.5153203371E+02    0.6175547855E+02    0.7268163914E+02
       12.4304882957    0.7477162684E-05    0.4009835898E-03    0.1464515991E-01    0.1459027209E+00    0.6723229887E+00    0.1963517001E+01    0.4314032666E+01    0.7866006912E+01    0.1262938585E+02    0.1853518709E+02    0.2548161089E+02    0.3336325692E+02    0.4208776836E+02    0.5158510101E+02    0.6181067972E+02    0.7274753391E+02
       13.6100044661    0.7665933301E-05    0.4113144971E-03    0.1493434459E-01    0.1480124068E+00    0.6791601852E+00    0.1976687838E+01    0.4330983445E+01    0.7879569478E+01    0.1262929857E+02    0.1851048259E+02    0.2542214811E+02    0.3326149043E+02    0.4193881361E+02    0.5138720419E+02    0.6156606251E+02    0.7246030161E+02
       14.9014437053    0.7850163452E-05    0.4199744078E-03    0.1515190448E-01    0.1493869141E+00    0.6825973481E+00    0.1979997149E+01    0.4326535464E+01    0.7854624953E+01    0.1256823926E+02    0.1839716388E+02    0.2524224749E+02    0.3300264592E+02    0.4159307216E+02    0.5094866094E+02    0.6103278860E+02    0.7183454666E+02
       16.3154262774    0.8027614859E-05    0.4268397370E-03    0.1529542964E-01    0.1500210279E+00    0.6826664120E+00    0.1973642258E+01    0.4301271848E+01    0.7792399654E+01    0.1244847113E+02    0.1819900946E+02    0.2494714513E+02    0.3259518851E+02    0.4106016133E+02    0.5028321603E+02    0.6022767285E+02    0.7088792397E+02
       17.8635801925    0.8199640561E-05    0.4318637856E-03    0.1536368503E-01    0.1499166628E+00    0.6794431662E+00    0.1958009579E+01    0.4256174791E+01    0.7695126064E+01    0.1227330721E+02    0.1792159689E+02    0.2454407520E+02    0.3204823863E+02    0.4035381379E+02    0.4940435475E+02    0.5917066051E+02    0.6964389572E+02
       19.5586368304    0.8363423419E-05    0.4350198327E-03    0.1535746385E-01    0.1490884535E+00    0.6730335557E+00    0.1933475922E+01    0.4192471342E+01    0.7565038180E+01    0.1204757568E+02    0.1757083791E+02    0.2404356802E+02    0.3137364355E+02    0.3948858955E+02    0.4833343118E+02    0.5787977297E+02    0.6812953243E+02
       21.4145356385    0.8521404846E-05    0.4363528389E-03    0.1527995533E-01    0.1475783521E+00    0.6636271440E+00    0.1900641052E+01    0.4111434291E+01    0.7404730562E+01    0.1177518549E+02    0.1715469873E+02    0.2345353069E+02    0.3058760446E+02    0.3848094077E+02    0.4708992667E+02    0.5638736085E+02    0.6636796379E+02
       23.4465387640    0.8675344466E-05    0.4358987125E-03    0.1513445722E-01    0.1454308733E+00    0.6514880204E+00    0.1860384194E+01    0.4014752959E+01    0.7217754091E+01    0.1146100468E+02    0.1667947385E+02    0.2278662462E+02    0.2969761717E+02    0.3735413060E+02    0.4569341669E+02    0.5471295977E+02    0.6440648386E+02
       25.6713565631    0.8824484971E-05    0.4336711244E-03    0.1492403946E-01    0.1426953875E+00    0.6368919739E+00    0.1813370578E+01    0.3904833603E+01    0.7006784474E+01    0.1111276407E+02    0.1615270046E+02    0.2205300752E+02    0.2872613831E+02    0.3611024340E+02    0.4418166664E+02    0.5287687612E+02    0.6225646970E+02
       28.1072850208    0.8969287144E-05    0.4297675389E-03    0.1465282011E-01    0.1394202068E+00    0.6200314580E+00    0.1760707402E+01    0.3782583343E+01    0.6777572324E+01    0.1073124582E+02    0.1559077624E+02    0.2125662964E+02    0.2768993348E+02    0.3478738813E+02    0.4254005962E+02    0.5095024548E+02    0.5993600277E+02
       30.7743562090    0.9109945581E-05    0.4243697770E-03    0.1432653281E-01    0.1356490630E+00    0.6012760074E+00    0.1702765588E+01    0.3650818125E+01    0.6530849137E+01    0.1032900927E+02    0.1498570492E+02    0.2043575249E+02    0.2657134376E+02    0.3341897626E+02    0.4082356393E+02    0.4887626606E+02    0.5757766412E+02
       33.6945030221    0.9246213919E-05    0.4176193691E-03    0.1395518525E-01    0.1314969362E+00    0.5808278521E+00    0.1640347029E+01    0.3512181634E+01    0.6267459348E+01    0.9911970728E+01    0.1435430261E+02    0.1956737067E+02    0.2545278838E+02    0.3193331327E+02    0.3910767561E+02    0.4672899298E+02    0.5504376775E+02
       36.8917395444    0.9378618317E-05    0.4095391604E-03    0.1354289983E-01    0.1269934174E+00    0.5589682956E+00    0.1576074857E+01    0.3363186432E+01    0.6004456293E+01    0.9460869097E+01    0.1373225462E+02    0.1865053625E+02    0.2429793249E+02    0.3048380467E+02    0.3721852762E+02    0.4466285613E+02    0.5243664541E+02
       40.3923585315    0.9507817494E-05    0.4003331973E-03    0.1309148522E-01    0.1221874012E+00    0.5365977725E+00    0.1507679911E+01    0.3214678188E+01    0.5724500752E+01    0.9027579211E+01    0.1304697506E+02    0.1779919207E+02    0.2304622183E+02    0.2903319682E+02    0.3541483186E+02    0.4233791780E+02    0.5002458632E+02
       44.2251476316    0.9633964549E-05    0.3902490708E-03    0.1261671602E-01    0.1172624839E+00    0.5129067962E+00    0.1437601197E+01    0.3065564286E+01    0.5437876427E+01    0.8585421050E+01    0.1239500060E+02    0.1684931675E+02    0.2195006636E+02    0.2740892137E+02    0.3366585450E+02    0.4017554473E+02    0.4723381267E+02
       48.4216261230    0.9757520970E-05    0.3793110228E-03    0.1212089920E-01    0.1120314370E+00    0.4884559960E+00    0.1370890312E+01    0.2901069586E+01    0.5178315341E+01    0.8102207452E+01    0.1177283455E+02    0.1593490691E+02    0.2071497899E+02    0.2606319616E+02    0.3164251932E+02    0.3812121248E+02    0.4473279193E+02
       53.0163041156    0.9879140982E-05    0.3676381753E-03    0.1159512922E-01    0.1067803879E+00    0.4656762883E+00    0.1295161692E+01    0.2760267232E+01    0.4871644772E+01    0.7705890097E+01    0.1104403198E+02    0.1512086173E+02    0.1950964541E+02    0.2452058128E+02    0.3005681914E+02    0.3568455816E+02    0.4234831384E+02
       58.0469663481    0.9999044782E-05    0.3558339701E-03    0.1109197850E-01    0.1017065763E+00    0.4394976189E+00    0.1230066172E+01    0.2598613496E+01    0.4617127743E+01    0.7221687554E+01    0.1049054296E+02    0.1411480350E+02    0.1849333950E+02    0.2302050707E+02    0.2817505380E+02    0.3388176681E+02    0.3950615689E+02
       63.5549829136    0.1011889799E-04    0.3429517668E-03    0.1053767653E-01    0.9598974471E-01    0.4173378068E+00    0.1159028407E+01    0.2449023429E+01    0.4342857332E+01    0.6812418936E+01    0.9799972486E+01    0.1339305605E+02    0.1719489800E+02    0.2178822739E+02    0.2640614757E+02    0.3162021332E+02    0.3750969488E+02
       69.5856494710    0.1023626604E-04    0.3308685850E-03    0.1002853317E-01    0.9136074140E-01    0.3926375510E+00    0.1088701592E+01    0.2312657448E+01    0.4062332679E+01    0.6404079987E+01    0.9208026922E+01    0.1246369828E+02    0.1630151703E+02    0.2019806308E+02    0.2493069856E+02    0.2963482883E+02    0.3482985642E+02
       76.1885597370    0.1035588998E-04    0.3175661029E-03    0.9500441750E-02    0.8556666252E-01    0.3693181146E+00    0.1029827960E+01    0.2152588823E+01    0.3843565447E+01    0.5962490347E+01    0.8648997682E+01    0.1168888904E+02    0.1509974506E+02    0.1913287572E+02    0.2307368682E+02    0.2786622748E+02    0.3269332118E+02
       83.4180133251    0.1047512279E-04    0.3050399896E-03    0.8964970700E-02    0.8109223327E-01    0.3484372624E+00    0.9560054482E+00    0.2039311316E+01    0.3552958478E+01    0.5637709641E+01    0.8031690900E+01    0.1095786699E+02    0.1416870782E+02    0.1763370365E+02    0.2182825934E+02    0.2580359539E+02    0.3056014962E+02
       91.3334622825    0.1059368171E-04    0.2925261081E-03    0.8500696088E-02    0.7579614045E-01    0.3240139007E+00    0.9050998140E+00    0.1878340820E+01    0.3359496617E+01    0.5183807335E+01    0.7571140599E+01    0.1016274509E+02    0.1323155340E+02    0.1658258134E+02    0.2002799637E+02    0.2434579374E+02    0.2839056650E+02
      100.0000000000    0.1071911830E-04    0.2793597851E-03    0.7945195648E-02    0.7134776788E-01    0.3060633954E+00    0.8335849819E+00    0.1777900435E+01    0.3087964437E+01    0.4895153216E+01    0.6943270677E+01    0.9537672662E+01    0.1227799073E+02    0.1540079164E+02    0.1887706103E+02    0.2227630198E+02    0.2665831719E+02
