               #####        0.2000000000        0.2533333333        0.3066666667        0.3600000000        0.4133333333        0.4666666667        0.5200000000        0.5733333333        0.6266666667        0.6800000000        0.7333333333        0.7866666667        0.8400000000        0.8933333333        0.9466666667        1.0000000000
        0.0010000000    0.1513277565E-07    0.2412498128E-07    0.3501510686E-07    0.4761821462E-07    0.6169753568E-07    0.7697490178E-07    0.9314582981E-07    0.1098986134E-06    0.1269336059E-06    0.1439785320E-06    0.1607997484E-06    0.1772072347E-06    0.1930553916E-06    0.2082405997E-06    0.2226956958E-06    0.2363838314E-06
        0.0010948890    0.2156471288E-07    0.3437891518E-07    0.4989773260E-07    0.6785760446E-07    0.8792107275E-07    0.1096918208E-06    0.1327359314E-06    0.1566092072E-06    0.1808846393E-06    0.2051742257E-06    0.2291450163E-06    0.2525262257E-06    0.2751103697E-06    0.2967497876E-06    0.3173487695E-06    0.3368548052E-06
        0.0011987818    0.3071630937E-07    0.4896859379E-07    0.7107329877E-07    0.9665498489E-07    0.1252328945E-06    0.1562426573E-06    0.1890661815E-06    0.2230707529E-06    0.2576481453E-06    0.2922456959E-06    0.3263891574E-06    0.3596928283E-06    0.3918611728E-06    0.4226838661E-06    0.4520245815E-06    0.4798085252E-06
        0.0013125330    0.4372736185E-07    0.6971111099E-07    0.1011791606E-06    0.1375969922E-06    0.1782800572E-06    0.2224251450E-06    0.2691522994E-06    0.3175607819E-06    0.3667847219E-06    0.4160373534E-06    0.4646435432E-06    0.5120542103E-06    0.5578486335E-06    0.6017273973E-06    0.6434964293E-06    0.6830492545E-06
        0.0014370779    0.6221479436E-07    0.9918421156E-07    0.1439566976E-06    0.1957716690E-06    0.2536549138E-06    0.3164639923E-06    0.3829468356E-06    0.4518218589E-06    0.5218570992E-06    0.5919331514E-06    0.6610894422E-06    0.7285447440E-06    0.7937004590E-06    0.8561305831E-06    0.9155589933E-06    0.9718341994E-06
        0.0015734408    0.8845809092E-07    0.1410219150E-06    0.2046803918E-06    0.2783519864E-06    0.3606511449E-06    0.4499541134E-06    0.5444805533E-06    0.6424082445E-06    0.7419855401E-06    0.8416208440E-06    0.9399483937E-06    0.1035857423E-05    0.1128496836E-05    0.1217260932E-05    0.1301757117E-05    0.1381770003E-05
        0.0017227429    0.1256809973E-06    0.2003636154E-06    0.2908096671E-06    0.3954823104E-06    0.5124122921E-06    0.6392935445E-06    0.7735963670E-06    0.9127316882E-06    0.1054210738E-05    0.1195772171E-05    0.1335475511E-05    0.1471742581E-05    0.1603364144E-05    0.1729479627E-05    0.1849531235E-05    0.1963212951E-05
        0.0018862122    0.1784249335E-06    0.2844493929E-06    0.4128529496E-06    0.5614534797E-06    0.7274542115E-06    0.9075828629E-06    0.1098247783E-05    0.1295773246E-05    0.1496625973E-05    0.1697595591E-05    0.1895927267E-05    0.2089380508E-05    0.2276238603E-05    0.2455279830E-05    0.2625712315E-05    0.2787101622E-05
        0.0020651929    0.2530769969E-06    0.4034617802E-06    0.5855894496E-06    0.7963643694E-06    0.1031817817E-05    0.1287310950E-05    0.1557748869E-05    0.1837917761E-05    0.2122805939E-05    0.2407859795E-05    0.2689171870E-05    0.2963564252E-05    0.3228601960E-05    0.3482552123E-05    0.3724291561E-05    0.3953204088E-05
        0.0022611570    0.3585976086E-06    0.5716858171E-06    0.8297529304E-06    0.1128411743E-05    0.1462035813E-05    0.1824056277E-05    0.2207253080E-05    0.2604238199E-05    0.3007910148E-05    0.3411816631E-05    0.3810420946E-05    0.4199220122E-05    0.4574763912E-05    0.4934596936E-05    0.5277127730E-05    0.5601483216E-05
        0.0024757158    0.5075323657E-06    0.8091222038E-06    0.1174373148E-05    0.1597074513E-05    0.2069258185E-05    0.2581633841E-05    0.3123981404E-05    0.3685843909E-05    0.4257170146E-05    0.4828827910E-05    0.5392980920E-05    0.5943255962E-05    0.6474769811E-05    0.6984047336E-05    0.7468836138E-05    0.7927900580E-05
        0.0027106339    0.7174845748E-06    0.1143834908E-05    0.1660183341E-05    0.2257747805E-05    0.2925255991E-05    0.3649585415E-05    0.4416286075E-05    0.5210574397E-05    0.6018240755E-05    0.6826375021E-05    0.7623899171E-05    0.8401803497E-05    0.9153184712E-05    0.9873130178E-05    0.1055845581E-04    0.1120741494E-04
        0.0029678432    0.1012891125E-05    0.1614782403E-05    0.2343729769E-05    0.3187331819E-05    0.4129661983E-05    0.5152212794E-05    0.6234581347E-05    0.7355895882E-05    0.8496095443E-05    0.9636954152E-05    0.1076283273E-04    0.1186101181E-04    0.1292174586E-04    0.1393809968E-04    0.1490557837E-04    0.1582171626E-04
        0.0032494587    0.1427757603E-05    0.2276178205E-05    0.3303701048E-05    0.4492839577E-05    0.5821122273E-05    0.7262490312E-05    0.8788178455E-05    0.1036876379E-04    0.1197596719E-04    0.1358409712E-04    0.1517110838E-04    0.1671907174E-04    0.1821425000E-04    0.1964686759E-04    0.2101058882E-04    0.2230193846E-04
        0.0035577965    0.2009459845E-05    0.3203551668E-05    0.4649725507E-05    0.6323361186E-05    0.8192796213E-05    0.1022140193E-04    0.1236868450E-04    0.1459322948E-04    0.1685523360E-04    0.1911853698E-04    0.2135211221E-04    0.2353072486E-04    0.2563504089E-04    0.2765130229E-04    0.2957059254E-04    0.3138802114E-04
        0.0038953921    0.2822997412E-05    0.4500529380E-05    0.6532214852E-05    0.8883451280E-05    0.1150969913E-04    0.1435957695E-04    0.1737618245E-04    0.2050132780E-04    0.2367909083E-04    0.2685867043E-04    0.2999647671E-04    0.3305705837E-04    0.3601325392E-04    0.3884573602E-04    0.4154197916E-04    0.4409511400E-04
        0.0042650218    0.3958199011E-05    0.6310322903E-05    0.9159039317E-05    0.1245580728E-04    0.1613808097E-04    0.2013394101E-04    0.2436358010E-04    0.2874540054E-04    0.3320098486E-04    0.3765910032E-04    0.4205862682E-04    0.4634985604E-04    0.5049470423E-04    0.5446607320E-04    0.5824640223E-04    0.6182606169E-04
        0.0046697254    0.5538014039E-05    0.8828948422E-05    0.1281471757E-04    0.1742736827E-04    0.2257923405E-04    0.2816989126E-04    0.3408764247E-04    0.4021830389E-04    0.4645214677E-04    0.5268950205E-04    0.5884485227E-04    0.6484864737E-04    0.7064760369E-04    0.7620380957E-04    0.8149269841E-04    0.8650080084E-04
        0.0051128308    0.7730861422E-05    0.1232491530E-04    0.1788899734E-04    0.2432818572E-04    0.3151984399E-04    0.3932410849E-04    0.4758499437E-04    0.5614307437E-04    0.6484514904E-04    0.7355207429E-04    0.8214446589E-04    0.9052523125E-04    0.9861998884E-04    0.1063758193E-03    0.1137584341E-03    0.1207490372E-03
        0.0055979820    0.1076449395E-04    0.1716133168E-04    0.2490894674E-04    0.3387507033E-04    0.4388852142E-04    0.5475507616E-04    0.6625744504E-04    0.7817358887E-04    0.9029015375E-04    0.1024133774E-03    0.1143770196E-03    0.1260458824E-03    0.1373163978E-03    0.1481148875E-03    0.1583936179E-03    0.1681264294E-03
        0.0061291687    0.1494820022E-04    0.2383130373E-04    0.3459034434E-04    0.4704148671E-04    0.6094632970E-04    0.7603600577E-04    0.9200862126E-04    0.1085557528E-03    0.1253810592E-03    0.1422154407E-03    0.1588280306E-03    0.1750310757E-03    0.1906807571E-03    0.2056747743E-03    0.2199468592E-03    0.2334607073E-03
        0.0067107592    0.2069520042E-04    0.3299364638E-04    0.4788952766E-04    0.6512807571E-04    0.8437810700E-04    0.1052687415E-03    0.1273817741E-03    0.1502900589E-03    0.1735832109E-03    0.1968886184E-03    0.2198866279E-03    0.2423172854E-03    0.2639814841E-03    0.2847376155E-03    0.3044939668E-03    0.3232003153E-03
        0.0073475362    0.2855963753E-04    0.4553186643E-04    0.6608902959E-04    0.8987913311E-04    0.1164433008E-03    0.1452718925E-03    0.1757873874E-03    0.2074000742E-03    0.2395434242E-03    0.2717031349E-03    0.3034380316E-03    0.3343893463E-03    0.3642823172E-03    0.3929215650E-03    0.4201805826E-03    0.4459901331E-03
        0.0080447363    0.3927125602E-04    0.6260946495E-04    0.9087788782E-04    0.1235918541E-03    0.1601173826E-03    0.1997571809E-03    0.2417164937E-03    0.2851840225E-03    0.3293804259E-03    0.3735983434E-03    0.4172310473E-03    0.4597851609E-03    0.5008828866E-03    0.5402556407E-03    0.5777295718E-03    0.6132096015E-03
        0.0088080930    0.5379392789E-04    0.8576326712E-04    0.1244871719E-03    0.1693006863E-03    0.2193304993E-03    0.2736270475E-03    0.3311006661E-03    0.3906393495E-03    0.4511749904E-03    0.5117383600E-03    0.5714982112E-03    0.6297786326E-03    0.6860621475E-03    0.7399809819E-03    0.7912971785E-03    0.8398807230E-03
        0.0096438838    0.7337343582E-04    0.1169796393E-03    0.1698007078E-03    0.2309279778E-03    0.2991623404E-03    0.3732175461E-03    0.4516057150E-03    0.5328089560E-03    0.6153694423E-03    0.6979646818E-03    0.7794606185E-03    0.8589351898E-03    0.9356826320E-03    0.1009201549E-02    0.1079167700E-02    0.1145404146E-02
        0.0105589819    0.9960673014E-04    0.1588049620E-03    0.2305155774E-03    0.3135023515E-03    0.4061245745E-03    0.5066503505E-03    0.6130572724E-03    0.7232828443E-03    0.8353463940E-03    0.9474517524E-03    0.1058058959E-02    0.1165916055E-02    0.1270065058E-02    0.1369825723E-02    0.1464758463E-02    0.1554623772E-02
        0.0115609128    0.1345323227E-03    0.2144898426E-03    0.3113516893E-03    0.4234439008E-03    0.5485296173E-03    0.6842922972E-03    0.8279963290E-03    0.9768528568E-03    0.1128183964E-02    0.1279562233E-02    0.1428906980E-02    0.1574526879E-02    0.1715128251E-02    0.1849793069E-02    0.1977928614E-02    0.2099212610E-02
        0.0126579159    0.1806729703E-03    0.2880572915E-03    0.4181510682E-03    0.5686994304E-03    0.7366646278E-03    0.9189714773E-03    0.1111939666E-02    0.1311818579E-02    0.1515007220E-02    0.1718243177E-02    0.1918730863E-02    0.2114198242E-02    0.2302908319E-02    0.2483629489E-02    0.2655567494E-02    0.2818291618E-02
        0.0138590124    0.2411108924E-03    0.3844228532E-03    0.5580527656E-03    0.7589807134E-03    0.9830984172E-03    0.1226358714E-02    0.1483839952E-02    0.1750528206E-02    0.2021610134E-02    0.2292727849E-02    0.2560148443E-02    0.2820838824E-02    0.3072481641E-02    0.3313435516E-02    0.3542643516E-02    0.3759534433E-02
        0.0151740797    0.3195183265E-03    0.5094436107E-03    0.7395647439E-03    0.1005862753E-02    0.1302805981E-02    0.1625120583E-02    0.1966268362E-02    0.2319590694E-02    0.2678696091E-02    0.3037802608E-02    0.3391959886E-02    0.3737146883E-02    0.4070293952E-02    0.4389229805E-02    0.4692558972E-02    0.4979530618E-02
        0.0166139325    0.4201651814E-03    0.6699307695E-03    0.9725831833E-03    0.1322810681E-02    0.1713199073E-02    0.2136953774E-02    0.2585451995E-02    0.3049914572E-02    0.3521915509E-02    0.3993840235E-02    0.4459173380E-02    0.4912624870E-02    0.5350160557E-02    0.5768931875E-02    0.6167112626E-02    0.6543725835E-02
        0.0181904113    0.5477848492E-03    0.8734362814E-03    0.1268084276E-02    0.1724761583E-02    0.2233578314E-02    0.2785896067E-02    0.3370434135E-02    0.3975709574E-02    0.4590702525E-02    0.5205467297E-02    0.5811500729E-02    0.6401902537E-02    0.6971417812E-02    0.7516344298E-02    0.8034316099E-02    0.8524076898E-02
        0.0199164806    0.7074585246E-03    0.1128069160E-02    0.1637859694E-02    0.2227766091E-02    0.2884659902E-02    0.3597727670E-02    0.4352340938E-02    0.5133610334E-02    0.5927248180E-02    0.6720380796E-02    0.7502013174E-02    0.8263229256E-02    0.8997250943E-02    0.9699316592E-02    0.1036639586E-01    0.1099689506E-01
        0.0218063349    0.9043067679E-03    0.1442005058E-02    0.2093808183E-02    0.2848027772E-02    0.3687319923E-02    0.4598394838E-02    0.5562463950E-02    0.6560401945E-02    0.7573857422E-02    0.8586329946E-02    0.9583746093E-02    0.1055470402E-01    0.1149055542E-01    0.1238524727E-01    0.1323494767E-01    0.1403766647E-01
        0.0238755154    0.1143160267E-02    0.1822963805E-02    0.2647183090E-02    0.3600885694E-02    0.4661263529E-02    0.5812339763E-02    0.7030230711E-02    0.8290616166E-02    0.9570160076E-02    0.1084793648E-01    0.1210612862E-01    0.1333031898E-01    0.1450960319E-01    0.1563638499E-01    0.1670588761E-01    0.1771566983E-01
        0.0261410384    0.1428331775E-02    0.2277850228E-02    0.3308081155E-02    0.4500130677E-02    0.5824126449E-02    0.7261372657E-02    0.8781837644E-02    0.1035491826E-01    0.1195124686E-01    0.1354457895E-01    0.1511261966E-01    0.1663735417E-01    0.1810520626E-01    0.1950677407E-01    0.2083619442E-01    0.2209053167E-01
        0.0286215345    0.1763902815E-02    0.2813218243E-02    0.4086131900E-02    0.5558961631E-02    0.7192699325E-02    0.8966194185E-02    0.1084209662E-01    0.1278229636E-01    0.1475021194E-01    0.1671329424E-01    0.1864397123E-01    0.2052000315E-01    0.2232470373E-01    0.2404660093E-01    0.2567861249E-01    0.2721728210E-01
        0.0313374022    0.2153992635E-02    0.3435711155E-02    0.4991162052E-02    0.6790920921E-02    0.8784127104E-02    0.1094789628E-01    0.1323627409E-01    0.1560227021E-01    0.1800075501E-01    0.2039179366E-01    0.2274167779E-01    0.2502327249E-01    0.2721632589E-01    0.2930703537E-01    0.3128697997E-01    0.3315217595E-01
        0.0343109759    0.2605020673E-02    0.4155682460E-02    0.6038483250E-02    0.8217122679E-02    0.1062523473E-01    0.1323957853E-01    0.1600415187E-01    0.1886150268E-01    0.2175640187E-01    0.2464031355E-01    0.2747244728E-01    0.3022003722E-01    0.3285877744E-01    0.3537226873E-01    0.3775063629E-01    0.3998937498E-01
        0.0375667089    0.3129557103E-02    0.4993349161E-02    0.7257861500E-02    0.9878487011E-02    0.1276827579E-01    0.1590591614E-01    0.1922364709E-01    0.2265162158E-01    0.2612259512E-01    0.2957797713E-01    0.3296878383E-01    0.3625574898E-01    0.3940993993E-01    0.4241205333E-01    0.4525062207E-01    0.4792061847E-01
        0.0411313750    0.3751503756E-02    0.5987062595E-02    0.8705561549E-02    0.1185213963E-01    0.1531194825E-01    0.1906916301E-01    0.2304207190E-01    0.2714588732E-01    0.3129880490E-01    0.3543029549E-01    0.3948175542E-01    0.4340628624E-01    0.4716957457E-01    0.5074899568E-01    0.5413127910E-01    0.5731083579E-01
        0.0450342886    0.4504931125E-02    0.7191481733E-02    0.1046177221E-01    0.1424797709E-01    0.1839669104E-01    0.2290307740E-01    0.2766863293E-01    0.3259023139E-01    0.3756807867E-01    0.4251722431E-01    0.4736757148E-01    0.5206307086E-01    0.5656299435E-01    0.6084079776E-01    0.6488106970E-01    0.6867755042E-01
        0.0493075457    0.5451005022E-02    0.8704497333E-02    0.1266963006E-01    0.1726151381E-01    0.2227207815E-01    0.2771583123E-01    0.3347344675E-01    0.3941855650E-01    0.4542841021E-01    0.5140008397E-01    0.5724930152E-01    0.6290865469E-01    0.6832947856E-01    0.7348041308E-01    0.7834339100E-01    0.8291130995E-01
        0.0539862877    0.6669661336E-02    0.1065392699E-01    0.1551591651E-01    0.2114750594E-01    0.2726163178E-01    0.3390509033E-01    0.4093217994E-01    0.4818637220E-01    0.5551491775E-01    0.6279197268E-01    0.6991535326E-01    0.7680321399E-01    0.8339685779E-01    0.8965891946E-01    0.9556804594E-01    0.1011161652E+00
        0.0591089906    0.8214365768E-02    0.1312558360E-01    0.1912705029E-01    0.2607914051E-01    0.3358106304E-01    0.4173242413E-01    0.5035495435E-01    0.5925355152E-01    0.6823667150E-01    0.7714960805E-01    0.8586783749E-01    0.9429138367E-01    0.1023490903E+00    0.1099963295E+00    0.1172079021E+00    0.1239748230E+00
        0.0647177816    0.1010276470E-01    0.1614854019E-01    0.2354808877E-01    0.3212006512E-01    0.4130251437E-01    0.5127974178E-01    0.6183535559E-01    0.7272640290E-01    0.8371230976E-01    0.9460295911E-01    0.1052467181E+00    0.1155215232E+00    0.1253413617E+00    0.1346533351E+00    0.1434281319E+00    0.1516562128E+00
        0.0708587849    0.1225550590E-01    0.1959849576E-01    0.2860409688E-01    0.3903880077E-01    0.5011991477E-01    0.6216416571E-01    0.7491503653E-01    0.8807337861E-01    0.1013391675E+00    0.1144808387E+00    0.1273154998E+00    0.1396955706E+00    0.1515183588E+00    0.1627221609E+00    0.1732735159E+00    0.1831626918E+00
        0.0775825017    0.1443028815E-01    0.2309460406E-01    0.3375379045E-01    0.4611591935E-01    0.5911239685E-01    0.7325905562E-01    0.8826515110E-01    0.1037707289E+00    0.1194079092E+00    0.1348998686E+00    0.1500301544E+00    0.1646234741E+00    0.1785592226E+00    0.1917662385E+00    0.2042061467E+00    0.2158682558E+00
        0.0849442250    0.1638185060E-01    0.2625489378E-01    0.3846089055E-01    0.5264938605E-01    0.6739823828E-01    0.8350754082E-01    0.1006652249E+00    0.1184479699E+00    0.1364126859E+00    0.1542350883E+00    0.1716640420E+00    0.1884946275E+00    0.2045863822E+00    0.2198565048E+00    0.2342589617E+00    0.2477792205E+00
        0.0930044946    0.1815153412E-01    0.2915475949E-01    0.4285437288E-01    0.5884044089E-01    0.7525196364E-01    0.9327766009E-01    0.1125945561E+00    0.1327074713E+00    0.1530867070E+00    0.1733567607E+00    0.1932293810E+00    0.2124662612E+00    0.2309029315E+00    0.2484405580E+00    0.2650207647E+00    0.2806207952E+00
        0.1018295948    0.2023582461E-01    0.3259027565E-01    0.4810199605E-01    0.6628121812E-01    0.8468307962E-01    0.1050236806E+00    0.1269645797E+00    0.1499149340E+00    0.1732370838E+00    0.1964958834E+00    0.2193602027E+00    0.2415516273E+00    0.2628756052E+00    0.2832121425E+00    0.3024859990E+00    0.3206627273E+00
        0.1114920997    0.2351623417E-01    0.3796129269E-01    0.5623231957E-01    0.7769179751E-01    0.9904457903E-01    0.1227475195E+00    0.1484207361E+00    0.1753336373E+00    0.2027059425E+00    0.2300291972E+00    0.2569210376E+00    0.2830549995E+00    0.3082013925E+00    0.3322167436E+00    0.3550080304E+00    0.3765296920E+00
        0.1220714697    0.2835936845E-01    0.4585086615E-01    0.6809294040E-01    0.9418352206E-01    0.1196064895E+00    0.1478709853E+00    0.1785270384E+00    0.2106552755E+00    0.2432949737E+00    0.2758508739E+00    0.3078815996E+00    0.3390055017E+00    0.3689545099E+00    0.3975617859E+00    0.4247179811E+00    0.4503691798E+00
        0.1336547051    0.3358418183E-01    0.5441932303E-01    0.8107946135E-01    0.1122951304E+00    0.1420321621E+00    0.1751918172E+00    0.2112593137E+00    0.2491029858E+00    0.2875583818E+00    0.3259328393E+00    0.3637154706E+00    0.4004571232E+00    0.4358411438E+00    0.4696695417E+00    0.5018100902E+00    0.5321955028E+00
        0.1463370617    0.3734781244E-01    0.6082516000E-01    0.9120879902E-01    0.1268382534E+00    0.1600896305E+00    0.1975105964E+00    0.2385640880E+00    0.2819104401E+00    0.3261684165E+00    0.3705293373E+00    0.4143877511E+00    0.4571980883E+00    0.4985669758E+00    0.5382398034E+00    0.5760388808E+00    0.6118644685E+00
        0.1602228341    0.4012650719E-01    0.6586978417E-01    0.9968952841E-01    0.1395004895E+00    0.1760166256E+00    0.2176888725E+00    0.2639786581E+00    0.3133179127E+00    0.3640712658E+00    0.4152782130E+00    0.4662019223E+00    0.5161630859E+00    0.5646584789E+00    0.6113492213E+00    0.6559891757E+00    0.6984280622E+00
        0.1754262130    0.4543853984E-01    0.7503914785E-01    0.1142574110E+00    0.1603194131E+00    0.2017398861E+00    0.2494878461E+00    0.3029666629E+00    0.3602860407E+00    0.4194794676E+00    0.4794049431E+00    0.5391808381E+00    0.5979846275E+00    0.6552010543E+00    0.7104097375E+00    0.7632996895E+00    0.8136746216E+00
        0.1920722248    0.5362347165E-01    0.8882703230E-01    0.1355194850E+00    0.1899302149E+00    0.2377478975E+00    0.2932282376E+00    0.3556579598E+00    0.4227316818E+00    0.4920845911E+00    0.5623814560E+00    0.6325981879E+00    0.7017700329E+00    0.7691735745E+00    0.8343118900E+00    0.8968117656E+00    0.9564324565E+00
        0.2102977595    0.5970424853E-01    0.9961846092E-01    0.1529387282E+00    0.2150328177E+00    0.2688117659E+00    0.3320122426E+00    0.4038358859E+00    0.4815372271E+00    0.5622944542E+00    0.6445182543E+00    0.7269774019E+00    0.8084979015E+00    0.8881875227E+00    0.9654214841E+00    0.1039721500E+01    0.1110768450E+01
        0.2302526962    0.6462425461E-01    0.1089535135E+00    0.1688372409E+00    0.2389103137E+00    0.2991456487E+00    0.3710374036E+00    0.4537130366E+00    0.5439227309E+00    0.6382912782E+00    0.7348952406E+00    0.8322227239E+00    0.9288203650E+00    0.1023569223E+01    0.1115671796E+01    0.1204509417E+01    0.1289658437E+01
        0.2521011363    0.7402469287E-01    0.1253230494E+00    0.1947554602E+00    0.2758311488E+00    0.3445228843E+00    0.4272979042E+00    0.5231750474E+00    0.6283042223E+00    0.7386910008E+00    0.8520866202E+00    0.9667142406E+00    0.1080842032E+01    0.1193121058E+01    0.1302574415E+01    0.1408430745E+01    0.1510147829E+01
        0.2760227522    0.8254794637E-01    0.1407122994E+00    0.2199851372E+00    0.3128412522E+00    0.3908505833E+00    0.4859688578E+00    0.5971466609E+00    0.7198571052E+00    0.8493668924E+00    0.9830079645E+00    0.1118649622E+01    0.1254192134E+01    0.1387980050E+01    0.1518795335E+01    0.1645663215E+01    0.1767883443E+01
        0.3022142655    0.9051416103E-01    0.1557562511E+00    0.2456798555E+00    0.3517641869E+00    0.4405782256E+00    0.5502206702E+00    0.6796028638E+00    0.8234079943E+00    0.9760102233E+00    0.1134213947E+01    0.1295440024E+01    0.1457128311E+01    0.1617239942E+01    0.1774254688E+01    0.1926943741E+01    0.2074408850E+01
        0.3308910644    0.1018125342E+00    0.1761237135E+00    0.2792490569E+00    0.4013100862E+00    0.5027250487E+00    0.6292764685E+00    0.7799068187E+00    0.9484278809E+00    0.1128216489E+01    0.1315500745E+01    0.1507194420E+01    0.1700194670E+01    0.1891997452E+01    0.2080705545E+01    0.2264767190E+01    0.2443027018E+01
        0.3622889751    0.1116389614E+00    0.1951305647E+00    0.3125235528E+00    0.4526584056E+00    0.5690052700E+00    0.7158405510E+00    0.8921743927E+00    0.1090777091E+01    0.1303801492E+01    0.1526739616E+01    0.1755861458E+01    0.1987389853E+01    0.2218246223E+01    0.2446068609E+01    0.2668909123E+01    0.2885296323E+01
        0.3966662010    0.1241309359E+00    0.2186709506E+00    0.3529994769E+00    0.5143838213E+00    0.6480595256E+00    0.8186442336E+00    0.1025327368E+01    0.1259708473E+01    0.1512525698E+01    0.1778407070E+01    0.2052844490E+01    0.2331232884E+01    0.2609778374E+01    0.2885532879E+01    0.3156047290E+01    0.3419446973E+01
        0.4343054463    0.1365166408E+00    0.2431763107E+00    0.3967850669E+00    0.5829667992E+00    0.7374091896E+00    0.9366014655E+00    0.1179988421E+01    0.1457791900E+01    0.1759059386E+01    0.2077367787E+01    0.2407258663E+01    0.2743119035E+01    0.3080281519E+01    0.3415078439E+01    0.3744445484E+01    0.4066010199E+01
        0.4755162407    0.1507244268E+00    0.2713828886E+00    0.4474223601E+00    0.6626415515E+00    0.8416076561E+00    0.1074896563E+01    0.1362334896E+01    0.1692543600E+01    0.2052563752E+01    0.2434696121E+01    0.2832313561E+01    0.3238564670E+01    0.3647705331E+01    0.4055177087E+01    0.4457156506E+01    0.4850654508E+01
        0.5206374847    0.1660094616E+00    0.3025929840E+00    0.5046669250E+00    0.7540717794E+00    0.9624321999E+00    0.1236807354E+01    0.1577532473E+01    0.1971345294E+01    0.2402894409E+01    0.2862930206E+01    0.3343396385E+01    0.3835932532E+01    0.4333481337E+01    0.4830395153E+01    0.5321926609E+01    0.5804333578E+01
        0.5700402368    0.1827472489E+00    0.3375880417E+00    0.5700151624E+00    0.8597741946E+00    0.1103436488E+01    0.1427405721E+01    0.1832668461E+01    0.2303732018E+01    0.2822382147E+01    0.3377479309E+01    0.3959218356E+01    0.4557404196E+01    0.5163386041E+01    0.5770194497E+01    0.6371969378E+01    0.6964059576E+01
        0.6241307649    0.2012348256E+00    0.3770901004E+00    0.6450127520E+00    0.9825338336E+00    0.1268732582E+01    0.1652716277E+01    0.2136263762E+01    0.2701211554E+01    0.3325903409E+01    0.3996890068E+01    0.4702230369E+01    0.5429510127E+01    0.6168161213E+01    0.6909627857E+01    0.7646728496E+01    0.8373731176E+01
        0.6833538873    0.2216367145E+00    0.4217584730E+00    0.7313325725E+00    0.1125565831E+01    0.1463208384E+01    0.1919972701E+01    0.2498554630E+01    0.3177559989E+01    0.3931179749E+01    0.4743141406E+01    0.5598906445E+01    0.6483396941E+01    0.7383763175E+01    0.8289571428E+01    0.9192098566E+01    0.1008435039E+02
        0.7481966305    0.2442418712E+00    0.4724886614E+00    0.8310845604E+00    0.1292816167E+01    0.1692812321E+01    0.2237916955E+01    0.2931819254E+01    0.3749171968E+01    0.4659138073E+01    0.5641997287E+01    0.6680072469E+01    0.7755119389E+01    0.8851610671E+01    0.9956926552E+01    0.1106058420E+02    0.1215414676E+02
        0.8191922345    0.2694012230E+00    0.5303649560E+00    0.9468211061E+00    0.1489049834E+01    0.1964728890E+01    0.2617054076E+01    0.3450688006E+01    0.4435392434E+01    0.5534227488E+01    0.6723275665E+01    0.7981101037E+01    0.9285743086E+01    0.1061858601E+02    0.1196451704E+02    0.1331109846E+02    0.1464828658E+02
        0.8969245379    0.2975068609E+00    0.5966591887E+00    0.1081573100E+01    0.1719931499E+01    0.2287499402E+01    0.3069794186E+01    0.4072269343E+01    0.5258579421E+01    0.6584372624E+01    0.8020652997E+01    0.9541538371E+01    0.1112077652E+02    0.1273626579E+02    0.1437012060E+02    0.1600780478E+02    0.1763753928E+02
        0.9820327791    0.3290427704E+00    0.6729175746E+00    0.1238997257E+01    0.1992242895E+01    0.2671290347E+01    0.3610745193E+01    0.4816415576E+01    0.6244281268E+01    0.7841004850E+01    0.9571504418E+01    0.1140472387E+02    0.1330955489E+02    0.1526006635E+02    0.1723538147E+02    0.1921880941E+02    0.2119676495E+02
        1.0752168532    0.3645756850E+00    0.7609816868E+00    0.1423444652E+01    0.2313991967E+01    0.3128015093E+01    0.4256790989E+01    0.5705678790E+01    0.7420990790E+01    0.9338551227E+01    0.1141608601E+02    0.1361664603E+02    0.1590376754E+02    0.1824745339E+02    0.2062371909E+02    0.2301379043E+02    0.2540228398E+02
        1.1772430677    0.4047865065E+00    0.8630566224E+00    0.1640085289E+01    0.2694577242E+01    0.3671489370E+01    0.5027160501E+01    0.6765196873E+01    0.8819762496E+01    0.1111372586E+02    0.1359647467E+02    0.1622453164E+02    0.1895571477E+02    0.2175589460E+02    0.2459800601E+02    0.2746142921E+02    0.3032908368E+02
        1.2889504441    0.4504800806E+00    0.9817712931E+00    0.1895023174E+01    0.3144916036E+01    0.4317501995E+01    0.5943336377E+01    0.8022330144E+01    0.1047349837E+02    0.1320443174E+02    0.1615509379E+02    0.1927503139E+02    0.2251620325E+02    0.2584051755E+02    0.2921803360E+02    0.3262671985E+02    0.3604799335E+02
        1.4112576178    0.5026094320E+00    0.1120234151E+01    0.2195378594E+01    0.3677487354E+01    0.5083731429E+01    0.7028718573E+01    0.9505963697E+01    0.1241583896E+02    0.1564825429E+02    0.1913286922E+02    0.2281212275E+02    0.2663228388E+02    0.3055176183E+02    0.3453813856E+02    0.3856860936E+02    0.4262335658E+02
        1.5451703927    0.5622989370E+00    0.1282102108E+01    0.2549376784E+01    0.4306340714E+01    0.5989565734E+01    0.8308124506E+01    0.1124560956E+02    0.1467987579E+02    0.1848086724E+02    0.2256745482E+02    0.2687529214E+02    0.3134551428E+02    0.3593381902E+02    0.4060588488E+02    0.4533895378E+02    0.5011226778E+02
        1.6917900122    0.6308755910E+00    0.1471655331E+01    0.2966414775E+01    0.5047022167E+01    0.7055770711E+01    0.9807087364E+01    0.1327031788E+02    0.1729676881E+02    0.2173452484E+02    0.2649179354E+02    0.3149834566E+02    0.3669116134E+02    0.4202432295E+02    0.4746229265E+02    0.5298329511E+02    0.5856588342E+02
        1.8523222157    0.7098720214E+00    0.1693806352E+01    0.3456978216E+01    0.5916230041E+01    0.8303802158E+01    0.1155075694E+02    0.1560723574E+02    0.2029415649E+02    0.2543657514E+02    0.3093297836E+02    0.3670881223E+02    0.4269827443E+02    0.4885515516E+02    0.5514338844E+02    0.6154312712E+02    0.6803236405E+02
        2.0280871538    0.8010592898E+00    0.1954146260E+01    0.4032574257E+01    0.6931453515E+01    0.9755099814E+01    0.1356287376E+02    0.1828045100E+02    0.2369516369E+02    0.2960893631E+02    0.3591244072E+02    0.4252899387E+02    0.4939165340E+02    0.5645531029E+02    0.6368390898E+02    0.7106035077E+02    0.7856201270E+02
        2.2205302450    0.9064487361E+00    0.2258908311E+01    0.4705476576E+01    0.8110320354E+01    0.1143009095E+02    0.1586456225E+02    0.2130987202E+02    0.2751771966E+02    0.3426814663E+02    0.4144690310E+02    0.4897785582E+02    0.5679460615E+02    0.6485438548E+02    0.7312138118E+02    0.8158181163E+02    0.9021219270E+02
        2.4312340620    0.1033292698E+01    0.2624875607E+01    0.5505638079E+01    0.9495102162E+01    0.1337635729E+02    0.1850748836E+02    0.2475073485E+02    0.3182114579E+02    0.3947910814E+02    0.4760904801E+02    0.5613819980E+02    0.6500207306E+02    0.7416107050E+02    0.8357946000E+02    0.9324704644E+02    0.1031391473E+03
        2.6619313461    0.1176402134E+01    0.3044112920E+01    0.6419469042E+01    0.1106282593E+02    0.1556456263E+02    0.2145215938E+02    0.2855115725E+02    0.3654178797E+02    0.4516921114E+02    0.5432078720E+02    0.6392972067E+02    0.7393425513E+02    0.8429822228E+02    0.9498540955E+02    0.1059892048E+03    0.1172834459E+03
        2.9145192568    0.1341966387E+01    0.3531052057E+01    0.7470888025E+01    0.1284402673E+02    0.1802652322E+02    0.2473081449E+02    0.3274480535E+02    0.4171737485E+02    0.5138360729E+02    0.6163786309E+02    0.7242110614E+02    0.8367424879E+02    0.9536419652E+02    0.1074535464E+03    0.1199392513E+03    0.1327936966E+03
        3.1910749729    0.1532626597E+01    0.4092735438E+01    0.8669766453E+01    0.1484733600E+02    0.2076813801E+02    0.2834578466E+02    0.3733180834E+02    0.4734908949E+02    0.5812833041E+02    0.6957418019E+02    0.8163593110E+02    0.9425624200E+02    0.1074043939E+03    0.1210413310E+03    0.1351678643E+03    0.1497553942E+03
        3.4938727747    0.1750782352E+01    0.4735117558E+01    0.1002269141E+02    0.1707565207E+02    0.2378890734E+02    0.3229319524E+02    0.4230714191E+02    0.5343450970E+02    0.6540715658E+02    0.7814186600E+02    0.9159544378E+02    0.1057109048E+03    0.1204594295E+03    0.1358005356E+03    0.1517397749E+03    0.1682483985E+03
        3.8254027466    0.1997920290E+01    0.5461462149E+01    0.1153024880E+02    0.1952279985E+02    0.2707894265E+02    0.3656008149E+02    0.4765740823E+02    0.5996353158E+02    0.7321611289E+02    0.8734401482E+02    0.1023096934E+03    0.1180554730E+03    0.1345548709E+03    0.1517670827E+03    0.1697038525E+03    0.1883371914E+03
        4.1883912545    0.2273821857E+01    0.6270501844E+01    0.1318410500E+02    0.2217010201E+02    0.3061595857E+02    0.4112135300E+02    0.5335727173E+02    0.6691374399E+02    0.8153731877E+02    0.9716701051E+02    0.1137689981E+03    0.1312852115E+03    0.1496932457E+03    0.1689536223E+03    0.1890858918E+03    0.2100635044E+03
        4.5858233661    0.2578745914E+01    0.7160870911E+01    0.1497515425E+02    0.2499877247E+02    0.3437943891E+02    0.4595590755E+02    0.5938770623E+02    0.7427053632E+02    0.9036064259E+02    0.1076041798E+03    0.1259705255E+03    0.1454034236E+03    0.1658872073E+03    0.1873851496E+03    0.2099258505E+03    0.2334846387E+03
        5.0209673996    0.2888263524E+01    0.8078520981E+01    0.1680342340E+02    0.2786307540E+02    0.3821463953E+02    0.5089539982E+02    0.6556386879E+02    0.8183139733E+02    0.9946487331E+02    0.1184157224E+03    0.1386587527E+03    0.1601433233E+03    0.1828629773E+03    0.2067842527E+03    0.2319453357E+03    0.2583238884E+03
        5.4974018001    0.3197273956E+01    0.9008564255E+01    0.1863767650E+02    0.3071827889E+02    0.4208192688E+02    0.5590466648E+02    0.7185547874E+02    0.8956958900E+02    0.1088248397E+03    0.1295790596E+03    0.1518173146E+03    0.1754981504E+03    0.2006254225E+03    0.2271685343E+03    0.2551751352E+03    0.2846261907E+03
        6.0190445678    0.3535355262E+01    0.1000866428E+02    0.2057205212E+02    0.3369642809E+02    0.4612946318E+02    0.6115596639E+02    0.7846621286E+02    0.9772045393E+02    0.1187061593E+03    0.1413923850E+03    0.1657797627E+03    0.1918373404E+03    0.2195785620E+03    0.2489748763E+03    0.2800832174E+03    0.3128904348E+03
        6.5901854779    0.3930445778E+01    0.1113339644E+02    0.2269492902E+02    0.3691854782E+02    0.5048662415E+02    0.6679604015E+02    0.8556647420E+02    0.1064776034E+03    0.1293268266E+03    0.1541019147E+03    0.1808219256E+03    0.2094647851E+03    0.2400512898E+03    0.2725551159E+03    0.3070445342E+03    0.3435175247E+03
        7.2155213579    0.4391902588E+01    0.1239798075E+02    0.2502683793E+02    0.4040899008E+02    0.5517757947E+02    0.7285428704E+02    0.9319149872E+02    0.1158807416E+03    0.1407351917E+03    0.1677681305E+03    0.1970154427E+03    0.2284600344E+03    0.2621285240E+03    0.2980015482E+03    0.3361651615E+03    0.3766338602E+03
        7.9001947124    0.4924698371E+01    0.1380800133E+02    0.2757179285E+02    0.4416843828E+02    0.6020131160E+02    0.7933250180E+02    0.1013438016E+03    0.1259338805E+03    0.1529421784E+03    0.1824092265E+03    0.2143814988E+03    0.2488439022E+03    0.2858339554E+03    0.3253492187E+03    0.3674996762E+03    0.4123170119E+03
        8.6498360130    0.5533517875E+01    0.1536820413E+02    0.3033232855E+02    0.4819497412E+02    0.6555413764E+02    0.8622913651E+02    0.1100211356E+03    0.1366382744E+03    0.1659561279E+03    0.1980365127E+03    0.2329288708E+03    0.2706259168E+03    0.3111893827E+03    0.3546390267E+03    0.4011071536E+03    0.4506410394E+03
        9.4706100008    0.6222592591E+01    0.1708229315E+02    0.3330908165E+02    0.5248358913E+02    0.7122945637E+02    0.9353844423E+02    0.1192169541E+03    0.1479929003E+03    0.1797804482E+03    0.2146501946E+03    0.2526557473E+03    0.2938151000E+03    0.3382212938E+03    0.3859096811E+03    0.4370298742E+03    0.4916497549E+03
       10.3692663829    0.6995540086E+01    0.1895268533E+02    0.3650035337E+02    0.5702577284E+02    0.7721747599E+02    0.1012498471E+03    0.1289213919E+03    0.1599936632E+03    0.1944097842E+03    0.2322392019E+03    0.2735591896E+03    0.3184241174E+03    0.3669472552E+03    0.4191739855E+03    0.4752772206E+03    0.5353590824E+03
       11.3531953391    0.7855205838E+01    0.2098023015E+02    0.3990168425E+02    0.6180919558E+02    0.8350485974E+02    0.1093478483E+03    0.1391219925E+03    0.1726310482E+03    0.2098273275E+03    0.2507888979E+03    0.2956389738E+03    0.3444543996E+03    0.3973572452E+03    0.4544180646E+03    0.5158503961E+03    0.5817936677E+03
       12.4304882957    0.8803505627E+01    0.2316390973E+02    0.4350546736E+02    0.6681749950E+02    0.9007427224E+02    0.1178126171E+03    0.1498034104E+03    0.1858866259E+03    0.2260085745E+03    0.2702875394E+03    0.3188847389E+03    0.3718808357E+03    0.4294257725E+03    0.4916357809E+03    0.5587603582E+03    0.6309704713E+03
       13.6100044661    0.9841269404E+01    0.2550054099E+02    0.4730062455E+02    0.7203021028E+02    0.9690390956E+02    0.1266209437E+03    0.1609457437E+03    0.1997312924E+03    0.2429297690E+03    0.2907178549E+03    0.3432621562E+03    0.4006674745E+03    0.4631371074E+03    0.5308178101E+03    0.6039858115E+03    0.6828592003E+03
       14.9014437053    0.1096809243E+02    0.2798450489E+02    0.5127236738E+02    0.7742277751E+02    0.1039672186E+03    0.1357468967E+03    0.1725216589E+03    0.2141298692E+03    0.2605674341E+03    0.3120416533E+03    0.3687264041E+03    0.4307874022E+03    0.4984582433E+03    0.5719109111E+03    0.6514777275E+03    0.7374308593E+03
       16.3154262774    0.1218220494E+02    0.3060752987E+02    0.5540206306E+02    0.8296674120E+02    0.1112330583E+03    0.1451615680E+03    0.1844941070E+03    0.2290484504E+03    0.2788850571E+03    0.3342045974E+03    0.3952401882E+03    0.4621929000E+03    0.5353225468E+03    0.6148639752E+03    0.7011954720E+03    0.7946415955E+03
       17.8635801925    0.1348037622E+02    0.3335855830E+02    0.5966722783E+02    0.8863001216E+02    0.1186664008E+03    0.1548317408E+03    0.1968185931E+03    0.2444522240E+03    0.2978251468E+03    0.3571596922E+03    0.4227468367E+03    0.4948098452E+03    0.5736724777E+03    0.6596156663E+03    0.7530616118E+03    0.8544051628E+03
       19.5586368304    0.1485787091E+02    0.3622372500E+02    0.6404167544E+02    0.9437724791E+02    0.1262293849E+03    0.1647176926E+03    0.2094503340E+03    0.2602925752E+03    0.3173277617E+03    0.3808512710E+03    0.4511676005E+03    0.5285708395E+03    0.6134268687E+03    0.7060651456E+03    0.8069872893E+03    0.9166456789E+03
       21.4145356385    0.1630847382E+02    0.3918647080E+02    0.6849584731E+02    0.1001703307E+03    0.1338823273E+03    0.1747715092E+03    0.2223468157E+03    0.2765022467E+03    0.3373396098E+03    0.4051941408E+03    0.4804298708E+03    0.5633847971E+03    0.6544827245E+03    0.7541285091E+03    0.8628604324E+03    0.9812332603E+03
       23.4465387640    0.1782459307E+02    0.4222779988E+02    0.7299733224E+02    0.1059689832E+03    0.1415839594E+03    0.1849405926E+03    0.2354566808E+03    0.2930172643E+03    0.3577813682E+03    0.4301123920E+03    0.5104339078E+03    0.5991500551E+03    0.6967365068E+03    0.8036610790E+03    0.9205672645E+03    0.1048039292E+04
       25.6713565631    0.1939744126E+02    0.4532667413E+02    0.7751154942E+02    0.1117313496E+03    0.1492911095E+03    0.1951745343E+03    0.2487118621E+03    0.3097764801E+03    0.3785663184E+03    0.4555103758E+03    0.5410842237E+03    0.6357413733E+03    0.7400633212E+03    0.8545502816E+03    0.9799232301E+03    0.1116928519E+04
       28.1072850208    0.2101727964E+02    0.4846052473E+02    0.8200252466E+02    0.1174146731E+03    0.1569582710E+03    0.2054242168E+03    0.2620440892E+03    0.3266934042E+03    0.3996164943E+03    0.4812814257E+03    0.5722525194E+03    0.6730582666E+03    0.7842872923E+03    0.9066445036E+03    0.1040805426E+04    0.1187643978E+04
       30.7743562090    0.2267369048E+02    0.5160584204E+02    0.8643381998E+02    0.1229765697E+03    0.1645356787E+03    0.2156368603E+03    0.2753892126E+03    0.3436905642E+03    0.4208132389E+03    0.5073357860E+03    0.6038099915E+03    0.7109249433E+03    0.8293285028E+03    0.9596889112E+03    0.1103044697E+04    0.1260073880E+04
       33.6945030221    0.2435582244E+02    0.5473876279E+02    0.9076955431E+02    0.1283755821E+03    0.1719733366E+03    0.2257477577E+03    0.2886775742E+03    0.3606772614E+03    0.4420851949E+03    0.5334999569E+03    0.6356786173E+03    0.7491678782E+03    0.8749547293E+03    0.1013659261E+04    0.1166256497E+04    0.1334037549E+04
       36.8917395444    0.2605254526E+02    0.5783548994E+02    0.9497489095E+02    0.1335727957E+03    0.1792272750E+03    0.2356913756E+03    0.3018331967E+03    0.3775494418E+03    0.4633059252E+03    0.5597117320E+03    0.6675904220E+03    0.7877764117E+03    0.9208951875E+03    0.1068249403E+04    0.1230528405E+04    0.1408949058E+04
       40.3923585315    0.2775246760E+02    0.6087248872E+02    0.9901674184E+02    0.1385338337E+03    0.1862545251E+03    0.2454276243E+03    0.3147609655E+03    0.3942669304E+03    0.4843105961E+03    0.5858554074E+03    0.6994877240E+03    0.8263265597E+03    0.9672891101E+03    0.1123038689E+04    0.1295448207E+04    0.1485094543E+04
       44.2251476316    0.2944380753E+02    0.6382653411E+02    0.1028639973E+03    0.1432248552E+03    0.1930214528E+03    0.2548808372E+03    0.3274192509E+03    0.4106418333E+03    0.5051351991E+03    0.6115999957E+03    0.7313346443E+03    0.8647543786E+03    0.1013491897E+04    0.1178407296E+04    0.1360397520E+04    0.1561881939E+04
       48.4216261230    0.3111416935E+02    0.6667427300E+02    0.1064859035E+03    0.1476187838E+03    0.1994811118E+03    0.2639837272E+03    0.3397292924E+03    0.4266285464E+03    0.5255003960E+03    0.6371381392E+03    0.7625265441E+03    0.9031907567E+03    0.1059414001E+04    0.1233396393E+04    0.1426099996E+04    0.1638483395E+04
       53.0163041156    0.3275038665E+02    0.6939208567E+02    0.1098545338E+03    0.1516894239E+03    0.2055697354E+03    0.2727370650E+03    0.3515111904E+03    0.4422440505E+03    0.5452490822E+03    0.6621215121E+03    0.7934609351E+03    0.9406392591E+03    0.1105426957E+04    0.1287922913E+04    0.1491128066E+04    0.1716085952E+04
       58.0469663481    0.3433851249E+02    0.7195644094E+02    0.1129415414E+03    0.1553960317E+03    0.2112946191E+03    0.2809747869E+03    0.3628829243E+03    0.4570606401E+03    0.5646505594E+03    0.6861383796E+03    0.8237644287E+03    0.9777606805E+03    0.1150025285E+04    0.1342641075E+04    0.1555507215E+04    0.1792555419E+04
       63.5549829136    0.3586401974E+02    0.7434311422E+02    0.1157163982E+03    0.1587321987E+03    0.2165754782E+03    0.2887013327E+03    0.3736086126E+03    0.4713345455E+03    0.5829440517E+03    0.7098563534E+03    0.8526472459E+03    0.1014149562E+04    0.1194245432E+04    0.1395370926E+04    0.1620205936E+04    0.1868228345E+04
       69.5856494710    0.3731231840E+02    0.7653007839E+02    0.1181638792E+03    0.1616613230E+03    0.2213301119E+03    0.2959512754E+03    0.3834937094E+03    0.4849127327E+03    0.6004410106E+03    0.7321337863E+03    0.8812991076E+03    0.1048564039E+04    0.1237578407E+04    0.1447735168E+04    0.1682132547E+04    0.1944304507E+04
       76.1885597370    0.3866890641E+02    0.7849687510E+02    0.1202525942E+03    0.1641251095E+03    0.2256729605E+03    0.3023578270E+03    0.3929277608E+03    0.4971650267E+03    0.6172498446E+03    0.7532497691E+03    0.9080935501E+03    0.1082876252E+04    0.1278256685E+04    0.1498918682E+04    0.1743871648E+04    0.2016627820E+04
       83.4180133251    0.3991981433E+02    0.8022090831E+02    0.1219574958E+03    0.1662047936E+03    0.2293610907E+03    0.3082322021E+03    0.4012030735E+03    0.5089720988E+03    0.6321754454E+03    0.7737179639E+03    0.9332835271E+03    0.1114748756E+04    0.1319060488E+04    0.1546711702E+04    0.1803837462E+04    0.2089152438E+04
       91.3334622825    0.4105253208E+02    0.8169275513E+02    0.1233045965E+03    0.1677863239E+03    0.2324460938E+03    0.3134010963E+03    0.4085901166E+03    0.5193574723E+03    0.6465961532E+03    0.7916459479E+03    0.9579330370E+03    0.1144575734E+04    0.1356569460E+04    0.1594926534E+04    0.1859726489E+04    0.2158861105E+04
      100.0000000000    0.4205467946E+02    0.8289553366E+02    0.1242237944E+03    0.1688437062E+03    0.2351071122E+03    0.3174369612E+03    0.4153635936E+03    0.5283186721E+03    0.6593064678E+03    0.8089818338E+03    0.9791960464E+03    0.1173938703E+04    0.1391719972E+04    0.1638645734E+04    0.1916348861E+04    0.2224000669E+04
