               #####        0.2000000000        0.2533333333        0.3066666667        0.3600000000        0.4133333333        0.4666666667        0.5200000000        0.5733333333        0.6266666667        0.6800000000        0.7333333333        0.7866666667        0.8400000000        0.8933333333        0.9466666667        1.0000000000
        0.0010000000    0.1040271023E-07    0.1655466603E-07    0.2396471481E-07    0.3247618684E-07    0.4189382381E-07    0.5199540611E-07    0.6254802728E-07    0.7332476755E-07    0.8411947075E-07    0.9475654030E-07    0.1050962837E-06    0.1150347521E-06    0.1245010506E-06    0.1334528224E-06    0.1418704322E-06    0.1497516668E-06
        0.0010948890    0.1455708110E-07    0.2316584916E-07    0.3353513551E-07    0.4544570361E-07    0.5862431786E-07    0.7276001419E-07    0.8752687387E-07    0.1026073557E-06    0.1177129740E-06    0.1325980069E-06    0.1470669750E-06    0.1609744172E-06    0.1742211262E-06    0.1867478299E-06    0.1985270514E-06    0.2095556938E-06
        0.0011987818    0.2032780722E-07    0.3234926786E-07    0.4682915241E-07    0.6346131450E-07    0.8186420228E-07    0.1016035791E-06    0.1222243255E-06    0.1432830202E-06    0.1643768160E-06    0.1851625819E-06    0.2053673464E-06    0.2247879844E-06    0.2432859612E-06    0.2607785076E-06    0.2772272546E-06    0.2926278776E-06
        0.0013125330    0.2833495331E-07    0.4509168079E-07    0.6527520813E-07    0.8845879752E-07    0.1141106035E-06    0.1416253430E-06    0.1703686245E-06    0.1997223626E-06    0.2291250283E-06    0.2580983307E-06    0.2862617747E-06    0.3133322239E-06    0.3391165744E-06    0.3634994546E-06    0.3864273815E-06    0.4078943272E-06
        0.0014370779    0.3944045763E-07    0.6276475934E-07    0.9085894908E-07    0.1231290349E-06    0.1588347216E-06    0.1971334937E-06    0.2371423182E-06    0.2780008597E-06    0.3189275052E-06    0.3592565043E-06    0.3984582317E-06    0.4361385799E-06    0.4720287602E-06    0.5059681828E-06    0.5378824027E-06    0.5677630295E-06
        0.0015734408    0.5483242058E-07    0.8725922286E-07    0.1263174012E-06    0.1711811534E-06    0.2208212779E-06    0.2740664608E-06    0.3296890581E-06    0.3864929814E-06    0.4433915869E-06    0.4994593095E-06    0.5539598335E-06    0.6063452474E-06    0.6562418659E-06    0.7034264272E-06    0.7477954340E-06    0.7893372211E-06
        0.0017227429    0.7615520514E-07    0.1211918778E-06    0.1754386821E-06    0.2377486843E-06    0.3066924557E-06    0.3806431910E-06    0.4578958503E-06    0.5367892201E-06    0.6158140912E-06    0.6936849725E-06    0.7693792158E-06    0.8421358422E-06    0.9114358507E-06    0.9769691595E-06    0.1038592024E-05    0.1096288243E-05
        0.0018862122    0.1056822232E-06    0.1681805868E-06    0.2434600488E-06    0.3299289849E-06    0.4256037456E-06    0.5282267784E-06    0.6354319624E-06    0.7449139957E-06    0.8545785164E-06    0.9626416203E-06    0.1067684157E-05    0.1168650099E-05    0.1264819218E-05    0.1355761206E-05    0.1441276586E-05    0.1521342875E-05
        0.0020651929    0.1465397925E-06    0.2332005094E-06    0.3375835968E-06    0.4574820960E-06    0.5901454631E-06    0.7324433583E-06    0.8810948998E-06    0.1032903538E-05    0.1184965215E-05    0.1334806355E-05    0.1480459153E-05    0.1620459313E-05    0.1753808161E-05    0.1879909029E-05    0.1998485320E-05    0.2109505859E-05
        0.0022611570    0.2030235521E-06    0.3230876402E-06    0.4677051861E-06    0.6338185589E-06    0.8176170176E-06    0.1014763633E-05    0.1220712907E-05    0.1431036182E-05    0.1641710028E-05    0.1849307431E-05    0.2051102096E-05    0.2245065314E-05    0.2429813472E-05    0.2604519916E-05    0.2768801435E-05    0.2922614838E-05
        0.0024757158    0.2810351752E-06    0.4472337847E-06    0.6474204966E-06    0.8773627882E-06    0.1131785644E-05    0.1404685675E-05    0.1689770778E-05    0.1980910587E-05    0.2272535674E-05    0.2559902198E-05    0.2839236286E-05    0.3107729701E-05    0.3363467176E-05    0.3605304419E-05    0.3832710968E-05    0.4045627037E-05
        0.0027106339    0.3886590824E-06    0.6185043287E-06    0.8953536009E-06    0.1213353509E-05    0.1565208944E-05    0.1942617484E-05    0.2336877435E-05    0.2739510772E-05    0.3142815228E-05    0.3540230281E-05    0.3926536834E-05    0.4297851221E-05    0.4651524714E-05    0.4985974806E-05    0.5300467895E-05    0.5594921297E-05
        0.0029678432    0.5369203011E-06    0.8544442814E-06    0.1236902845E-05    0.1676209719E-05    0.2162286937E-05    0.2683664967E-05    0.3228322690E-05    0.3784547983E-05    0.4341700404E-05    0.4890716800E-05    0.5424387152E-05    0.5937346297E-05    0.6425935103E-05    0.6887967385E-05    0.7322429695E-05    0.7729207808E-05
        0.0032494587    0.7408412145E-06    0.1178959964E-05    0.1706675281E-05    0.2312829746E-05    0.2983517807E-05    0.3702913834E-05    0.4454431119E-05    0.5221909306E-05    0.5990666741E-05    0.6748198109E-05    0.7484555045E-05    0.8192334713E-05    0.8866488250E-05    0.9503999166E-05    0.1010346911E-04    0.1066474047E-04
        0.0035577965    0.1020805523E-05    0.1624489593E-05    0.2351628822E-05    0.3186849396E-05    0.4110990847E-05    0.5102247030E-05    0.6137763111E-05    0.7195271725E-05    0.8254543014E-05    0.9298345897E-05    0.1031297252E-04    0.1128822250E-04    0.1221713902E-04    0.1309556565E-04    0.1392157561E-04    0.1469495171E-04
        0.0038953921    0.1404368135E-05    0.2234883500E-05    0.3235241687E-05    0.4384292245E-05    0.5655675260E-05    0.7019391029E-05    0.8443997131E-05    0.9898859346E-05    0.1135614655E-04    0.1279215317E-04    0.1418802068E-04    0.1552971598E-04    0.1680766825E-04    0.1801615930E-04    0.1915253837E-04    0.2021650668E-04
        0.0042650218    0.1928718105E-05    0.3069323605E-05    0.4443186267E-05    0.6021258678E-05    0.7767338901E-05    0.9640226222E-05    0.1159673854E-04    0.1359480371E-04    0.1559619928E-04    0.1756836871E-04    0.1948541226E-04    0.2132805728E-04    0.2308315948E-04    0.2474286567E-04    0.2630353537E-04    0.2776475827E-04
        0.0046697254    0.2643468477E-05    0.4206763121E-05    0.6089756091E-05    0.8252635492E-05    0.1064578356E-04    0.1321273128E-04    0.1589429400E-04    0.1863280834E-04    0.2137588727E-04    0.2407890932E-04    0.2670637677E-04    0.2923187483E-04    0.3163738817E-04    0.3391215336E-04    0.3605118080E-04    0.3805390813E-04
        0.0051128308    0.3614542585E-05    0.5752111126E-05    0.8326818681E-05    0.1128422851E-04    0.1455649584E-04    0.1806640784E-04    0.2173303847E-04    0.2547754179E-04    0.2922828645E-04    0.3292425938E-04    0.3651692283E-04    0.3997015857E-04    0.4325933337E-04    0.4636972988E-04    0.4929452558E-04    0.5203295153E-04
        0.0055979820    0.4929484131E-05    0.7844682926E-05    0.1135604839E-04    0.1538934013E-04    0.1985203196E-04    0.2463882168E-04    0.2963934294E-04    0.3474606632E-04    0.3986130154E-04    0.4490183948E-04    0.4980148472E-04    0.5451097956E-04    0.5899672937E-04    0.6323866277E-04    0.6722747526E-04    0.7096211817E-04
        0.0061291687    0.6702964835E-05    0.1066696481E-04    0.1544161435E-04    0.2092596358E-04    0.2699419815E-04    0.3350313126E-04    0.4030269005E-04    0.4724665922E-04    0.5420220245E-04    0.6105617448E-04    0.6771856477E-04    0.7412239416E-04    0.8022198173E-04    0.8599003500E-04    0.9141390202E-04    0.9649215686E-04
        0.0067107592    0.9083871628E-05    0.1445589248E-04    0.2092650725E-04    0.2835890844E-04    0.3658259219E-04    0.4540351138E-04    0.5461828697E-04    0.6402876766E-04    0.7345493339E-04    0.8274344948E-04    0.9177233345E-04    0.1004508151E-03    0.1087169874E-03    0.1165338638E-03    0.1238842982E-03    0.1307663582E-03
        0.0073475362    0.1226278827E-04    0.1951475712E-04    0.2824977470E-04    0.3828315746E-04    0.4938473335E-04    0.6129254810E-04    0.7373204976E-04    0.8643574360E-04    0.9916061123E-04    0.1116996582E-03    0.1238882141E-03    0.1356037435E-03    0.1467626752E-03    0.1573150788E-03    0.1672378081E-03    0.1765282546E-03
        0.0080447363    0.1648044470E-04    0.2622665156E-04    0.3796598602E-04    0.5145024452E-04    0.6637008967E-04    0.8237347071E-04    0.9909140639E-04    0.1161643999E-03    0.1332658492E-03    0.1501175663E-03    0.1664982443E-03    0.1822432028E-03    0.1972401274E-03    0.2114219147E-03    0.2247574579E-03    0.2372432511E-03
        0.0088080930    0.2203352468E-04    0.3506371243E-04    0.5075861129E-04    0.6878638550E-04    0.8873346641E-04    0.1101291797E-03    0.1324802159E-03    0.1553059458E-03    0.1781697188E-03    0.2006996115E-03    0.2225997478E-03    0.2436499586E-03    0.2637000851E-03    0.2826604136E-03    0.3004893560E-03    0.3171822253E-03
        0.0096438838    0.2927818430E-04    0.4659271939E-04    0.6744812685E-04    0.9140346256E-04    0.1179091756E-03    0.1463398328E-03    0.1760399236E-03    0.2063707867E-03    0.2367522001E-03    0.2666899514E-03    0.2957908798E-03    0.3237624247E-03    0.3504050547E-03    0.3755995586E-03    0.3992906741E-03    0.4214721734E-03
        0.0105589819    0.3862259660E-04    0.6146322567E-04    0.8897482384E-04    0.1205757127E-03    0.1555409444E-03    0.1930454709E-03    0.2322245676E-03    0.2722357385E-03    0.3123135788E-03    0.3518061450E-03    0.3901947974E-03    0.4270936040E-03    0.4622393538E-03    0.4954747905E-03    0.5267270162E-03    0.5559878173E-03
        0.0115609128    0.5050696229E-04    0.8037574760E-04    0.1163527593E-03    0.1576773243E-03    0.2034014160E-03    0.2524461085E-03    0.3036805939E-03    0.3560031355E-03    0.4084128127E-03    0.4600570816E-03    0.5102577215E-03    0.5585100555E-03    0.6044698894E-03    0.6479315861E-03    0.6887998235E-03    0.7270638664E-03
        0.0126579159    0.6535040264E-04    0.1039972770E-03    0.1505474962E-03    0.2040168245E-03    0.2631786123E-03    0.3266368425E-03    0.3929283714E-03    0.4606276734E-03    0.5284396710E-03    0.5952612721E-03    0.6602149414E-03    0.7226476910E-03    0.7821141799E-03    0.8383483440E-03    0.8912268543E-03    0.9407358264E-03
        0.0138590124    0.8348913006E-04    0.1328628391E-03    0.1923335139E-03    0.2606437166E-03    0.3362263123E-03    0.4172977922E-03    0.5019888938E-03    0.5884784204E-03    0.6751118360E-03    0.7604798825E-03    0.8434614677E-03    0.9232223738E-03    0.9991936652E-03    0.1071035442E-02    0.1138590157E-02    0.1201840082E-02
        0.0151740797    0.1049304704E-03    0.1669840867E-03    0.2417276713E-03    0.3275808320E-03    0.4225739457E-03    0.5244654522E-03    0.6309060223E-03    0.7396067453E-03    0.8484881810E-03    0.9557791650E-03    0.1060070709E-02    0.1160314378E-02    0.1255795144E-02    0.1346085837E-02    0.1430988467E-02    0.1510480770E-02
        0.0166139325    0.1297548074E-03    0.2064889023E-03    0.2989150249E-03    0.4050788466E-03    0.5225447280E-03    0.6485407684E-03    0.7801618174E-03    0.9145774542E-03    0.1049216301E-02    0.1181888203E-02    0.1310850872E-02    0.1434807876E-02    0.1552875073E-02    0.1664524272E-02    0.1769510680E-02    0.1867806795E-02
        0.0181904113    0.1569271024E-03    0.2497301539E-03    0.3615111822E-03    0.4899065316E-03    0.6319704483E-03    0.7843505132E-03    0.9435331735E-03    0.1106095279E-02    0.1268926992E-02    0.1429379549E-02    0.1585345856E-02    0.1735258048E-02    0.1878046891E-02    0.2013073640E-02    0.2140042288E-02    0.2258919615E-02
        0.0199164806    0.1844949131E-03    0.2936008582E-03    0.4250186044E-03    0.5759692265E-03    0.7429894426E-03    0.9221378719E-03    0.1109283704E-02    0.1300402425E-02    0.1491837893E-02    0.1680476044E-02    0.1863839656E-02    0.2040085469E-02    0.2207956448E-02    0.2366701674E-02    0.2515973173E-02    0.2655731918E-02
        0.0218063349    0.2106132271E-03    0.3351650346E-03    0.4851873697E-03    0.6575079434E-03    0.8481732177E-03    0.1052683858E-02    0.1266324267E-02    0.1484500179E-02    0.1703037833E-02    0.1918382288E-02    0.2127705592E-02    0.2328903506E-02    0.2520541012E-02    0.2701760862E-02    0.2872165796E-02    0.3031711250E-02
        0.0238755154    0.2328790596E-03    0.3705989648E-03    0.5364828206E-03    0.7270232297E-03    0.9378489142E-03    0.1163985027E-02    0.1400217504E-02    0.1641466343E-02    0.1883116422E-02    0.2121236793E-02    0.2352700320E-02    0.2575180078E-02    0.2787089118E-02    0.2987479362E-02    0.3175911382E-02    0.3352335758E-02
        0.0261410384    0.2517698272E-03    0.4006624506E-03    0.5800049423E-03    0.7860058837E-03    0.1013939831E-02    0.1258428680E-02    0.1513835536E-02    0.1774668265E-02    0.2035937160E-02    0.2293392073E-02    0.2543651798E-02    0.2784200226E-02    0.3013321258E-02    0.3229989532E-02    0.3433729640E-02    0.3624487882E-02
        0.0286215345    0.2681072734E-03    0.4266632212E-03    0.6176468557E-03    0.8370214572E-03    0.1079755572E-02    0.1340122545E-02    0.1612119890E-02    0.1889899014E-02    0.2168146121E-02    0.2442334786E-02    0.2708863809E-02    0.2965053180E-02    0.3209074827E-02    0.3439836291E-02    0.3656830828E-02    0.3860000847E-02
        0.0313374022    0.2826442471E-03    0.4497994581E-03    0.6511432569E-03    0.8824210538E-03    0.1138329453E-02    0.1412831901E-02    0.1699600719E-02    0.1992470100E-02    0.2285837713E-02    0.2574931044E-02    0.2855952821E-02    0.3126076853E-02    0.3383375104E-02    0.3626695098E-02    0.3855501943E-02    0.4069734359E-02
        0.0343109759    0.2965332279E-03    0.4719053339E-03    0.6831495544E-03    0.9258035647E-03    0.1194304514E-02    0.1482320022E-02    0.1783211822E-02    0.2090510998E-02    0.2398339373E-02    0.2701689034E-02    0.2996575044E-02    0.3280031183E-02    0.3550033545E-02    0.3805371993E-02    0.4045484450E-02    0.4270305877E-02
        0.0375667089    0.3102152769E-03    0.4936833850E-03    0.7146838602E-03    0.9685504271E-03    0.1249465245E-02    0.1550804934E-02    0.1865625461E-02    0.2187159265E-02    0.2509256153E-02    0.2826675880E-02    0.3135248086E-02    0.3431868019E-02    0.3714416751E-02    0.3981626802E-02    0.4232908849E-02    0.4468193756E-02
        0.0411313750    0.3254690863E-03    0.5179647369E-03    0.7498454961E-03    0.1016218380E-02    0.1310981847E-02    0.1627188505E-02    0.1957553616E-02    0.2294976612E-02    0.2633003775E-02    0.2966135406E-02    0.3289993890E-02    0.3601319453E-02    0.3897886660E-02    0.4178363583E-02    0.4442130062E-02    0.4689112010E-02
        0.0450342886    0.3468185214E-03    0.5519477831E-03    0.7990535353E-03    0.1082924807E-02    0.1397062383E-02    0.1734064935E-02    0.2086170663E-02    0.2445812956E-02    0.2806113539E-02    0.3161210024E-02    0.3506435272E-02    0.3838313140E-02    0.4154469717E-02    0.4453483415E-02    0.4734691393E-02    0.4998013029E-02
        0.0493075457    0.3807195071E-03    0.6059031089E-03    0.8771701108E-03    0.1188801507E-02    0.1533663876E-02    0.1903633113E-02    0.2290188940E-02    0.2685024890E-02    0.3080589737E-02    0.3470447164E-02    0.3849472790E-02    0.4213849598E-02    0.4560970581E-02    0.4889274238E-02    0.5198032103E-02    0.5487154977E-02
        0.0539862877    0.4317561925E-03    0.6871210454E-03    0.9947404000E-03    0.1348125852E-02    0.1739185170E-02    0.2158703205E-02    0.2597016407E-02    0.3044704726E-02    0.3493205585E-02    0.3935221582E-02    0.4364943645E-02    0.4778045579E-02    0.5171573405E-02    0.5543758623E-02    0.5893777155E-02    0.6221529550E-02
        0.0591089906    0.5013344184E-03    0.7978330261E-03    0.1154984511E-02    0.1565245783E-02    0.2019212341E-02    0.2506177893E-02    0.3014918444E-02    0.3534496079E-02    0.4054971649E-02    0.4567877549E-02    0.5066475931E-02    0.5545751503E-02    0.6002282267E-02    0.6434022142E-02    0.6840020735E-02    0.7220167987E-02
        0.0647177816    0.5864565855E-03    0.9332637706E-03    0.1350981002E-02    0.1830767986E-02    0.2361608636E-02    0.2930967882E-02    0.3525710465E-02    0.4133041808E-02    0.4741341310E-02    0.5340714201E-02    0.5923291988E-02    0.6483222443E-02    0.7016517036E-02    0.7520795643E-02    0.7994958192E-02    0.8438885684E-02
        0.0708587849    0.6753703043E-03    0.1074716462E-02    0.1555674054E-02    0.2108042651E-02    0.2719118122E-02    0.3374451680E-02    0.4058909896E-02    0.4757759009E-02    0.5457624055E-02    0.6147122957E-02    0.6817210542E-02    0.7461165074E-02    0.8074410894E-02    0.8654223210E-02    0.9199349282E-02    0.9709663812E-02
        0.0775825017    0.7464576074E-03    0.1187820892E-02    0.1719365072E-02    0.2329807130E-02    0.3005097362E-02    0.3729259647E-02    0.4485564119E-02    0.5257726142E-02    0.6030966283E-02    0.6792710481E-02    0.7532969291E-02    0.8244322012E-02    0.8921719800E-02    0.9562158760E-02    0.1016426092E-01    0.1072789321E-01
        0.0849442250    0.7756932598E-03    0.1234412194E-02    0.1786925376E-02    0.2421538242E-02    0.3123676870E-02    0.3876757565E-02    0.4663403306E-02    0.5466689210E-02    0.6271245177E-02    0.7063985697E-02    0.7834506687E-02    0.8575071528E-02    0.9280408623E-02    0.9947373252E-02    0.1057451301E-01    0.1116167229E-01
        0.0930044946    0.7769543199E-03    0.1236596949E-02    0.1790396396E-02    0.2426718883E-02    0.3131036022E-02    0.3886786099E-02    0.4676586258E-02    0.5483478325E-02    0.6292036066E-02    0.7089102044E-02    0.7864192529E-02    0.8609490488E-02    0.9319648733E-02    0.9991455526E-02    0.1062340170E-01    0.1121528565E-01
        0.1018295948    0.7947337296E-03    0.1265109202E-02    0.1832049123E-02    0.2483749110E-02    0.3205430979E-02    0.3980212169E-02    0.4790338375E-02    0.5618456032E-02    0.6448748403E-02    0.7267696327E-02    0.8064501259E-02    0.8831086362E-02    0.9561902165E-02    0.1025358960E-01    0.1090454007E-01    0.1151449266E-01
        0.1114920997    0.8969002263E-03    0.1427713976E-02    0.2067466789E-02    0.2802818349E-02    0.3617072737E-02    0.4491162840E-02    0.5405044278E-02    0.6339133024E-02    0.7275587364E-02    0.8199164844E-02    0.9097697214E-02    0.9962089157E-02    0.1078609686E-01    0.1156594626E-01    0.1229983585E-01    0.1298748192E-01
        0.1220714697    0.1108126116E-02    0.1763429433E-02    0.2552705772E-02    0.3459228704E-02    0.4462154244E-02    0.5537769504E-02    0.6661237424E-02    0.7808380688E-02    0.8957257669E-02    0.1008920202E-01    0.1118938439E-01    0.1224678704E-01    0.1325391023E-01    0.1420628636E-01    0.1510185813E-01    0.1594041365E-01
        0.1336547051    0.1326556259E-02    0.2110460062E-02    0.3054062651E-02    0.4137071871E-02    0.5334297868E-02    0.6617184244E-02    0.7955922016E-02    0.9321593712E-02    0.1068805067E-01    0.1203313554E-01    0.1333932619E-01    0.1459367832E-01    0.1578745155E-01    0.1691551230E-01    0.1797558123E-01    0.1896755416E-01
        0.1463370617    0.1399020059E-02    0.2226014929E-02    0.3221743890E-02    0.4364917167E-02    0.5629061893E-02    0.6984126324E-02    0.8398704149E-02    0.9842295660E-02    0.1128729160E-01    0.1271026862E-01    0.1409267567E-01    0.1542078039E-01    0.1668528098E-01    0.1788068161E-01    0.1900450228E-01    0.2005656492E-01
        0.1602228341    0.1375223492E-02    0.2189344810E-02    0.3170730126E-02    0.4298973375E-02    0.5548498617E-02    0.6890075812E-02    0.8292970373E-02    0.9727158261E-02    0.1116529610E-01    0.1258403246E-01    0.1396472939E-01    0.1529345300E-01    0.1656062885E-01    0.1776045502E-01    0.1889014067E-01    0.1994921176E-01
        0.1754262130    0.1529355344E-02    0.2434735313E-02    0.3526124905E-02    0.4780812259E-02    0.6170331253E-02    0.7662156896E-02    0.9222105918E-02    0.1081680584E-01    0.1241588481E-01    0.1399342308E-01    0.1552874589E-01    0.1700640434E-01    0.1841578629E-01    0.1975046103E-01    0.2100733280E-01    0.2218587078E-01
        0.1920722248    0.1881555986E-02    0.2993224694E-02    0.4331104610E-02    0.5866235406E-02    0.7562715412E-02    0.9379928148E-02    0.1127558897E-01    0.1320880663E-01    0.1514273049E-01    0.1704624131E-01    0.1889481061E-01    0.2067037201E-01    0.2236075926E-01    0.2395884571E-01    0.2546147838E-01    0.2686852506E-01
        0.2102977595    0.2024788950E-02    0.3221343497E-02    0.4661605016E-02    0.6314482519E-02    0.8141399490E-02    0.1009869910E-01    0.1214093423E-01    0.1422416664E-01    0.1630880951E-01    0.1836143330E-01    0.2035567611E-01    0.2227209571E-01    0.2409756293E-01    0.2582434056E-01    0.2744894486E-01    0.2897113003E-01
        0.2302526962    0.2044247505E-02    0.3254826324E-02    0.4714373188E-02    0.6392538658E-02    0.8251245877E-02    0.1024701450E-01    0.1233422822E-01    0.1446846065E-01    0.1660938130E-01    0.1872264017E-01    0.2078086381E-01    0.2276358060E-01    0.2465667759E-01    0.2645152661E-01    0.2814387106E-01    0.2973282266E-01
        0.2521011363    0.2390954874E-02    0.3803982537E-02    0.5504783616E-02    0.7456547542E-02    0.9613638236E-02    0.1192451774E-01    0.1433569606E-01    0.1679563356E-01    0.1925803965E-01    0.2168390969E-01    0.2404250724E-01    0.2631112833E-01    0.2847436542E-01    0.3052303389E-01    0.3245286076E-01    0.3426332461E-01
        0.2760227522    0.2606451517E-02    0.4146601538E-02    0.6000107214E-02    0.8126645612E-02    0.1047632028E-01    0.1299293298E-01    0.1561834260E-01    0.1829670836E-01    0.2097801385E-01    0.2362018910E-01    0.2619009626E-01    0.2866322487E-01    0.3102288075E-01    0.3325903512E-01    0.3536692740E-01    0.3734583391E-01
        0.3022142655    0.2735700342E-02    0.4354638510E-02    0.6305159235E-02    0.8545810047E-02    0.1102495297E-01    0.1368417516E-01    0.1646285382E-01    0.1930258085E-01    0.2215081949E-01    0.2496310427E-01    0.2770409235E-01    0.3034730090E-01    0.3287434067E-01    0.3527379496E-01    0.3753982081E-01    0.3967090285E-01
        0.3308910644    0.3090972180E-02    0.4916186650E-02    0.7111308896E-02    0.9627745970E-02    0.1240582664E-01    0.1537898777E-01    0.1847907515E-01    0.2164123854E-01    0.2480777398E-01    0.2793027319E-01    0.3097053637E-01    0.3390011657E-01    0.3669939235E-01    0.3935630645E-01    0.4186482830E-01    0.4422359804E-01
        0.3622889751    0.3248615532E-02    0.5170099672E-02    0.7483808596E-02    0.1013974077E-01    0.1307614492E-01    0.1622394065E-01    0.1951224576E-01    0.2287338181E-01    0.2624675817E-01    0.2958106104E-01    0.3283526864E-01    0.3597831073E-01    0.3898825981E-01    0.4185114922E-01    0.4455945293E-01    0.4711071439E-01
        0.3966662010    0.3583904315E-02    0.5700091801E-02    0.8244610861E-02    0.1116074581E-01    0.1437944551E-01    0.1782455832E-01    0.2141893966E-01    0.2508964378E-01    0.2877174885E-01    0.3241040340E-01    0.3596175145E-01    0.3939251351E-01    0.4267913182E-01    0.4580653598E-01    0.4876654143E-01    0.5155640209E-01
        0.4343054463    0.3817332434E-02    0.6073130779E-02    0.8786844505E-02    0.1189853923E-01    0.1533540982E-01    0.1901747531E-01    0.2286388972E-01    0.2679807321E-01    0.3075145856E-01    0.3466556950E-01    0.3849310312E-01    0.4219766481E-01    0.4575304174E-01    0.4914203348E-01    0.5235484014E-01    0.5538757537E-01
        0.4755162407    0.4129115151E-02    0.6567066638E-02    0.9497606464E-02    0.1285508665E-01    0.1656081844E-01    0.2052943723E-01    0.2467538162E-01    0.2891783423E-01    0.3318429224E-01    0.3741260685E-01    0.4155215270E-01    0.4556364081E-01    0.4941846037E-01    0.5309753555E-01    0.5658968238E-01    0.5989007522E-01
        0.5206374847    0.4435708599E-02    0.7053396624E-02    0.1019839190E-01    0.1379982585E-01    0.1777388520E-01    0.2203066285E-01    0.2648052727E-01    0.3103873336E-01    0.3562884209E-01    0.4018480773E-01    0.4465231674E-01    0.4898874407E-01    0.5316261542E-01    0.5715252981E-01    0.6094550993E-01    0.6453543596E-01
        0.5700402368    0.4744172870E-02    0.7543235532E-02    0.1090508569E-01    0.1475405780E-01    0.1900190442E-01    0.2355486612E-01    0.2831967048E-01    0.3320775215E-01    0.3813858599E-01    0.4304190390E-01    0.4785927483E-01    0.5254426240E-01    0.5706205426E-01    0.6138848300E-01    0.6550838796E-01    0.6941402438E-01
        0.6241307649    0.5079853875E-02    0.8074493876E-02    0.1166867558E-01    0.1578147881E-01    0.2032025723E-01    0.2518764367E-01    0.3028695043E-01    0.3552592861E-01    0.4082000389E-01    0.4609462218E-01    0.5128708333E-01    0.5634692106E-01    0.6123572615E-01    0.6592629146E-01    0.7040100487E-01    0.7465024873E-01
        0.6833538873    0.5420355036E-02    0.8613620960E-02    0.1244413589E-01    0.1682642252E-01    0.2166435573E-01    0.2685768252E-01    0.3230665492E-01    0.3791536015E-01    0.4359494679E-01    0.4926618541E-01    0.5486162763E-01    0.6032626001E-01    0.6561755959E-01    0.7070479110E-01    0.7556744801E-01    0.8019365270E-01
        0.7481966305    0.5774848767E-02    0.9174125029E-02    0.1324945748E-01    0.1791134595E-01    0.2306092905E-01    0.2859562015E-01    0.3441288126E-01    0.4041317823E-01    0.4650326377E-01    0.5259899474E-01    0.5862784325E-01    0.6452984722E-01    0.7025792659E-01    0.7577736358E-01    0.8106431739E-01    0.8610424538E-01
        0.8191922345    0.6142129101E-02    0.9754100284E-02    0.1408218105E-01    0.1903365528E-01    0.2450774974E-01    0.3040005658E-01    0.3660547510E-01    0.4302089936E-01    0.4954861354E-01    0.5609937018E-01    0.6259525225E-01    0.6897093382E-01    0.7517428986E-01    0.8116610030E-01    0.8691867409E-01    0.9241432008E-01
        0.8969245379    0.6521902360E-02    0.1035305143E-01    0.1494187782E-01    0.2019343184E-01    0.2600581071E-01    0.3227321065E-01    0.3888819762E-01    0.4574423809E-01    0.5273919692E-01    0.5977862365E-01    0.6677894047E-01    0.7366902758E-01    0.8039117200E-01    0.8690105116E-01    0.9316651521E-01    0.9916614590E-01
        0.9820327791    0.6912617671E-02    0.1096890187E-01    0.1582645080E-01    0.2138914924E-01    0.2755460075E-01    0.3421593373E-01    0.4126366635E-01    0.4858812673E-01    0.5608295235E-01    0.6364848128E-01    0.7119522950E-01    0.7864582307E-01    0.8593634632E-01    0.9301667679E-01    0.9984948760E-01    0.1064089434E+00
        1.0752168532    0.7315385988E-02    0.1160331007E-01    0.1673841555E-01    0.2262434540E-01    0.2915867969E-01    0.3623388428E-01    0.4373898507E-01    0.5156176538E-01    0.5959206323E-01    0.6772513101E-01    0.7586537031E-01    0.8392865282E-01    0.9184415163E-01    0.9955512083E-01    0.1070181977E+00    0.1142022973E+00
        1.1772430677    0.7729587406E-02    0.1225569032E-01    0.1767764696E-01    0.2389956985E-01    0.3081939864E-01    0.3832953905E-01    0.4631840343E-01    0.5467212014E-01    0.6327736073E-01    0.7202452010E-01    0.8081168743E-01    0.8954741612E-01    0.9815314293E-01    0.1065645265E+00    0.1147311458E+00    0.1226156697E+00
        1.2889504441    0.8156462327E-02    0.1292784636E-01    0.1864657419E-01    0.2521774058E-01    0.3254019321E-01    0.4050731000E-01    0.4900821495E-01    0.5792861440E-01    0.6715286136E-01    0.7656681635E-01    0.8606205146E-01    0.9553915049E-01    0.1049108439E+00    0.1141040426E+00    0.1230600487E+00    0.1317340898E+00
        1.4112576178    0.8594068690E-02    0.1361773617E-01    0.1964343210E-01    0.2657756582E-01    0.3432061977E-01    0.4276832976E-01    0.5181221753E-01    0.6133910791E-01    0.7123210942E-01    0.8137299831E-01    0.9164664814E-01    0.1019449513E+00    0.1121708176E+00    0.1222410647E+00    0.1320872796E+00    0.1416558282E+00
        1.5451703927    0.9041511810E-02    0.1432496141E-01    0.2066845565E-01    0.2797993174E-01    0.3616254933E-01    0.4511626191E-01    0.5473715288E-01    0.6491511509E-01    0.7553338260E-01    0.8647025877E-01    0.9760376547E-01    0.1088162944E+00    0.1199996444E+00    0.1310589601E+00    0.1419144102E+00    0.1525018049E+00
        1.6917900122    0.9501509725E-02    0.1505282260E-01    0.2172496181E-01    0.2942804402E-01    0.3806967501E-01    0.4755654774E-01    0.5779200168E-01    0.6867135307E-01    0.8007961286E-01    0.9189237199E-01    0.1039806625E+00    0.1162164582E+00    0.1284789500E+00    0.1406597549E+00    0.1526656075E+00    0.1644197450E+00
        1.8523222157    0.9972309312E-02    0.1579983028E-01    0.2281183857E-01    0.3092148667E-01    0.4004303226E-01    0.5009296163E-01    0.6098513372E-01    0.7262317300E-01    0.8489593471E-01    0.9767731226E-01    0.1108312879E+00    0.1242184147E+00    0.1377035607E+00    0.1511626512E+00    0.1644866088E+00    0.1775836987E+00
        2.0280871538    0.1045574825E-01    0.1656780770E-01    0.2393060818E-01    0.3246192524E-01    0.4208556908E-01    0.5273150269E-01    0.6432798217E-01    0.7679039832E-01    0.9001398153E-01    0.1038722352E+00    0.1182221271E+00    0.1329116922E+00    0.1477895091E+00    0.1627132842E+00    0.1775553214E+00    0.1922060606E+00
        2.2205302450    0.1095231399E-01    0.1735692078E-01    0.2508130881E-01    0.3405001918E-01    0.4419983551E-01    0.5547853350E-01    0.6783341246E-01    0.8119584129E-01    0.9547057020E-01    0.1105324158E+00    0.1262315166E+00    0.1424022065E+00    0.1588745275E+00    0.1754850205E+00    0.1920840598E+00    0.2085408679E+00
        2.4312340620    0.1145893395E-01    0.1816397963E-01    0.2626064898E-01    0.3568270185E-01    0.4638405303E-01    0.5833561317E-01    0.7150941346E-01    0.8585797349E-01    0.1012994838E+00    0.1177122938E+00    0.1349401217E+00    0.1528023566E+00    0.1711079568E+00    0.1896688745E+00    0.2083096591E+00    0.2268742901E+00
        2.6619313461    0.1197637662E-01    0.1898916022E-01    0.2746839702E-01    0.3736025004E-01    0.4864073086E-01    0.6131018892E-01    0.7537218306E-01    0.9080664684E-01    0.1075500507E+00    0.1254871279E+00    0.1444558720E+00    0.1642594300E+00    0.1846827832E+00    0.2055093118E+00    0.2265331505E+00    0.2475682557E+00
        2.9145192568    0.1250728848E-01    0.1983647389E-01    0.2871060508E-01    0.3909204615E-01    0.5098477116E-01    0.6442605642E-01    0.7945912360E-01    0.9609889380E-01    0.1143060581E+00    0.1339753388E+00    0.1549400413E+00    0.1769857006E+00    0.1998700017E+00    0.2233430855E+00    0.2471632375E+00    0.2711086958E+00
        3.1910749729    0.1304774356E-01    0.2069959492E-01    0.2997854212E-01    0.4086770740E-01    0.5340603720E-01    0.6767672244E-01    0.8377248425E-01    0.1017524939E+00    0.1216090623E+00    0.1432515600E+00    0.1665101960E+00    0.1911515696E+00    0.2169023553E+00    0.2434740590E+00    0.2705827443E+00    0.2979641965E+00
        3.4938727747    0.1361331347E-01    0.2160318252E-01    0.3130837817E-01    0.4273802989E-01    0.5597423732E-01    0.7115669568E-01    0.8843930487E-01    0.1079365641E+00    0.1296813202E+00    0.1536032573E+00    0.1795314691E+00    0.2072120722E+00    0.2363362746E+00    0.2665704458E+00    0.2975807367E+00    0.3290523533E+00
        3.8254027466    0.1418829699E-01    0.2252238809E-01    0.3266489139E-01    0.4465732775E-01    0.5863485203E-01    0.7480650232E-01    0.9340161519E-01    0.1146037117E+00    0.1384974222E+00    0.1650401785E+00    0.1940629816E+00    0.2252901988E+00    0.2583727268E+00    0.2929244011E+00    0.3285525492E+00    0.3648822931E+00
        4.1883912545    0.1476796765E-01    0.2344981824E-01    0.3403819476E-01    0.4661457846E-01    0.6137895218E-01    0.7862503558E-01    0.9867476679E-01    0.1217973492E+00    0.1481430757E+00    0.1777065151E+00    0.2103246728E+00    0.2456990656E+00    0.2834348093E+00    0.3230846056E+00    0.3641864975E+00    0.4062943194E+00
        4.5858233661    0.1536152631E-01    0.2440022925E-01    0.3545058513E-01    0.4864290586E-01    0.6425591038E-01    0.8268624580E-01    0.1043690208E+00    0.1296792413E+00    0.1588497579E+00    0.1919238081E+00    0.2287495357E+00    0.2690044217E+00    0.3122413081E+00    0.3579414880E+00    0.4055612224E+00    0.4545697089E+00
        5.0209673996    0.1596671503E-01    0.2537025673E-01    0.3689833506E-01    0.5074060791E-01    0.6727106878E-01    0.8701110030E-01    0.1105337434E+00    0.1383442337E+00    0.1707786800E+00    0.2079432860E+00    0.2497038925E+00    0.2957128280E+00    0.3454631057E+00    0.3983524958E+00    0.4537407231E+00    0.5109966225E+00
        5.4974018001    0.1658203781E-01    0.2635779251E-01    0.3837972472E-01    0.5290928347E-01    0.7043537664E-01    0.9163015951E-01    0.1172343751E+00    0.1479130700E+00    0.1841308441E+00    0.2260744030E+00    0.2736354322E+00    0.3264399414E+00    0.3839121818E+00    0.4453520357E+00    0.5100052596E+00    0.5771218507E+00
        6.0190445678    0.1720967284E-01    0.2736660959E-01    0.3990177947E-01    0.5516313657E-01    0.7377781977E-01    0.9659984077E-01    0.1245734074E+00    0.1585591013E+00    0.1991805645E+00    0.2467262104E+00    0.3011233369E+00    0.3619701150E+00    0.4286112096E+00    0.5002314172E+00    0.5759418672E+00    0.6548520436E+00
        6.5901854779    0.1787809621E-01    0.2844229550E-01    0.4153244966E-01    0.5760047899E-01    0.7743963685E-01    0.1021231621E+00    0.1328418525E+00    0.1706948571E+00    0.2165013817E+00    0.2706763916E+00    0.3331935112E+00    0.4036200682E+00    0.4812070901E+00    0.5650029367E+00    0.6539590774E+00    0.7470187056E+00
        7.2155213579    0.1853636768E-01    0.2950440824E-01    0.4315728040E-01    0.6007149795E-01    0.8123924659E-01    0.1079971651E+00    0.1418340234E+00    0.1841392316E+00    0.2359717231E+00    0.2979032662E+00    0.3699671564E+00    0.4516969150E+00    0.5422340135E+00    0.6404660894E+00    0.7451566463E+00    0.8550537068E+00
        7.9001947124    0.1920342313E-01    0.3058350741E-01    0.4482307088E-01    0.6264757187E-01    0.8528711228E-01    0.1143944704E+00    0.1518178741E+00    0.1992986442E+00    0.2581874678E+00    0.3292475488E+00    0.4125857754E+00    0.5076962990E+00    0.6135904914E+00    0.7289655426E+00    0.8523633666E+00    0.9823033162E+00
        8.6498360130    0.1988369261E-01    0.3168721224E-01    0.4654383733E-01    0.6535675633E-01    0.8964024944E-01    0.1214260684E+00    0.1629952380E+00    0.2165141452E+00    0.2836860472E+00    0.3655047297E+00    0.4621646578E+00    0.5731116034E+00    0.6972008136E+00    0.8329032155E+00    0.9784998445E+00    0.1132243226E+01
        9.4706100008    0.2057746186E-01    0.3281665790E-01    0.4832470739E-01    0.6821652792E-01    0.9434539698E-01    0.1291967293E+00    0.1755714640E+00    0.2361472257E+00    0.3130500392E+00    0.4075475064E+00    0.5199345704E+00    0.6495947659E+00    0.7951944449E+00    0.9549354749E+00    0.1126792611E+01    0.1308708692E+01
       10.3692663829    0.2127117169E-01    0.3395107648E-01    0.5013948521E-01    0.7120292919E-01    0.9939817771E-01    0.1377524565E+00    0.1896892881E+00    0.2584980328E+00    0.3468074042E+00    0.4562055088E+00    0.5870983912E+00    0.7387874008E+00    0.9097095646E+00    0.1097747484E+01    0.1300518175E+01    0.1515607673E+01
       11.3531953391    0.2201189421E-01    0.3516625582E-01    0.5210343885E-01    0.7448953477E-01    0.1050625442E+00    0.1474974718E+00    0.2059624462E+00    0.2844751264E+00    0.3862555151E+00    0.5132589440E+00    0.6660062067E+00    0.8436855692E+00    0.1044452392E+01    0.1265809122E+01    0.1504955274E+01    0.1759067368E+01
       12.4304882957    0.2278677470E-01    0.3644289106E-01    0.5419429596E-01    0.7806315609E-01    0.1113604057E+00    0.1585336530E+00    0.2246380296E+00    0.3145524964E+00    0.4321851219E+00    0.5799042727E+00    0.7583414684E+00    0.9665300741E+00    0.1202280393E+01    0.1462644665E+01    0.1744338757E+01    0.2044073434E+01
       13.6100044661    0.2351958005E-01    0.3766090333E-01    0.5624299303E-01    0.8170832616E-01    0.1180453709E+00    0.1706172875E+00    0.2455286023E+00    0.3486685393E+00    0.4847374813E+00    0.6565612924E+00    0.8648709373E+00    0.1108493635E+01    0.1384822575E+01    0.1690383485E+01    0.2021339109E+01    0.2373877596E+01
       14.9014437053    0.2428439938E-01    0.3893968273E-01    0.5843166861E-01    0.8570083918E-01    0.1255395822E+00    0.1843974911E+00    0.2696178087E+00    0.3882659672E+00    0.5459412457E+00    0.7459608865E+00    0.9891260823E+00    0.1273987052E+01    0.1597430511E+01    0.1955366335E+01    0.2343326349E+01    0.2756915161E+01
       16.3154262774    0.2505401543E-01    0.4023760825E-01    0.6070825591E-01    0.8999462820E-01    0.1338398045E+00    0.1999771487E+00    0.2972030002E+00    0.4339394490E+00    0.6167913372E+00    0.8495898936E+00    0.1133160927E+01    0.1465690726E+01    0.1843457599E+01    0.2261658314E+01    0.2715112549E+01    0.3198780691E+01
       17.8635801925    0.2584055729E-01    0.4157601490E-01    0.6311442430E-01    0.9467884146E-01    0.1431354931E+00    0.2177306313E+00    0.3289554819E+00    0.4867815085E+00    0.6989202808E+00    0.9697219363E+00    0.1299969507E+01    0.1687378624E+01    0.2127502495E+01    0.2614718555E+01    0.3143049358E+01    0.3706750756E+01
       19.5586368304    0.2663928815E-01    0.4294968736E-01    0.6565452578E-01    0.9979520610E-01    0.1535618354E+00    0.2379765479E+00    0.3654939454E+00    0.5478358381E+00    0.7939109460E+00    0.1108571526E+01    0.1492466899E+01    0.1942715775E+01    0.2454016339E+01    0.3019813579E+01    0.3633246370E+01    0.4287808079E+01
       21.4145356385    0.2744679664E-01    0.4435587989E-01    0.6833834500E-01    0.1053983350E+00    0.1652826612E+00    0.2610890126E+00    0.4075294503E+00    0.6182803082E+00    0.9035210207E+00    0.1268562927E+01    0.1713805031E+01    0.2235623127E+01    0.2827718150E+01    0.3482484041E+01    0.4192089346E+01    0.4949210748E+01
       23.4465387640    0.2827221556E-01    0.4581233314E-01    0.7120823130E-01    0.1115955966E+00    0.1785481690E+00    0.2875789534E+00    0.4559752927E+00    0.6995691452E+00    0.1029860420E+01    0.1452545347E+01    0.1967627925E+01    0.2570574671E+01    0.3253935085E+01    0.4008928724E+01    0.4826667947E+01    0.5698963179E+01
       25.6713565631    0.2912288935E-01    0.4733448221E-01    0.7430585238E-01    0.1185010781E+00    0.1936329278E+00    0.3180112020E+00    0.5118360467E+00    0.7932856471E+00    0.1175199906E+01    0.1663551255E+01    0.2257775275E+01    0.2952243376E+01    0.3738188946E+01    0.4605530654E+01    0.5544241043E+01    0.6545220585E+01
       28.1072850208    0.3000032283E-01    0.4892901778E-01    0.7766279800E-01    0.1262225315E+00    0.2108179126E+00    0.3529788448E+00    0.5761696676E+00    0.9010868252E+00    0.1341893801E+01    0.1904694044E+01    0.2588153194E+01    0.3385343998E+01    0.4286010538E+01    0.5278642728E+01    0.6351993425E+01    0.7496016592E+01
       30.7743562090    0.3090554392E-01    0.5060252076E-01    0.8131366439E-01    0.1348807500E+00    0.2304183543E+00    0.3931408867E+00    0.6501350423E+00    0.1024760519E+01    0.1532446805E+01    0.2179245299E+01    0.2962822962E+01    0.3874734304E+01    0.4903054113E+01    0.6034715770E+01    0.7257177508E+01    0.8559418303E+01
       33.6945030221    0.3183964666E-01    0.5236240566E-01    0.8529778593E-01    0.1446128441E+00    0.2527890982E+00    0.4392288234E+00    0.7349975609E+00    0.1166227644E+01    0.1749511301E+01    0.2490626286E+01    0.3385986318E+01    0.4425394057E+01    0.5595070089E+01    0.6880265104E+01    0.8267073873E+01    0.9743480843E+01
       36.8917395444    0.3280379681E-01    0.5421700408E-01    0.8965968244E-01    0.1555736277E+00    0.2783270361E+00    0.4920486297E+00    0.8321280441E+00    0.1327535622E+01    0.1995873585E+01    0.2842385804E+01    0.3861954054E+01    0.5042383723E+01    0.6367853501E+01    0.7821808658E+01    0.9388919170E+01    0.1105616534E+02
       40.3923585315    0.3379923740E-01    0.5617564348E-01    0.9444947619E-01    0.1679368686E+00    0.3074729979E+00    0.5524814424E+00    0.9429995435E+00    0.1510849052E+01    0.2274436817E+01    0.3238174152E+01    0.4395109823E+01    0.5730797016E+01    0.7227184409E+01    0.8865794704E+01    0.1062982104E+02    0.1250524126E+02
       44.2251476316    0.3482729393E-01    0.5824871499E-01    0.9972324856E-01    0.1818963053E+00    0.3407128869E+00    0.6214826546E+00    0.1069181752E+01    0.1718437341E+01    0.2588200300E+01    0.3681712712E+01    0.4989868709E+01    0.6495707177E+01    0.8178760709E+01    0.1001852022E+02    0.1199666135E+02    0.1409817418E+02
       48.4216261230    0.3588937850E-01    0.6044772189E-01    0.1055432964E+00    0.1976663025E+00    0.3785778041E+00    0.7000791115E+00    0.1212332813E+01    0.1952659249E+01    0.2940235090E+01    0.4176758895E+01    0.5650629932E+01    0.7342106170E+01    0.9228122826E+01    0.1128604025E+02    0.1349598942E+02    0.1584200214E+02
       53.0163041156    0.3698699241E-01    0.6278529767E-01    0.1119782365E+00    0.2154819901E+00    0.4216428522E+00    0.7893639976E+00    0.1374188193E+01    0.2215944590E+01    0.3333657237E+01    0.4727068781E+01    0.6381726258E+01    0.8274838626E+01    0.1038057086E+02    0.1267406771E+02    0.1513390446E+02    0.1774320061E+02
       58.0469663481    0.3812172606E-01    0.6527517968E-01    0.1191028934E+00    0.2355986884E+00    0.4705242509E+00    0.8904888219E+00    0.1556545687E+01    0.2510772271E+01    0.3771599682E+01    0.5336362384E+01    0.7187379711E+01    0.9298543415E+01    0.1164108754E+02    0.1418787480E+02    0.1691593431E+02    0.1980753906E+02
       63.5549829136    0.3929525502E-01    0.6793212062E-01    0.1269978865E+00    0.2582903819E+00    0.5258743332E+00    0.1004651795E+01    0.1761244888E+01    0.2839640933E+01    0.4257177576E+01    0.6008288789E+01    0.8071669223E+01    0.1041762124E+02    0.1301429828E+02    0.1583223590E+02    0.1884695248E+02    0.2203996652E+02
       69.5856494710    0.4050933048E-01    0.7077171654E-01    0.1357488169E+00    0.2838469534E+00    0.5883739221E+00    0.1133081924E+01    0.1990139780E+01    0.3205027662E+01    0.4793434710E+01    0.6746369015E+01    0.9038483664E+01    0.1163620957E+02    0.1450447129E+02    0.1761144523E+02    0.2093119790E+02    0.2444461388E+02
       76.1885597370    0.4176576230E-01    0.7381012576E-01    0.1454449282E+00    0.3125698367E+00    0.6587215109E+00    0.1277018202E+01    0.2245064372E+01    0.3609334802E+01    0.5383265795E+01    0.7553893928E+01    0.1009140808E+02    0.1295808232E+02    0.1611545949E+02    0.1952932269E+02    0.2317234953E+02    0.2702492583E+02
       83.4180133251    0.4306639216E-01    0.7706364925E-01    0.1561770966E+00    0.3447656884E+00    0.7376185716E+00    0.1437683221E+01    0.2527792038E+01    0.4054830033E+01    0.6029326658E+01    0.8433790455E+01    0.1123353741E+02    0.1438641904E+02    0.1785045542E+02    0.2158900168E+02    0.2557339922E+02    0.2978365866E+02
       91.3334622825    0.4441305429E-01    0.8054814019E-01    0.1680349833E+00    0.3807376168E+00    0.8257501297E+00    0.1616250050E+01    0.2839988863E+01    0.4543586907E+01    0.6733955387E+01    0.9388503823E+01    0.1246729086E+02    0.1592352437E+02    0.1971160515E+02    0.2379245244E+02    0.2813613480E+02    0.3272239353E+02
      100.0000000000    0.4580752108E-01    0.8427820883E-01    0.1811031656E+00    0.4207734649E+00    0.9237595853E+00    0.1813799906E+01    0.3183155427E+01    0.5077421548E+01    0.7499118451E+01    0.1041995153E+02    0.1379434255E+02    0.1757068228E+02    0.2169972495E+02    0.2614002058E+02    0.3086047258E+02    0.3584069488E+02
