               #####        0.2000000000        0.2533333333        0.3066666667        0.3600000000        0.4133333333        0.4666666667        0.5200000000        0.5733333333        0.6266666667        0.6800000000        0.7333333333        0.7866666667        0.8400000000        0.8933333333        0.9466666667        1.0000000000
        0.0010000000    0.1513212195E-07    0.2412390780E-07    0.3501347105E-07    0.4761598548E-07    0.6169494656E-07    0.7697181269E-07    0.9314221133E-07    0.1098944643E-06    0.1269289310E-06    0.1439733300E-06    0.1607940133E-06    0.1772009619E-06    0.1930485816E-06    0.2082332591E-06    0.2226878370E-06    0.2363754716E-06
        0.0010948890    0.2156386794E-07    0.3437751691E-07    0.4989557604E-07    0.6785466303E-07    0.8791775235E-07    0.1096879132E-06    0.1327314031E-06    0.1566040663E-06    0.1808788998E-06    0.2051678868E-06    0.2291380658E-06    0.2525186500E-06    0.2751021612E-06    0.2967409467E-06    0.3173393052E-06    0.3368447338E-06
        0.0011987818    0.3071516048E-07    0.4896667840E-07    0.7107031112E-07    0.9665090572E-07    0.1252284140E-06    0.1562374587E-06    0.1890602256E-06    0.2230640650E-06    0.2576407555E-06    0.2922376053E-06    0.3263803439E-06    0.3596832640E-06    0.3918508361E-06    0.4226727470E-06    0.4520126826E-06    0.4797958600E-06
        0.0013125330    0.4372588443E-07    0.6970861868E-07    0.1011752041E-06    0.1375915820E-06    0.1782743667E-06    0.2224186964E-06    0.2691450564E-06    0.3175528058E-06    0.3667760744E-06    0.4160280407E-06    0.4646335254E-06    0.5120434317E-06    0.5578370438E-06    0.6017149617E-06    0.6434831312E-06    0.6830350942E-06
        0.0014370779    0.6221260656E-07    0.9918049991E-07    0.1439507568E-06    0.1957635360E-06    0.2536465383E-06    0.3164546259E-06    0.3829364385E-06    0.4518105477E-06    0.5218449878E-06    0.5919202571E-06    0.6610757005E-06    0.7285300593E-06    0.7936847407E-06    0.8561137627E-06    0.9155410305E-06    0.9718150805E-06
        0.0015734408    0.8845387507E-07    0.1410148284E-06    0.2046692027E-06    0.2783366731E-06    0.3606348459E-06    0.4499355790E-06    0.5444596915E-06    0.6423852345E-06    0.7419605708E-06    0.8415939548E-06    0.9399194962E-06    0.1035826382E-05    0.1128463527E-05    0.1217225269E-05    0.1301719062E-05    0.1381729562E-05
        0.0017227429    0.1256746258E-06    0.2003528610E-06    0.2907925840E-06    0.3954589061E-06    0.5123877670E-06    0.6392659390E-06    0.7735655795E-06    0.9126980531E-06    0.1054174599E-05    0.1195733613E-05    0.1335434395E-05    0.1471698678E-05    0.1603317232E-05    0.1729429541E-05    0.1849477883E-05    0.1963156309E-05
        0.0018862122    0.1784178359E-06    0.2844371036E-06    0.4128327096E-06    0.5614256497E-06    0.7274276432E-06    0.9075546867E-06    0.1098218059E-05    0.1295742685E-05    0.1496595239E-05    0.1697564861E-05    0.1895896287E-05    0.2089348827E-05    0.2276205740E-05    0.2455245366E-05    0.2625675932E-05    0.2787063103E-05
        0.0020651929    0.2530649698E-06    0.4034410176E-06    0.5855553984E-06    0.7963175266E-06    0.1031772646E-05    0.1287262846E-05    0.1557697957E-05    0.1837865247E-05    0.2122752971E-05    0.2407806721E-05    0.2689118324E-05    0.2963509529E-05    0.3228545301E-05    0.3482492858E-05    0.3724229179E-05    0.3953138242E-05
        0.0022611570    0.3585780499E-06    0.5716520465E-06    0.8296975375E-06    0.1128335477E-05    0.1461962368E-05    0.1823978341E-05    0.2207170945E-05    0.2604153942E-05    0.3007825766E-05    0.3411732794E-05    0.3810337125E-05    0.4199135210E-05    0.4574676681E-05    0.4934506288E-05    0.5277032808E-05    0.5601383426E-05
        0.0024757158    0.5075065053E-06    0.8090767577E-06    0.1174296807E-05    0.1596969070E-05    0.2069163006E-05    0.2581537801E-05    0.3123885488E-05    0.3685751913E-05    0.4257085645E-05    0.4828752177E-05    0.5392913128E-05    0.5943194217E-05    0.6474711919E-05    0.6983991239E-05    0.7468780122E-05    0.7927843333E-05
        0.0027106339    0.7174171197E-06    0.1143720502E-05    0.1660000410E-05    0.2257496222E-05    0.2924997660E-05    0.3649300746E-05    0.4415975427E-05    0.5210243287E-05    0.6017894885E-05    0.6826016751E-05    0.7623527747E-05    0.8401416659E-05    0.9152779887E-05    0.9872705124E-05    0.1055800893E-04    0.1120694530E-04
        0.0029678432    0.1012842814E-05    0.1614694211E-05    0.2343574336E-05    0.3187115603E-05    0.4129492150E-05    0.5152063216E-05    0.6234456666E-05    0.7355807958E-05    0.8496055300E-05    0.9636966194E-05    0.1076289520E-04    0.1186111959E-04    0.1292189261E-04    0.1393827907E-04    0.1490578478E-04    0.1582194499E-04
        0.0032494587    0.1427753497E-05    0.2276153501E-05    0.3303620655E-05    0.4492721949E-05    0.5821149613E-05    0.7262627511E-05    0.8788438184E-05    0.1036916907E-04    0.1197653834E-04    0.1358484225E-04    0.1517202420E-04    0.1672014831E-04    0.1821547449E-04    0.1964822652E-04    0.2101206939E-04    0.2230352911E-04
        0.0035577965    0.2009302555E-05    0.3203271427E-05    0.4649246522E-05    0.6322695615E-05    0.8192226468E-05    0.1022086152E-04    0.1236818634E-04    0.1459280665E-04    0.1685491803E-04    0.1911834329E-04    0.2135203839E-04    0.2353075970E-04    0.2563516953E-04    0.2765150958E-04    0.2957086488E-04    0.3138834718E-04
        0.0038953921    0.2822811236E-05    0.4500184741E-05    0.6531597584E-05    0.8882587682E-05    0.1150905605E-04    0.1435905607E-04    0.1737581087E-04    0.2050116435E-04    0.2367919156E-04    0.2685906169E-04    0.2999715626E-04    0.3305800747E-04    0.3601444673E-04    0.3884714521E-04    0.4154357930E-04    0.4409688288E-04
        0.0042650218    0.3957917775E-05    0.6309797039E-05    0.9158086613E-05    0.1245447068E-04    0.1613712215E-04    0.2013320907E-04    0.2436312369E-04    0.2874532000E-04    0.3320137637E-04    0.3766001111E-04    0.4206005641E-04    0.4635177593E-04    0.5049707328E-04    0.5446884686E-04    0.5824953832E-04    0.6182952275E-04
        0.0046697254    0.5537926044E-05    0.8828682684E-05    0.1281402560E-04    0.1742635790E-04    0.2257917904E-04    0.2817058773E-04    0.3408919682E-04    0.4022089973E-04    0.4645595504E-04    0.5269460713E-04    0.5885125392E-04    0.6485629375E-04    0.7065641728E-04    0.7621370349E-04    0.8150358688E-04    0.8651260408E-04
        0.0051128308    0.7730350215E-05    0.1232389753E-04    0.1788702569E-04    0.2432538747E-04    0.3151825035E-04    0.3932337953E-04    0.4758529029E-04    0.5614468976E-04    0.6484836758E-04    0.7355704522E-04    0.8215120468E-04    0.9053367182E-04    0.9863002447E-04    0.1063873283E-03    0.1137712962E-03    0.1207631415E-03
        0.0055979820    0.1076379932E-04    0.1715989694E-04    0.2490606726E-04    0.3387095788E-04    0.4388648062E-04    0.5475459990E-04    0.6625881650E-04    0.7817730867E-04    0.9029670627E-04    0.1024230259E-03    0.1143898051E-03    0.1260617081E-03    0.1373350953E-03    0.1481362595E-03    0.1584174658E-03    0.1681525671E-03
        0.0061291687    0.1494707254E-04    0.2382897835E-04    0.3458568632E-04    0.4703482273E-04    0.6094300627E-04    0.7603525681E-04    0.9201093104E-04    0.1085619616E-03    0.1253919882E-03    0.1422315520E-03    0.1588494213E-03    0.1750576132E-03    0.1907121867E-03    0.2057107872E-03    0.2199871397E-03    0.2335049555E-03
        0.0067107592    0.2069355375E-04    0.3299017227E-04    0.4788242388E-04    0.6511786485E-04    0.8437344180E-04    0.1052684886E-03    0.1273867702E-03    0.1503017191E-03    0.1736029276E-03    0.1969171999E-03    0.2199242806E-03    0.2423638325E-03    0.2640365377E-03    0.2848006886E-03    0.3045645512E-03    0.3232779209E-03
        0.0073475362    0.2855674922E-04    0.4552589823E-04    0.6607706115E-04    0.8986194071E-04    0.1164348119E-03    0.1452704099E-03    0.1757943203E-03    0.2074177807E-03    0.2395742504E-03    0.2717484880E-03    0.3034983376E-03    0.3344643985E-03    0.3643715526E-03    0.3930242429E-03    0.4202959144E-03    0.4461173475E-03
        0.0080447363    0.3926872226E-04    0.6260323968E-04    0.9086356074E-04    0.1235708498E-03    0.1601123157E-03    0.1997657322E-03    0.2417411795E-03    0.2852288607E-03    0.3294494079E-03    0.3736939102E-03    0.4173540050E-03    0.4599352435E-03    0.5010592027E-03    0.5404569673E-03    0.5779545737E-03    0.6134569455E-03
        0.0088080930    0.5378805233E-04    0.8575040350E-04    0.1244600504E-03    0.1692612878E-03    0.2193149537E-03    0.2736318891E-03    0.3311300346E-03    0.3906998647E-03    0.4512733230E-03    0.5118787232E-03    0.5716821847E-03    0.6300060521E-03    0.6863318101E-03    0.7402911125E-03    0.7916457863E-03    0.8402657894E-03
        0.0096438838    0.7336545179E-04    0.1169613306E-03    0.1697606701E-03    0.2308693826E-03    0.2991431913E-03    0.3732330620E-03    0.4516629543E-03    0.5329189715E-03    0.6155434385E-03    0.6982099024E-03    0.7797800082E-03    0.8593288094E-03    0.9361487798E-03    0.1009737509E-02    0.1079770333E-02    0.1146070203E-02
        0.0105589819    0.9959563864E-04    0.1587783969E-03    0.2304556262E-03    0.3134140097E-03    0.4061006512E-03    0.5066844138E-03    0.6131612654E-03    0.7234751410E-03    0.8356457428E-03    0.9478705506E-03    0.1058602618E-02    0.1166585241E-02    0.1270857464E-02    0.1370737270E-02    0.1465784261E-02    0.1555758653E-02
        0.0115609128    0.1345174345E-03    0.2144520059E-03    0.3112628733E-03    0.4233119639E-03    0.5485026406E-03    0.6843620035E-03    0.8281828436E-03    0.9771866284E-03    0.1128696258E-02    0.1280274166E-02    0.1429828350E-02    0.1575659700E-02    0.1716469550E-02    0.1851336786E-02    0.1979667185E-02    0.2101137852E-02
        0.0126579159    0.1806444293E-03    0.2879894764E-03    0.4179991033E-03    0.5684745865E-03    0.7366015095E-03    0.9190594052E-03    0.1112211855E-02    0.1312324960E-02    0.1515799574E-02    0.1719357295E-02    0.1920184409E-02    0.2115996275E-02    0.2305047654E-02    0.2486101674E-02    0.2658361372E-02    0.2821394771E-02
        0.0138590124    0.2410656288E-03    0.3843155018E-03    0.5578126976E-03    0.7586247124E-03    0.9829975760E-03    0.1226500743E-02    0.1484279927E-02    0.1751347998E-02    0.2022895307E-02    0.2294538738E-02    0.2562516331E-02    0.2823774564E-02    0.3075982433E-02    0.3317489578E-02    0.3547234221E-02    0.3764642687E-02
        0.0151740797    0.3194618704E-03    0.5092983111E-03    0.7392217559E-03    0.1005348558E-02    0.1302706681E-02    0.1625425419E-02    0.1967069098E-02    0.2321021562E-02    0.2680898079E-02    0.3040876806E-02    0.3395960778E-02    0.3742095781E-02    0.4076189524E-02    0.4396055391E-02    0.4700289293E-02    0.4988135691E-02
        0.0166139325    0.4200716288E-03    0.6696951175E-03    0.9720349680E-03    0.1321988309E-02    0.1713021426E-02    0.2137415563E-02    0.2586703564E-02    0.3052173833E-02    0.3525413080E-02    0.3998744431E-02    0.4465578503E-02    0.4920571968E-02    0.5359653577E-02    0.5779949006E-02    0.6179617038E-02    0.6557672052E-02
        0.0181904113    0.5476340753E-03    0.8730612123E-03    0.1267219618E-02    0.1723462721E-02    0.2233279095E-02    0.2786607052E-02    0.3372400461E-02    0.3979283221E-02    0.4596258599E-02    0.5213284031E-02    0.5821739294E-02    0.6414638944E-02    0.6986667579E-02    0.7534079905E-02    0.8054484150E-02    0.8546608436E-02
        0.0199164806    0.7072410793E-03    0.1127513823E-02    0.1636558771E-02    0.2225801108E-02    0.2884258485E-02    0.3598938007E-02    0.4355561593E-02    0.5139407198E-02    0.5936227750E-02    0.6732999231E-02    0.7518541982E-02    0.8283804130E-02    0.9021909248E-02    0.9728024153E-02    0.1039907431E-01    0.1103343855E-01
        0.0218063349    0.9039787339E-03    0.1441160628E-02    0.2091822237E-02    0.2845017089E-02    0.3686722978E-02    0.4600334735E-02    0.5567582887E-02    0.6569602595E-02    0.7588112709E-02    0.8606380947E-02    0.9610044343E-02    0.1058748581E-01    0.1152989838E-01    0.1243111116E-01    0.1328721777E-01    0.1409618051E-01
        0.0238755154    0.1142666342E-02    0.1821684089E-02    0.2644164727E-02    0.3596293258E-02    0.4660369804E-02    0.5815409416E-02    0.7038289937E-02    0.8305093183E-02    0.9592602198E-02    0.1087953519E-01    0.1214762375E-01    0.1338211115E-01    0.1457183864E-01    0.1570901751E-01    0.1678874708E-01    0.1780850533E-01
        0.0261410384    0.1427630569E-02    0.2275982998E-02    0.3303609420E-02    0.4493286319E-02    0.5822942398E-02    0.7266371732E-02    0.8794646756E-02    0.1037777789E-01    0.1198659447E-01    0.1359430754E-01    0.1517792070E-01    0.1671888721E-01    0.1820322564E-01    0.1962122260E-01    0.2096681138E-01    0.2223692187E-01
        0.0286215345    0.1762838304E-02    0.2810387438E-02    0.4079367144E-02    0.5548574725E-02    0.7190833245E-02    0.8973815307E-02    0.1086175427E-01    0.1281746772E-01    0.1480469483E-01    0.1679005773E-01    0.1874490136E-01    0.2064615775E-01    0.2247650074E-01    0.2422395982E-01    0.2588112376E-01    0.2744431726E-01
        0.0313374022    0.2152396180E-02    0.3431460408E-02    0.4981011630E-02    0.6775279131E-02    0.8781220735E-02    0.1095943990E-01    0.1326622174E-01    0.1565596177E-01    0.1808404027E-01    0.2050926348E-01    0.2289625834E-01    0.2521660762E-01    0.2744905710E-01    0.2957901557E-01    0.3159753897E-01    0.3350029521E-01
        0.0343109759    0.2602928988E-02    0.4149793509E-02    0.6023999428E-02    0.8194591699E-02    0.1062186522E-01    0.1325833641E-01    0.1605112104E-01    0.1894480350E-01    0.2188494001E-01    0.2482107744E-01    0.2770987125E-01    0.3051657758E-01    0.3321533113E-01    0.3578849897E-01    0.3822538901E-01    0.4052095600E-01
        0.0375667089    0.3126039524E-02    0.4983931814E-02    0.7235378230E-02    0.9843566012E-02    0.1276125322E-01    0.1593172483E-01    0.1929151591E-01    0.2277374892E-01    0.2631237450E-01    0.2984589147E-01    0.3332141893E-01    0.3669666380E-01    0.3994029545E-01    0.4303111072E-01    0.4595639362E-01    0.4871030430E-01
        0.0411313750    0.3745348690E-02    0.5971579824E-02    0.8670029466E-02    0.1179718392E-01    0.1529717352E-01    0.1910260044E-01    0.2313759712E-01    0.2732165306E-01    0.3157473576E-01    0.3582187915E-01    0.3999853968E-01    0.4405320753E-01    0.4794791553E-01    0.5165715669E-01    0.5516579595E-01    0.5846706471E-01
        0.0450342886    0.4495937226E-02    0.7168697594E-02    0.1040934630E-01    0.1416656219E-01    0.1837442833E-01    0.2295295310E-01    0.2781143015E-01    0.3285276504E-01    0.3797966700E-01    0.4310034211E-01    0.4813561209E-01    0.5302241359E-01    0.5771449678E-01    0.6218101373E-01    0.6640384443E-01    0.7037509084E-01
        0.0493075457    0.5439557297E-02    0.8673625551E-02    0.1259604938E-01    0.1714601482E-01    0.2224543468E-01    0.2779888928E-01    0.3369722670E-01    0.3982239263E-01    0.4605497558E-01    0.5228136585E-01    0.5840336065E-01    0.6434291693E-01    0.7004311800E-01    0.7546630674E-01    0.8059061753E-01    0.8540680689E-01
        0.0539862877    0.6654711329E-02    0.1061115758E-01    0.1541091241E-01    0.2098120572E-01    0.2722874845E-01    0.3403865941E-01    0.4127817750E-01    0.4880196882E-01    0.5646144544E-01    0.6411395875E-01    0.7163599496E-01    0.7892972729E-01    0.8592434939E-01    0.9257354124E-01    0.9885087602E-01    0.1047457249E+00
        0.0591089906    0.8197177804E-02    0.1306969929E-01    0.1898176958E-01    0.2584584452E-01    0.3355007534E-01    0.4195547601E-01    0.5089941371E-01    0.6020124483E-01    0.6967400003E-01    0.7913650583E-01    0.8843181971E-01    0.9743636258E-01    0.1060617071E+00    0.1142510070E+00    0.1219727592E+00    0.1292153794E+00
        0.0647177816    0.1007762009E-01    0.1606574273E-01    0.2333235213E-01    0.3177289041E-01    0.4125444891E-01    0.5160983566E-01    0.6264005467E-01    0.7411990150E-01    0.8581292183E-01    0.9748793042E-01    0.1089450749E+00    0.1200285507E+00    0.1306287867E+00    0.1406771672E+00    0.1501373559E+00    0.1589979712E+00
        0.0708587849    0.1221127045E-01    0.1946450360E-01    0.2826874783E-01    0.3850296277E-01    0.5001409307E-01    0.6260556501E-01    0.7603711340E-01    0.9002975083E-01    0.1042855966E+00    0.1185112134E+00    0.1324544602E+00    0.1459217497E+00    0.1587801351E+00    0.1709492042E+00    0.1823889114E+00    0.1930897189E+00
        0.0775825017    0.1437120593E-01    0.2290730250E-01    0.3327746407E-01    0.4535135379E-01    0.5896420297E-01    0.7389527659E-01    0.8986219569E-01    0.1065249378E+00    0.1235135404E+00    0.1404618606E+00    0.1570586001E+00    0.1730693824E+00    0.1883375201E+00    0.2027716306E+00    0.2163289895E+00    0.2290027553E+00
        0.0849442250    0.1630011668E-01    0.2599052463E-01    0.3778663143E-01    0.5156537300E-01    0.6716809166E-01    0.8436168812E-01    0.1028239124E+00    0.1221478421E+00    0.1418827752E+00    0.1615826715E+00    0.1808736642E+00    0.1994798613E+00    0.2172209937E+00    0.2339945288E+00    0.2497541315E+00    0.2644941343E+00
        0.0930044946    0.1802699289E-01    0.2876604667E-01    0.4188459648E-01    0.5728885950E-01    0.7484680313E-01    0.9432201578E-01    0.1153484289E+00    0.1374411264E+00    0.1600581722E+00    0.1826668700E+00    0.2048278213E+00    0.2262220398E+00    0.2466437611E+00    0.2659765138E+00    0.2841669013E+00    0.3012068344E+00
        0.1018295948    0.2006520382E-01    0.3204848903E-01    0.4675153200E-01    0.6412657330E-01    0.8407694894E-01    0.1063529940E+00    0.1305214387E+00    0.1559945411E+00    0.1821209556E+00    0.2082695504E+00    0.2339281787E+00    0.2587294140E+00    0.2824373303E+00    0.3049173301E+00    0.3261053807E+00    0.3459882811E+00
        0.1114920997    0.2326519129E-01    0.3717363788E-01    0.5429854377E-01    0.7463814772E-01    0.9811368506E-01    0.1244203983E+00    0.1530085428E+00    0.1831468290E+00    0.2140466261E+00    0.2449588058E+00    0.2752856019E+00    0.3046030029E+00    0.3326404539E+00    0.3592435810E+00    0.3843380843E+00    0.4079075927E+00
        0.1220714697    0.2798819956E-01    0.4469734699E-01    0.6530757407E-01    0.8985122824E-01    0.1182293535E+00    0.1500218884E+00    0.1845080103E+00    0.2207747439E+00    0.2578703944E+00    0.2949074913E+00    0.3311886489E+00    0.3662253345E+00    0.3997096715E+00    0.4314686089E+00    0.4614209970E+00    0.4895521753E+00
        0.1336547051    0.3303492965E-01    0.5274278027E-01    0.7712287358E-01    0.1062541683E+00    0.1400016851E+00    0.1778059253E+00    0.2187658731E+00    0.2617859241E+00    0.3057466885E+00    0.3496102573E+00    0.3925653160E+00    0.4340456549E+00    0.4736955578E+00    0.5113154453E+00    0.5468116148E+00    0.5801672280E+00
        0.1463370617    0.3655894592E-01    0.5846880030E-01    0.8579448404E-01    0.1187218925E+00    0.1571191783E+00    0.2003331345E+00    0.2473335577E+00    0.2968755796E+00    0.3476788094E+00    0.3985397062E+00    0.4485058427E+00    0.4969018190E+00    0.5432930522E+00    0.5874253446E+00    0.6291682359E+00    0.6684826623E+00
        0.1602228341    0.3899811223E-01    0.6260680510E-01    0.9243296559E-01    0.1288179101E+00    0.1716747597E+00    0.2203084745E+00    0.2735988021E+00    0.3301587957E+00    0.3885255906E+00    0.4472909386E+00    0.5053166613E+00    0.5617752636E+00    0.6161157947E+00    0.6679985055E+00    0.7172316097E+00    0.7637350903E+00
        0.1754262130    0.4380417092E-01    0.7047235940E-01    0.1044483240E+00    0.1461643367E+00    0.1955271786E+00    0.2517577236E+00    0.3135947474E+00    0.3794482346E+00    0.4476143674E+00    0.5164319667E+00    0.5845474305E+00    0.6509681613E+00    0.7150256094E+00    0.7762999064E+00    0.8345462504E+00    0.8896531005E+00
        0.1920722248    0.5121178053E-01    0.8236531406E-01    0.1221615675E+00    0.1710454896E+00    0.2288733725E+00    0.2947395512E+00    0.3671907896E+00    0.4443819565E+00    0.5243265190E+00    0.6050813275E+00    0.6850656606E+00    0.7631228924E+00    0.8384748291E+00    0.9106314491E+00    0.9793040580E+00    0.1044357245E+01
        0.2102977595    0.5623054678E-01    0.9074264057E-01    0.1352671739E+00    0.1903893873E+00    0.2560606840E+00    0.3313520981E+00    0.4146647529E+00    0.5038955453E+00    0.5967350342E+00    0.6908927864E+00    0.7844853886E+00    0.8761174368E+00    0.9648339051E+00    0.1050017893E+01    0.1131290914E+01    0.1208458068E+01
        0.2302526962    0.5971430557E-01    0.9699498977E-01    0.1458214231E+00    0.2070548613E+00    0.2808664753E+00    0.3663678129E+00    0.4618196201E+00    0.5648188252E+00    0.6726586913E+00    0.7826097047E+00    0.8923947173E+00    0.1000299566E+01    0.1105127562E+01    0.1206085070E+01    0.1302666784E+01    0.1394592026E+01
        0.2521011363    0.6696028487E-01    0.1089464208E+00    0.1642550705E+00    0.2339520646E+00    0.3183717829E+00    0.4166045545E+00    0.5267255727E+00    0.6460042601E+00    0.7713240487E+00    0.8995107839E+00    0.1027897624E+01    0.1154459407E+01    0.1277764131E+01    0.1396843484E+01    0.1511062629E+01    0.1620049347E+01
        0.2760227522    0.7258697720E-01    0.1186556713E+00    0.1800302629E+00    0.2581540567E+00    0.3536639221E+00    0.4657102781E+00    0.5922042134E+00    0.7300516241E+00    0.8756460805E+00    0.1025261998E+01    0.1175732557E+01    0.1324621362E+01    0.1470176949E+01    0.1611189078E+01    0.1746841264E+01    0.1876630826E+01
        0.3022142655    0.7674406310E-01    0.1264564572E+00    0.1937801898E+00    0.2807211423E+00    0.3883559021E+00    0.5159612311E+00    0.6612778436E+00    0.8207787251E+00    0.9902569192E+00    0.1165305509E+01    0.1342134342E+01    0.1517790780E+01    0.1690120147E+01    0.1857605707E+01    0.2019200236E+01    0.2174234205E+01
        0.3308910644    0.8283897794E-01    0.1371795052E+00    0.2116656345E+00    0.3089188853E+00    0.4305338723E+00    0.5759839628E+00    0.7428889762E+00    0.9273016334E+00    0.1124388540E+01    0.1329001335E+01    0.1536652697E+01    0.1743796686E+01    0.1947801433E+01    0.2146776110E+01    0.2339383102E+01    0.2524735684E+01
        0.3622889751    0.8633795928E-01    0.1445851974E+00    0.2260657071E+00    0.3342969397E+00    0.4715850404E+00    0.6376717580E+00    0.8300114698E+00    0.1044105181E+01    0.1274315532E+01    0.1514562307E+01    0.1759489717E+01    0.2004817688E+01    0.2247326689E+01    0.2484666592E+01    0.2715143637E+01    0.2937603710E+01
        0.3966662010    0.9104199033E-01    0.1539515275E+00    0.2435649698E+00    0.3644614690E+00    0.5198381708E+00    0.7098383010E+00    0.9318168204E+00    0.1180710637E+01    0.1449998447E+01    0.1732538575E+01    0.2021962068E+01    0.2313113326E+01    0.2602056671E+01    0.2885870940E+01    0.3162411829E+01    0.3430180743E+01
        0.4343054463    0.9477545814E-01    0.1624902426E+00    0.2610893969E+00    0.3965005126E+00    0.5730283404E+00    0.7913188219E+00    0.1048618227E+01    0.1339197410E+01    0.1655487067E+01    0.1989084712E+01    0.2332411063E+01    0.2679256496E+01    0.3024815235E+01    0.3365465981E+01    0.3698507559E+01    0.4022011451E+01
        0.4755162407    0.9959244156E-01    0.1729231222E+00    0.2819171045E+00    0.4341665129E+00    0.6354076263E+00    0.8870202078E+00    0.1186240499E+01    0.1526627629E+01    0.1899403022E+01    0.2294667757E+01    0.2703381590E+01    0.3118046582E+01    0.3532783016E+01    0.3943099559E+01    0.4345600256E+01    0.4737817505E+01
        0.5206374847    0.1050201684E+00    0.1846850503E+00    0.3055952351E+00    0.4774511231E+00    0.7078393575E+00    0.9991398779E+00    0.1348653651E+01    0.1749118688E+01    0.2190307130E+01    0.2660511827E+01    0.3148918296E+01    0.3646458377E+01    0.4145939526E+01    0.4641805077E+01    0.5129808073E+01    0.5606819253E+01
        0.5700402368    0.1109239642E+00    0.1976825638E+00    0.3322882849E+00    0.5271245008E+00    0.7921421072E+00    0.1131020061E+01    0.1541175874E+01    0.2014359934E+01    0.2538585308E+01    0.3099955325E+01    0.3685507831E+01    0.4284273609E+01    0.4887470012E+01    0.5488250756E+01    0.6081340608E+01    0.6662810808E+01
        0.6241307649    0.1168070572E+00    0.2115208694E+00    0.3620314110E+00    0.5840745342E+00    0.8905338817E+00    0.1286699126E+01    0.1770135139E+01    0.2331390956E+01    0.2956347129E+01    0.3628465907E+01    0.4332199091E+01    0.5054291406E+01    0.5784050966E+01    0.6513087693E+01    0.7234901141E+01    0.7944612410E+01
        0.6833538873    0.1227245219E+00    0.2264816224E+00    0.3955892694E+00    0.6499346244E+00    0.1006024468E+01    0.1471139918E+01    0.2043023243E+01    0.2710747760E+01    0.3457595492E+01    0.4263837986E+01    0.5110818918E+01    0.5982548887E+01    0.6866064370E+01    0.7751151009E+01    0.8629872929E+01    0.9496244583E+01
        0.7481966305    0.1291718208E+00    0.2432201604E+00    0.4340248201E+00    0.7266629808E+00    0.1142136162E+01    0.1690156041E+01    0.2368621594E+01    0.3164741391E+01    0.4058600991E+01    0.5026612352E+01    0.6046398603E+01    0.7098728032E+01    0.8167968283E+01    0.9241785521E+01    0.1031059794E+02    0.1136716306E+02
        0.8191922345    0.1359883695E+00    0.2618294467E+00    0.4781093568E+00    0.8163305667E+00    0.1302992482E+01    0.1950694639E+01    0.2757388180E+01    0.3707885014E+01    0.4778323617E+01    0.5940458026E+01    0.7167488896E+01    0.8436383402E+01    0.9728423344E+01    0.1102886360E+02    0.1232628488E+02    0.1361206098E+02
        0.8969245379    0.1433010640E+00    0.2827294223E+00    0.5290337930E+00    0.9216390875E+00    0.1493694470E+01    0.2261125567E+01    0.3221683105E+01    0.4357046404E+01    0.5638463296E+01    0.7032086403E+01    0.8505906674E+01    0.1003249785E+02    0.1158964266E+02    0.1315992282E+02    0.1472993556E+02    0.1628959039E+02
        0.9820327791    0.1512411601E+00    0.3064153125E+00    0.5882484416E+00    0.1045870266E+01    0.1720355246E+01    0.2631308347E+01    0.3775800266E+01    0.5131373961E+01    0.6663216341E+01    0.8330786316E+01    0.1009601079E+02    0.1192647472E+02    0.1379608752E+02    0.1568456173E+02    0.1757644494E+02    0.1946017526E+02
        1.0752168532    0.1599377235E+00    0.3334823755E+00    0.6575207164E+00    0.1192972907E+01    0.1990195745E+01    0.3072648391E+01    0.4435914195E+01    0.6052058632E+01    0.7878785676E+01    0.9867632048E+01    0.1197357489E+02    0.1415865792E+02    0.1639262894E+02    0.1865224599E+02    0.2092006037E+02    0.2318313435E+02
        1.1772430677    0.1695756659E+00    0.3646672847E+00    0.7389799297E+00    0.1367618466E+01    0.2311578239E+01    0.3598035308E+01    0.5219831499E+01    0.7141812598E+01    0.9312521640E+01    0.1167424617E+02    0.1417415424E+02    0.1676830100E+02    0.1942212769E+02    0.2210951351E+02    0.2481122846E+02    0.2751318353E+02
        1.2889504441    0.1803658861E+00    0.4008552325E+00    0.8351677920E+00    0.1575275568E+01    0.2694041259E+01    0.4221740388E+01    0.6146648399E+01    0.8424206208E+01    0.1099189121E+02    0.1378138575E+02    0.1673129688E+02    0.1979142511E+02    0.2292296644E+02    0.2609720893E+02    0.2929355614E+02    0.3249713887E+02
        1.4112576178    0.1925616674E+00    0.4431031520E+00    0.9490792526E+00    0.1822237657E+01    0.3148226204E+01    0.4959126554E+01    0.7236143646E+01    0.9922686523E+01    0.1294311234E+02    0.1621721897E+02    0.1967450960E+02    0.2325852902E+02    0.2692655694E+02    0.3064783397E+02    0.3440103978E+02    0.3817104392E+02
        1.5451703927    0.2064637572E+00    0.4926652724E+00    0.1084209627E+01    0.2115635409E+01    0.3685743558E+01    0.5826250028E+01    0.8508041427E+01    0.1165949279E+02    0.1518976936E+02    0.1900572055E+02    0.2302752448E+02    0.2719281463E+02    0.3145560052E+02    0.3578390419E+02    0.4015656159E+02    0.4455882672E+02
        1.6917900122    0.2224368396E+00    0.5510403995E+00    0.1244625067E+01    0.2463453936E+01    0.4319015212E+01    0.6839430843E+01    0.9981291000E+01    0.1365470874E+02    0.1775175481E+02    0.2216563793E+02    0.2680741790E+02    0.3160956982E+02    0.3652382418E+02    0.4151810615E+02    0.4657251330E+02    0.5167340942E+02
        1.8523222157    0.2409020871E+00    0.6199716832E+00    0.1434932172E+01    0.2874359704E+01    0.5060826713E+01    0.8014470711E+01    0.1167300504E+02    0.1592506697E+02    0.2064412329E+02    0.2570957233E+02    0.3102406963E+02    0.3651612648E+02    0.4213653007E+02    0.4785450676E+02    0.5365270933E+02    0.5951934438E+02
        2.0280871538    0.2623592291E+00    0.7014967936E+00    0.1660312040E+01    0.3357602725E+01    0.5924003422E+01    0.9366129849E+01    0.1359789486E+02    0.1848356810E+02    0.2387711595E+02    0.2964458513E+02    0.3568147804E+02    0.4191397316E+02    0.4829356699E+02    0.5479242461E+02    0.6139717782E+02    0.6809852775E+02
        2.2205302450    0.2873916555E+00    0.7979599925E+00    0.1926464566E+01    0.3922765597E+01    0.6920917463E+01    0.1090751173E+02    0.1576777650E+02    0.2133937070E+02    0.2745663748E+02    0.3397338651E+02    0.4077972588E+02    0.4780153278E+02    0.5499293815E+02    0.6233087370E+02    0.6980742894E+02    0.7741627439E+02
        2.4312340620    0.3145280462E+00    0.9076033788E+00    0.2231503245E+01    0.4566614504E+01    0.8044311018E+01    0.1262437889E+02    0.1815929931E+02    0.2445909656E+02    0.3133943642E+02    0.3864378741E+02    0.4625915842E+02    0.5411353975E+02    0.6216582680E+02    0.7039963135E+02    0.7881388652E+02    0.8740539098E+02
        2.6619313461    0.3487733045E+00    0.1042018748E+01    0.2597474355E+01    0.5323533801E+01    0.9340861251E+01    0.1457496418E+02    0.2084178590E+02    0.2792310808E+02    0.3561706625E+02    0.4375873425E+02    0.5223446832E+02    0.6097707287E+02    0.6995257825E+02    0.7915334398E+02    0.8858647473E+02    0.9825180941E+02
        2.9145192568    0.3890020251E+00    0.1200398461E+01    0.3023649881E+01    0.6190609295E+01    0.1080222431E+02    0.1674304152E+02    0.2379016475E+02    0.3169773156E+02    0.4024820962E+02    0.4927071395E+02    0.5865385486E+02    0.6833836472E+02    0.7829992729E+02    0.8854161929E+02    0.9907966479E+02    0.1099164210E+03
        3.1910749729    0.4362028964E+00    0.1386225563E+01    0.3516554227E+01    0.7175796225E+01    0.1243558666E+02    0.1913384753E+02    0.2700773908E+02    0.3578496954E+02    0.4523441710E+02    0.5518193446E+02    0.6552175996E+02    0.7620612023E+02    0.8722294472E+02    0.9858772684E+02    0.1103262141E+03    0.1224423913E+03
        3.4938727747    0.4915586611E+00    0.1603336254E+01    0.4082802559E+01    0.8286602032E+01    0.1424751523E+02    0.2175245678E+02    0.3049844720E+02    0.4018819564E+02    0.5057913487E+02    0.6149694829E+02    0.7284555410E+02    0.8459271152E+02    0.9674103562E+02    0.1093195461E+03    0.1223631956E+03    0.1358764950E+03
        3.8254027466    0.5563475049E+00    0.1855641411E+01    0.4728568970E+01    0.9529453905E+01    0.1624331781E+02    0.2460291167E+02    0.3426536351E+02    0.4490973135E+02    0.5628430197E+02    0.6821840722E+02    0.8063059662E+02    0.9350851237E+02    0.1068713263E+03    0.1207617487E+03    0.1352229135E+03    0.1502589127E+03
        4.1883912545    0.6320237967E+00    0.2147231995E+01    0.5459817736E+01    0.1091030104E+02    0.1842801754E+02    0.2768924803E+02    0.3831144312E+02    0.4995120638E+02    0.6235045994E+02    0.7534713771E+02    0.8888033886E+02    0.1029617938E+03    0.1176279848E+03    0.1329343619E+03    0.1489309454E+03    0.1656211810E+03
        4.5858233661    0.7201789098E+00    0.2482236578E+01    0.6282128531E+01    0.1243451265E+02    0.2080610768E+02    0.3101474126E+02    0.4263809720E+02    0.5531158690E+02    0.6877452150E+02    0.8287987666E+02    0.9759393752E+02    0.1129558080E+03    0.1290184628E+03    0.1458483613E+03    0.1635017706E+03    0.1819824999E+03
        5.0209673996    0.8225322330E+00    0.2864760195E+01    0.7200698605E+01    0.1410695276E+02    0.2338141129E+02    0.3458132626E+02    0.4724424137E+02    0.6098612832E+02    0.7554893469E+02    0.9080873347E+02    0.1067656696E+03    0.1234876578E+03    0.1410418208E+03    0.1595041763E+03    0.1789383542E+03    0.1993507906E+03
        5.4974018001    0.9409930621E+00    0.3299005099E+01    0.8220671799E+01    0.1593244607E+02    0.2615744706E+02    0.3838984724E+02    0.5212665739E+02    0.6696715707E+02    0.8266311143E+02    0.9912313141E+02    0.1163868227E+03    0.1345498315E+03    0.1536905152E+03    0.1738948335E+03    0.1952370933E+03    0.2177290321E+03
        6.0190445678    0.1077628673E+01    0.3789204453E+01    0.9347082840E+01    0.1791554507E+02    0.2913686404E+02    0.4243928266E+02    0.5727926964E+02    0.7324366602E+02    0.9010345867E+02    0.1078099240E+03    0.1264453229E+03    0.1461296477E+03    0.1669509100E+03    0.1890083279E+03    0.2123913331E+03    0.2371186693E+03
        6.5901854779    0.1234661965E+01    0.4339634962E+01    0.1058489046E+02    0.2006041045E+02    0.3232116050E+02    0.4672649626E+02    0.6269315140E+02    0.7980177358E+02    0.9785424519E+02    0.1168540935E+03    0.1369259673E+03    0.1582101316E+03    0.1808060472E+03    0.2048317785E+03    0.2303950857E+03    0.2575215735E+03
        7.2155213579    0.1414516750E+01    0.4954739753E+01    0.1193915534E+02    0.2237093939E+02    0.3571085866E+02    0.5124664472E+02    0.6835733514E+02    0.8662607051E+02    0.1058992341E+03    0.1262399788E+03    0.1478116082E+03    0.1707727713E+03    0.1952400690E+03    0.2213554811E+03    0.2492449451E+03    0.2789391643E+03
        7.9001947124    0.1619703221E+01    0.5638884187E+01    0.1341452073E+02    0.2484987372E+02    0.3930433229E+02    0.5599185378E+02    0.7425748114E+02    0.9369836779E+02    0.1142200509E+03    0.1359487708E+03    0.1590810586E+03    0.1837969463E+03    0.2102373959E+03    0.2385694888E+03    0.2689332772E+03    0.3013622112E+03
        8.6498360130    0.1852862094E+01    0.6396453759E+01    0.1501530662E+02    0.2749892174E+02    0.4309809491E+02    0.6095180202E+02    0.8037691006E+02    0.1009991635E+03    0.1227974018E+03    0.1459595561E+03    0.1707117725E+03    0.1972635247E+03    0.2257843373E+03    0.2564619036E+03    0.2894435037E+03    0.3247655376E+03
        9.4706100008    0.2116763341E+01    0.7231832414E+01    0.1674539739E+02    0.3031860899E+02    0.4708672989E+02    0.6611384600E+02    0.8669707952E+02    0.1085082973E+03    0.1316111732E+03    0.1562498924E+03    0.1826821310E+03    0.2111560828E+03    0.2418670293E+03    0.2750136143E+03    0.3107460190E+03    0.3491125199E+03
       10.3692663829    0.2414304681E+01    0.8149364991E+01    0.1860812474E+02    0.3330816147E+02    0.5126288411E+02    0.7146324618E+02    0.9319818125E+02    0.1162055117E+03    0.1406404785E+03    0.1667972002E+03    0.1949734037E+03    0.2254600677E+03    0.2584671865E+03    0.2941947887E+03    0.3328058095E+03    0.3743757399E+03
       11.3531953391    0.2748508089E+01    0.9153305798E+01    0.2060615454E+02    0.3646542420E+02    0.5561732429E+02    0.7698349560E+02    0.9985983341E+02    0.1240708536E+03    0.1498639942E+03    0.1775807501E+03    0.2075703283E+03    0.2401597636E+03    0.2755583423E+03    0.3139720074E+03    0.3555999334E+03    0.4005474092E+03
       12.4304882957    0.3122512696E+01    0.1024775702E+02    0.2274138526E+02    0.3978681680E+02    0.6013904977E+02    0.8265673752E+02    0.1066617949E+03    0.1320848859E+03    0.1592609202E+03    0.1885834527E+03    0.2204598654E+03    0.2552345733E+03    0.2931100343E+03    0.3343247904E+03    0.3791198055E+03    0.4276144653E+03
       13.6100044661    0.3539562890E+01    0.1143660119E+02    0.2501486439E+02    0.4326733120E+02    0.6481546136E+02    0.8846425477E+02    0.1135845824E+03    0.1402288033E+03    0.1688124659E+03    0.1997925687E+03    0.2336280737E+03    0.2706594590E+03    0.3111020137E+03    0.3552467064E+03    0.4033476462E+03    0.4555293457E+03
       14.9014437053    0.4002991127E+01    0.1272343153E+02    0.2742672700E+02    0.4690057749E+02    0.6963260444E+02    0.9438704251E+02    0.1206099267E+03    0.1484846677E+03    0.1785034605E+03    0.2111984268E+03    0.2470575215E+03    0.2864134540E+03    0.3295298456E+03    0.3767220761E+03    0.4282388918E+03    0.4842388947E+03
       16.3154262774    0.4516195608E+01    0.1411148364E+02    0.2997615472E+02    0.5067887118E+02    0.7457549096E+02    0.1004064617E+03    0.1277211669E+03    0.1568360068E+03    0.1883235789E+03    0.2227914771E+03    0.2607293489E+03    0.3024899582E+03    0.3483845770E+03    0.3987133727E+03    0.4537536856E+03    0.5137285886E+03
       17.8635801925    0.5082613508E+01    0.1560357232E+02    0.3266135371E+02    0.5459333982E+02    0.7962844114E+02    0.1065049418E+03    0.1349033195E+03    0.1652694854E+03    0.1982664199E+03    0.2345611376E+03    0.2746314616E+03    0.3188895129E+03    0.3676374248E+03    0.4211877542E+03    0.4798848587E+03    0.5439680136E+03
       19.5586368304    0.5705690674E+01    0.1720203808E+02    0.3547955954E+02    0.5863404489E+02    0.8477543611E+02    0.1126665112E+03    0.1421430318E+03    0.1737762293E+03    0.2083284534E+03    0.2464953414E+03    0.2887674588E+03    0.3355966470E+03    0.3872638127E+03    0.4441419552E+03    0.5065974683E+03    0.5748970805E+03
       21.4145356385    0.6388848717E+01    0.1890870486E+02    0.3842707833E+02    0.6279017141E+02    0.9000059743E+02    0.1188769048E+03    0.1494293665E+03    0.1823510670E+03    0.2185075905E+03    0.2585883322E+03    0.3031404752E+03    0.3525920692E+03    0.4072585945E+03    0.4675563453E+03    0.5338469984E+03    0.6064893738E+03
       23.4465387640    0.7135450547E+01    0.2072484643E+02    0.4149935424E+02    0.6705029877E+02    0.9528857670E+02    0.1251244160E+03    0.1567532443E+03    0.1909949847E+03    0.2287968598E+03    0.2708504870E+03    0.3177370956E+03    0.3698712532E+03    0.4276188173E+03    0.4913819232E+03    0.5616311075E+03    0.6387059284E+03
       25.6713565631    0.7948765680E+01    0.2265116033E+02    0.4469103325E+02    0.7140256060E+02    0.1006252501E+03    0.1313998583E+03    0.1641093498E+03    0.1997108492E+03    0.2391967596E+03    0.2832847545E+03    0.3325561042E+03    0.3874299308E+03    0.4483132759E+03    0.5156371672E+03    0.5898790343E+03    0.6715251961E+03
       28.1072850208    0.8831936402E+01    0.2468775662E+02    0.4799601160E+02    0.7583487373E+02    0.1059983939E+03    0.1376952885E+03    0.1714990653E+03    0.2085000145E+03    0.2497164147E+03    0.2958955439E+03    0.3475892480E+03    0.4052812280E+03    0.4693177028E+03    0.5402873621E+03    0.6186165286E+03    0.7048436503E+03
       30.7743562090    0.9787944236E+01    0.2683416895E+02    0.5140758941E+02    0.8033535240E+02    0.1113968516E+03    0.1440071971E+03    0.1789228157E+03    0.2173733326E+03    0.2603593051E+03    0.3086896909E+03    0.3628503948E+03    0.4233796697E+03    0.4906911263E+03    0.5652523980E+03    0.6478181476E+03    0.7387276190E+03
       33.6945030221    0.1081957523E+02    0.2908936894E+02    0.5491862141E+02    0.8489212335E+02    0.1168129086E+03    0.1503315635E+03    0.1863930440E+03    0.2263228776E+03    0.2711651773E+03    0.3216340972E+03    0.3783763809E+03    0.4417256647E+03    0.5123438923E+03    0.5906792027E+03    0.6773044118E+03    0.7731541446E+03
       36.8917395444    0.1192938554E+02    0.3145175194E+02    0.5852147680E+02    0.8949448699E+02    0.1222410928E+03    0.1566678528E+03    0.1939215947E+03    0.2353660997E+03    0.2821102357E+03    0.3348143318E+03    0.3940521410E+03    0.4604457726E+03    0.5342223466E+03    0.6164163423E+03    0.7073811279E+03    0.8077979744E+03
       40.3923585315    0.1311967159E+02    0.3391916276E+02    0.6220841138E+02    0.9413271133E+02    0.1276754278E+03    0.1630303795E+03    0.2014957008E+03    0.2445598285E+03    0.2931715619E+03    0.3482127060E+03    0.4100116890E+03    0.4792811317E+03    0.5566289461E+03    0.6423167708E+03    0.7377844972E+03    0.8432076599E+03
       44.2251476316    0.1439244298E+02    0.3648893433E+02    0.6597125737E+02    0.9879644193E+02    0.1331215598E+03    0.1694084504E+03    0.2091695258E+03    0.2538309093E+03    0.3045117742E+03    0.3616900417E+03    0.4263111232E+03    0.4984218395E+03    0.5790792697E+03    0.6689455082E+03    0.7682641597E+03    0.8789366268E+03
       48.4216261230    0.1574939417E+02    0.3915787222E+02    0.6980163865E+02    0.1034814684E+03    0.1385730131E+03    0.1758253615E+03    0.2169274437E+03    0.2632715796E+03    0.3159463969E+03    0.3755888751E+03    0.4425761456E+03    0.5180725672E+03    0.6018448114E+03    0.6955166476E+03    0.7997312068E+03    0.9146453351E+03
       53.0163041156    0.1719187018E+02    0.4192245641E+02    0.7369251470E+02    0.1081797090E+03    0.1440265169E+03    0.1823246273E+03    0.2247331828E+03    0.2729413429E+03    0.3275467884E+03    0.3896146876E+03    0.4594144477E+03    0.5375123924E+03    0.6253255757E+03    0.7224193082E+03    0.8309727940E+03    0.9516594217E+03
       58.0469663481    0.1872082910E+02    0.4477852966E+02    0.7763428288E+02    0.1128834075E+03    0.1495205839E+03    0.1888308593E+03    0.2327821451E+03    0.2826032815E+03    0.3395945869E+03    0.4037150029E+03    0.4764397065E+03    0.5577012494E+03    0.6483748910E+03    0.7502554152E+03    0.8626238381E+03    0.9881968636E+03
       63.5549829136    0.2033684633E+02    0.4772148129E+02    0.8161995370E+02    0.1176080865E+03    0.1550103603E+03    0.1954639834E+03    0.2408796451E+03    0.2926645780E+03    0.3515128527E+03    0.4185230733E+03    0.4933728278E+03    0.5781308140E+03    0.6723980397E+03    0.7774062716E+03    0.8953978777E+03    0.1025345751E+04
       69.5856494710    0.2204005668E+02    0.5074702602E+02    0.8564579923E+02    0.1223290777E+03    0.1605337819E+03    0.2022172515E+03    0.2491046945E+03    0.3028749685E+03    0.3639370166E+03    0.4330643884E+03    0.5113291082E+03    0.5982901708E+03    0.6966570017E+03    0.8058412806E+03    0.9272258862E+03    0.1063708343E+04
       76.1885597370    0.2383011384E+02    0.5384893721E+02    0.8969506066E+02    0.1270575947E+03    0.1661604111E+03    0.2089466298E+03    0.2577110859E+03    0.3130867528E+03    0.3766700973E+03    0.4481630672E+03    0.5288430260E+03    0.6198243152E+03    0.7205244672E+03    0.8343825956E+03    0.9607765991E+03    0.1100874215E+04
       83.4180133251    0.2570622379E+02    0.5702240543E+02    0.9377391737E+02    0.1318331935E+03    0.1717444718E+03    0.2160105451E+03    0.2661904094E+03    0.3240011752E+03    0.3891959297E+03    0.4637584587E+03    0.5469725188E+03    0.6406744731E+03    0.7461299689E+03    0.8625447177E+03    0.9941107190E+03    0.1140362671E+04
       91.3334622825    0.2766675509E+02    0.6026286490E+02    0.9787618199E+02    0.1365708922E+03    0.1775051263E+03    0.2230743278E+03    0.2751581734E+03    0.3346622864E+03    0.4027580058E+03    0.4789379129E+03    0.5657815090E+03    0.6622906640E+03    0.7707170332E+03    0.8928104421E+03    0.1027238674E+04    0.1179064175E+04
      100.0000000000    0.2970946688E+02    0.6355861475E+02    0.1019728611E+03    0.1413829656E+03    0.1833393587E+03    0.2302797974E+03    0.2842841828E+03    0.3458472408E+03    0.4159089475E+03    0.4954645549E+03    0.5839976810E+03    0.6846870443E+03    0.7964028050E+03    0.9215981898E+03    0.1062830957E+04    0.1218024825E+04
