               #####        0.2000000000        0.2533333333        0.3066666667        0.3600000000        0.4133333333        0.4666666667        0.5200000000        0.5733333333        0.6266666667        0.6800000000        0.7333333333        0.7866666667        0.8400000000        0.8933333333        0.9466666667        1.0000000000
        0.0010000000    0.1369187229E-07    0.2182620620E-07    0.3167511071E-07    0.4306967685E-07    0.5579378462E-07    0.6959296752E-07    0.8419083445E-07    0.9930428980E-07    0.1146618817E-06    0.1300176460E-06    0.1451612049E-06    0.1599220959E-06    0.1741703031E-06    0.1878138661E-06    0.2007937352E-06    0.2130781254E-06
        0.0010948890    0.1955142942E-07    0.3116693080E-07    0.4523078388E-07    0.6150180674E-07    0.7967136018E-07    0.9937597169E-07    0.1202210898E-06    0.1418024578E-06    0.1637324504E-06    0.1856598373E-06    0.2072842051E-06    0.2283621381E-06    0.2487079786E-06    0.2681904107E-06    0.2867251136E-06    0.3042667000E-06
        0.0011987818    0.2790554771E-07    0.4448424226E-07    0.6455746876E-07    0.8778101223E-07    0.1137143088E-06    0.1418384059E-06    0.1715903652E-06    0.2023931834E-06    0.2336936020E-06    0.2649903082E-06    0.2958545201E-06    0.3259388102E-06    0.3549781899E-06    0.3827852330E-06    0.4092395898E-06    0.4342764793E-06
        0.0013125330    0.3980701274E-07    0.6345639222E-07    0.9209073197E-07    0.1252190476E-06    0.1622128037E-06    0.2023314366E-06    0.2447722458E-06    0.2887121227E-06    0.3333618415E-06    0.3780062751E-06    0.4220337621E-06    0.4649486948E-06    0.5063730672E-06    0.5460395174E-06    0.5837763675E-06    0.6194912090E-06
        0.0014370779    0.5675218472E-07    0.9046873924E-07    0.1312923360E-06    0.1785230447E-06    0.2312646512E-06    0.2884608834E-06    0.3489678741E-06    0.4116121021E-06    0.4752683705E-06    0.5389171203E-06    0.6016863028E-06    0.6628693295E-06    0.7219272804E-06    0.7784789815E-06    0.8322796750E-06    0.8831976165E-06
        0.0015734408    0.8085584590E-07    0.1288924763E-06    0.1870547488E-06    0.2543455547E-06    0.3294878455E-06    0.4109759718E-06    0.4971811040E-06    0.5864312612E-06    0.6771233386E-06    0.7678047293E-06    0.8572329881E-06    0.9444014109E-06    0.1028542183E-05    0.1109112237E-05    0.1185762865E-05    0.1258306369E-05
        0.0017227429    0.1151129412E-06    0.1835018770E-06    0.2663066829E-06    0.3621079493E-06    0.4690872486E-06    0.5850997705E-06    0.7078279734E-06    0.8348914205E-06    0.9640077775E-06    0.1093108958E-05    0.1220426080E-05    0.1344525893E-05    0.1464315263E-05    0.1579021036E-05    0.1688146763E-05    0.1791425226E-05
        0.0018862122    0.1637558198E-06    0.2610437832E-06    0.3788395838E-06    0.5151242709E-06    0.6673104969E-06    0.8323450854E-06    0.1006933434E-05    0.1187689109E-05    0.1371365299E-05    0.1555019958E-05    0.1736136670E-05    0.1912676500E-05    0.2083084374E-05    0.2246260431E-05    0.2401498439E-05    0.2548418273E-05
        0.0020651929    0.2327429261E-06    0.3710166422E-06    0.5384382396E-06    0.7321386390E-06    0.9484396650E-06    0.1182998554E-05    0.1431136404E-05    0.1688039981E-05    0.1949094606E-05    0.2210118710E-05    0.2467535662E-05    0.2718447490E-05    0.2960643974E-05    0.3192561898E-05    0.3413197519E-05    0.3622010583E-05
        0.0022611570    0.3304575094E-06    0.5267843439E-06    0.7644972920E-06    0.1039523402E-05    0.1346638918E-05    0.1679672336E-05    0.2031986280E-05    0.2396746483E-05    0.2767400771E-05    0.3138011834E-05    0.3503501268E-05    0.3859754299E-05    0.4203632723E-05    0.4532917026E-05    0.4846182068E-05    0.5142660800E-05
        0.0024757158    0.4686576641E-06    0.7470907207E-06    0.1084219245E-05    0.1474268054E-05    0.1909826611E-05    0.2382133464E-05    0.2881784995E-05    0.3399088404E-05    0.3924751238E-05    0.4450352915E-05    0.4968690923E-05    0.5473929450E-05    0.5961617793E-05    0.6428608225E-05    0.6872879621E-05    0.7293344198E-05
        0.0027106339    0.6638376590E-06    0.1058229707E-05    0.1535764062E-05    0.2088262189E-05    0.2705223828E-05    0.3374223996E-05    0.4081958241E-05    0.4814696460E-05    0.5559276064E-05    0.6303769201E-05    0.7037973302E-05    0.7753621799E-05    0.8444410293E-05    0.9105880148E-05    0.9735168563E-05    0.1033073481E-04
        0.0029678432    0.9390980017E-06    0.1497026515E-05    0.2172575847E-05    0.2954179199E-05    0.3826976746E-05    0.4773367476E-05    0.5774555192E-05    0.6811115702E-05    0.7864428366E-05    0.8917618835E-05    0.9956253282E-05    0.1096863684E-04    0.1194585078E-04    0.1288158772E-04    0.1377179790E-04    0.1461430190E-04
        0.0032494587    0.1326490511E-05    0.2114576091E-05    0.3068808693E-05    0.4172854873E-05    0.5405715823E-05    0.6742490577E-05    0.8156669461E-05    0.9620814125E-05    0.1110862239E-04    0.1259625800E-04    0.1406333169E-04    0.1549332333E-04    0.1687363473E-04    0.1819535668E-04    0.1945276902E-04    0.2064279359E-04
        0.0035577965    0.1870636394E-05    0.2982010963E-05    0.4327697951E-05    0.5884671572E-05    0.7623304376E-05    0.9508416490E-05    0.1150268845E-04    0.1356742415E-04    0.1566553161E-04    0.1776339504E-04    0.1983225911E-04    0.2184882529E-04    0.2379532685E-04    0.2565920005E-04    0.2743237859E-04    0.2911052215E-04
        0.0038953921    0.2633262600E-05    0.4197733105E-05    0.6092056559E-05    0.8283832790E-05    0.1073133218E-04    0.1338492784E-04    0.1619219021E-04    0.1909864418E-04    0.2205207571E-04    0.2500516196E-04    0.2791742110E-04    0.3075605349E-04    0.3349604829E-04    0.3611972003E-04    0.3861571461E-04    0.4097792328E-04
        0.0042650218    0.3699800757E-05    0.5897934022E-05    0.8559544108E-05    0.1163912881E-04    0.1507801900E-04    0.1880631666E-04    0.2275052478E-04    0.2683409933E-04    0.3098367804E-04    0.3513276720E-04    0.3922448307E-04    0.4321273682E-04    0.4706238607E-04    0.5074858289E-04    0.5425537578E-04    0.5757418366E-04
        0.0046697254    0.5186937979E-05    0.8268632643E-05    0.1200013969E-04    0.1631770113E-04    0.2113900467E-04    0.2636577783E-04    0.3189525100E-04    0.3762010521E-04    0.4343749025E-04    0.4925417891E-04    0.5499041350E-04    0.6058157225E-04    0.6597838478E-04    0.7114601672E-04    0.7606210726E-04    0.8071462965E-04
        0.0051128308    0.7255176621E-05    0.1156569870E-04    0.1678520540E-04    0.2282457083E-04    0.2956856322E-04    0.3687927052E-04    0.4461337694E-04    0.5262075855E-04    0.6075755530E-04    0.6889335659E-04    0.7691658639E-04    0.8473684304E-04    0.9228520615E-04    0.9951295379E-04    0.1063888135E-03    0.1128959694E-03
        0.0055979820    0.1012310952E-04    0.1613761182E-04    0.2342052288E-04    0.3184757467E-04    0.4125782702E-04    0.5145811220E-04    0.6224915424E-04    0.7342146583E-04    0.8477432172E-04    0.9612574473E-04    0.1073200273E-03    0.1182310114E-03    0.1287625263E-03    0.1388465952E-03    0.1484395920E-03    0.1575180650E-03
        0.0061291687    0.1408543002E-04    0.2245417595E-04    0.3258797663E-04    0.4431406751E-04    0.5740826051E-04    0.7160057624E-04    0.8661484513E-04    0.1021595513E-03    0.1179554071E-03    0.1337491817E-03    0.1493241782E-03    0.1645048236E-03    0.1791572944E-03    0.1931870150E-03    0.2065332991E-03    0.2191635365E-03
        0.0067107592    0.1954010607E-04    0.3114984494E-04    0.4520844875E-04    0.6147648047E-04    0.7964252633E-04    0.9933010081E-04    0.1201578496E-03    0.1417213126E-03    0.1636330547E-03    0.1855417391E-03    0.2071466800E-03    0.2282042542E-03    0.2485287977E-03    0.2679891261E-03    0.2865010796E-03    0.3040194576E-03
        0.0073475362    0.2701858410E-04    0.4307188208E-04    0.6251173930E-04    0.8500745349E-04    0.1101277717E-03    0.1373489461E-03    0.1661464768E-03    0.1959610199E-03    0.2262568757E-03    0.2565481772E-03    0.2864190405E-03    0.3155325046E-03    0.3436318215E-03    0.3705356291E-03    0.3961276086E-03    0.4203453281E-03
        0.0080447363    0.3722833123E-04    0.5934819460E-04    0.8613505643E-04    0.1171338487E-03    0.1517493102E-03    0.1892546400E-03    0.2289316013E-03    0.2700093416E-03    0.3117497606E-03    0.3534832895E-03    0.3946366957E-03    0.4347455259E-03    0.4734559722E-03    0.5105181953E-03    0.5457720136E-03    0.5791315258E-03
        0.0088080930    0.5109489673E-04    0.8145441156E-04    0.1182204330E-03    0.1607693536E-03    0.2082825175E-03    0.2597540914E-03    0.3142053848E-03    0.3705781811E-03    0.4278595074E-03    0.4851302350E-03    0.5416032954E-03    0.5966409714E-03    0.6497576084E-03    0.7006104101E-03    0.7489796972E-03    0.7947477896E-03
        0.0096438838    0.6982894709E-04    0.1113207877E-03    0.1615699794E-03    0.2197258060E-03    0.2846667712E-03    0.3550048129E-03    0.4294135801E-03    0.5064464496E-03    0.5847191265E-03    0.6629752223E-03    0.7401385602E-03    0.8153371606E-03    0.8879072067E-03    0.9573804007E-03    0.1023456813E-02    0.1085976001E-02
        0.0105589819    0.9498226640E-04    0.1514215416E-03    0.2197757055E-03    0.2988900593E-03    0.3872348552E-03    0.4829003615E-03    0.5841000871E-03    0.6888656215E-03    0.7953141740E-03    0.9017363800E-03    0.1006667545E-02    0.1108920861E-02    0.1207593251E-02    0.1302048063E-02    0.1391877854E-02    0.1476865066E-02
        0.0115609128    0.1285400113E-03    0.2049220325E-03    0.2974333866E-03    0.4045153337E-03    0.5240908598E-03    0.6535406517E-03    0.7904747597E-03    0.9322281439E-03    0.1076253057E-02    0.1220235566E-02    0.1362192079E-02    0.1500515281E-02    0.1633982810E-02    0.1761733675E-02    0.1883217397E-02    0.1998140736E-02
        0.0126579159    0.1729533462E-03    0.2757309158E-03    0.4002186016E-03    0.5443253221E-03    0.7052456121E-03    0.8793991489E-03    0.1063613667E-02    0.1254301294E-02    0.1448034391E-02    0.1641698524E-02    0.1832622437E-02    0.2018641489E-02    0.2198110639E-02    0.2369872451E-02    0.2533187851E-02    0.2687664322E-02
        0.0138590124    0.2312771702E-03    0.3687199371E-03    0.5352063101E-03    0.7279499352E-03    0.9431821766E-03    0.1176025725E-02    0.1422306448E-02    0.1677223161E-02    0.1936193044E-02    0.2195049923E-02    0.2450218050E-02    0.2698799633E-02    0.2938594428E-02    0.3168056535E-02    0.3386200433E-02    0.3592504769E-02
        0.0151740797    0.3069729022E-03    0.4894099433E-03    0.7104161149E-03    0.9663088046E-03    0.1252058933E-02    0.1561049685E-02    0.1887846615E-02    0.2226071420E-02    0.2569642585E-02    0.2913028199E-02    0.3251476319E-02    0.3581135573E-02    0.3899084946E-02    0.4203275779E-02    0.4492404765E-02    0.4765785913E-02
        0.0166139325    0.4048937499E-03    0.6455414906E-03    0.9370920225E-03    0.1274712461E-02    0.1651726935E-02    0.2059180634E-02    0.2490069076E-02    0.2935969728E-02    0.3388863343E-02    0.3841450467E-02    0.4287454304E-02    0.4721786966E-02    0.5140595099E-02    0.5541182355E-02    0.5921838033E-02    0.6281667652E-02
        0.0181904113    0.5301879665E-03    0.8453273548E-03    0.1227168379E-02    0.1669420502E-02    0.2163274998E-02    0.2696646064E-02    0.3260613428E-02    0.3844132164E-02    0.4436705553E-02    0.5028771808E-02    0.5612098188E-02    0.6180010271E-02    0.6727462286E-02    0.7250933938E-02    0.7748199669E-02    0.8218105851E-02
        0.0199164806    0.6862847889E-03    0.1094244202E-02    0.1588618437E-02    0.2161325059E-02    0.2800857457E-02    0.3491001257E-02    0.4220599548E-02    0.4975329684E-02    0.5741612627E-02    0.6507067970E-02    0.7261018570E-02    0.7994806053E-02    0.8701899661E-02    0.9377760185E-02    0.1001953076E-01    0.1062574698E-01
        0.0218063349    0.8793399262E-03    0.1402117635E-02    0.2035735397E-02    0.2769930781E-02    0.3589798535E-02    0.4473668527E-02    0.5407841315E-02    0.6373923958E-02    0.7354533574E-02    0.8333806212E-02    0.9298031872E-02    0.1023608862E-01    0.1113961156E-01    0.1200281459E-01    0.1282207700E-01    0.1359556957E-01
        0.0238755154    0.1111842694E-02    0.1772938696E-02    0.2574367679E-02    0.3503302316E-02    0.4540649568E-02    0.5657612391E-02    0.6837781212E-02    0.8057836637E-02    0.9295831936E-02    0.1053171570E-01    0.1174811167E-01    0.1293091510E-01    0.1406955538E-01    0.1515676496E-01    0.1618802858E-01    0.1716110701E-01
        0.0261410384    0.1392042692E-02    0.2219886064E-02    0.3223714890E-02    0.4387698474E-02    0.5687558950E-02    0.7085091103E-02    0.8561122679E-02    0.1008636213E-01    0.1163339486E-01    0.1317714364E-01    0.1469580069E-01    0.1617164802E-01    0.1759146595E-01    0.1894623531E-01    0.2023040282E-01    0.2144127974E-01
        0.0286215345    0.1725447987E-02    0.2751787509E-02    0.3996707819E-02    0.5440941838E-02    0.7053840947E-02    0.8784766417E-02    0.1061200938E-01    0.1249912451E-01    0.1441225268E-01    0.1632038196E-01    0.1819642029E-01    0.2001832604E-01    0.2176974287E-01    0.2343961839E-01    0.2502122237E-01    0.2651139435E-01
        0.0313374022    0.2112957790E-02    0.3370161538E-02    0.4895751941E-02    0.6666695670E-02    0.8644650307E-02    0.1076263002E-01    0.1299712628E-01    0.1530332072E-01    0.1763998203E-01    0.1996929216E-01    0.2225800987E-01    0.2447902960E-01    0.2661236638E-01    0.2864467243E-01    0.3056792401E-01    0.3237849210E-01
        0.0343109759    0.2559638434E-02    0.4083214654E-02    0.5933063250E-02    0.8082163568E-02    0.1048290885E-01    0.1304671004E-01    0.1574965152E-01    0.1853720222E-01    0.2135984634E-01    0.2417209372E-01    0.2693362375E-01    0.2961143859E-01    0.3218138709E-01    0.3462755901E-01    0.3694052532E-01    0.3911620589E-01
        0.0375667089    0.3080309417E-02    0.4914755137E-02    0.7143634403E-02    0.9735786851E-02    0.1263228564E-01    0.1571555068E-01    0.1896347596E-01    0.2231016114E-01    0.2569679457E-01    0.2906924829E-01    0.3237899762E-01    0.3558610792E-01    0.3866158682E-01    0.4158663240E-01    0.4435026459E-01    0.4694796229E-01
        0.0411313750    0.3698907948E-02    0.5903204920E-02    0.8583864274E-02    0.1170550826E-01    0.1519507925E-01    0.1889541479E-01    0.2278961977E-01    0.2679827945E-01    0.3085212357E-01    0.3488726622E-01    0.3884554665E-01    0.4267870132E-01    0.4635198755E-01    0.4984325980E-01    0.5313976216E-01    0.5623650767E-01
        0.0450342886    0.4449890162E-02    0.7103859446E-02    0.1033491409E-01    0.1410349630E-01    0.1831848581E-01    0.2276778904E-01    0.2744491646E-01    0.3225412557E-01    0.3711436673E-01    0.4195069446E-01    0.4669343961E-01    0.5128409664E-01    0.5568090073E-01    0.5985770701E-01    0.6379962128E-01    0.6750109794E-01
        0.0493075457    0.5395530439E-02    0.8616409999E-02    0.1254260875E-01    0.1713040667E-01    0.2226468784E-01    0.2765541708E-01    0.3331433186E-01    0.3912534657E-01    0.4499392064E-01    0.5083231694E-01    0.5655666692E-01    0.6209540502E-01    0.6739785397E-01    0.7243287920E-01    0.7718289160E-01    0.8164163622E-01
        0.0539862877    0.6610722358E-02    0.1056073244E-01    0.1538239473E-01    0.2102795720E-01    0.2734956432E-01    0.3394509648E-01    0.4085663830E-01    0.4794240976E-01    0.5509250959E-01    0.6220435562E-01    0.6917620312E-01    0.7591946373E-01    0.8237191861E-01    0.8849611228E-01    0.9427105660E-01    0.9968966795E-01
        0.0591089906    0.8146941841E-02    0.1301960855E-01    0.1897657282E-01    0.2596701274E-01    0.3379857468E-01    0.4190884613E-01    0.5038935472E-01    0.5906673412E-01    0.6781476553E-01    0.7651436660E-01    0.8504149755E-01    0.9328551275E-01    0.1011694112E+00    0.1086479104E+00    0.1156959175E+00    0.1223055473E+00
        0.0647177816    0.1003616940E-01    0.1604505260E-01    0.2340371725E-01    0.3206085257E-01    0.4176435086E-01    0.5172552183E-01    0.6211463286E-01    0.7272112313E-01    0.8340344165E-01    0.9402529091E-01    0.1044352608E+00    0.1144945985E+00    0.1241078727E+00    0.1332205477E+00    0.1418029252E+00    0.1498466222E+00
        0.0708587849    0.1220637732E-01    0.1952458880E-01    0.2850639419E-01    0.3910644830E-01    0.5099595694E-01    0.6307739685E-01    0.7564290783E-01    0.8844214657E-01    0.1013233771E+00    0.1141347050E+00    0.1266925216E+00    0.1388236480E+00    0.1504106889E+00    0.1613886974E+00    0.1717229682E+00    0.1814048585E+00
        0.0775825017    0.1444302290E-01    0.2312152218E-01    0.3380734585E-01    0.4647470718E-01    0.6070332656E-01    0.7499494803E-01    0.8982225437E-01    0.1048987434E+00    0.1200736072E+00    0.1351843012E+00    0.1500112876E+00    0.1643410116E+00    0.1780307179E+00    0.1910035850E+00    0.2032187060E+00    0.2146663018E+00
        0.0849442250    0.1647080496E-01    0.2640649279E-01    0.3870245411E-01    0.5337542280E-01    0.6990341004E-01    0.8629410892E-01    0.1032729014E+00    0.1205276101E+00    0.1379246355E+00    0.1552981001E+00    0.1723893943E+00    0.1889383968E+00    0.2047725637E+00    0.2197999637E+00    0.2339701248E+00    0.2472689807E+00
        0.0930044946    0.1831595600E-01    0.2943145769E-01    0.4328785032E-01    0.5997213598E-01    0.7884348862E-01    0.9730192370E-01    0.1164121541E+00    0.1358473809E+00    0.1555079137E+00    0.1752303622E+00    0.1947113046E+00    0.2136350489E+00    0.2317921252E+00    0.2490698086E+00    0.2654026330E+00    0.2807675347E+00
        0.1018295948    0.2042394867E-01    0.3291306788E-01    0.4861915147E-01    0.6772290214E-01    0.8941709255E-01    0.1103160521E+00    0.1319417743E+00    0.1539597680E+00    0.1763197817E+00    0.1988633049E+00    0.2212310518E+00    0.2430378021E+00    0.2640269512E+00    0.2840579783E+00    0.3030447278E+00    0.3209510372E+00
        0.1114920997    0.2373508440E-01    0.3834582341E-01    0.5686375590E-01    0.7956690888E-01    0.1053641726E+00    0.1297679653E+00    0.1549530832E+00    0.1805802165E+00    0.2066664669E+00    0.2330583083E+00    0.2593231122E+00    0.2849868934E+00    0.3097347453E+00    0.3333935875E+00    0.3558542979E+00    0.3770676537E+00
        0.1220714697    0.2863397246E-01    0.4634336124E-01    0.6891615162E-01    0.9670949368E-01    0.1281688313E+00    0.1572963283E+00    0.1872112143E+00    0.2175822573E+00    0.2485200005E+00    0.2798774166E+00    0.3111281888E+00    0.3416878232E+00    0.3711721069E+00    0.3993724803E+00    0.4261566484E+00    0.4514644623E+00
        0.1336547051    0.3403448603E-01    0.5521561620E-01    0.8238487851E-01    0.1159609044E+00    0.1537752504E+00    0.1880281187E+00    0.2230876573E+00    0.2586580976E+00    0.2949686625E+00    0.3318783789E+00    0.3687458896E+00    0.4048519110E+00    0.4397268105E+00    0.4731169953E+00    0.5048598172E+00    0.5348794042E+00
        0.1463370617    0.3802169865E-01    0.6200736739E-01    0.9312146409E-01    0.1318602777E+00    0.1754242555E+00    0.2141939751E+00    0.2539675933E+00    0.2945051398E+00    0.3361590446E+00    0.3787818033E+00    0.4215889513E+00    0.4636925913E+00    0.5045069952E+00    0.5437075498E+00    0.5810786011E+00    0.6165098373E+00
        0.1602228341    0.4098061371E-01    0.6737972064E-01    0.1021369204E+00    0.1458412814E+00    0.1950728771E+00    0.2383483200E+00    0.2830481067E+00    0.3289785991E+00    0.3766063433E+00    0.4257563163E+00    0.4754627169E+00    0.5246250881E+00    0.5725042274E+00    0.6186751970E+00    0.6628453020E+00    0.7048513422E+00
        0.1754262130    0.4634279538E-01    0.7669358239E-01    0.1170035352E+00    0.1678738324E+00    0.2250507158E+00    0.2746238929E+00    0.3260282829E+00    0.3791022605E+00    0.4344545813E+00    0.4918856646E+00    0.5502172443E+00    0.6081015304E+00    0.6646288091E+00    0.7192698110E+00    0.7716540727E+00    0.8215678089E+00
        0.1920722248    0.5479481103E-01    0.9098378638E-01    0.1390904792E+00    0.1996354244E+00    0.2672606670E+00    0.3249029338E+00    0.3846857345E+00    0.4464900984E+00    0.5111313360E+00    0.5784128032E+00    0.6469244472E+00    0.7150432410E+00    0.7816778837E+00    0.8461947763E+00    0.9081459880E+00    0.9672684780E+00
        0.2102977595    0.6128160198E-01    0.1025033740E+00    0.1576599358E+00    0.2273635269E+00    0.3052975656E+00    0.3711483744E+00    0.4398184015E+00    0.5112103094E+00    0.5863415288E+00    0.6649933284E+00    0.7454634569E+00    0.8257789507E+00    0.9046014531E+00    0.9811408422E+00    0.1054828575E+01    0.1125319065E+01
        0.2302526962    0.6644945639E-01    0.1123440213E+00    0.1744276696E+00    0.2536254546E+00    0.3427383339E+00    0.4178837973E+00    0.4968936783E+00    0.5796548758E+00    0.6673806081E+00    0.7597975542E+00    0.8548349796E+00    0.9500813304E+00    0.1043880800E+01    0.1135236400E+01    0.1223420126E+01    0.1307976351E+01
        0.2521011363    0.7613286200E-01    0.1293138204E+00    0.2014010703E+00    0.2935932986E+00    0.3973547855E+00    0.4840680358E+00    0.5755315958E+00    0.6716992669E+00    0.7741274693E+00    0.8825556207E+00    0.9945211597E+00    0.1107125375E+01    0.1218364895E+01    0.1327018718E+01    0.1432181302E+01    0.1533271123E+01
        0.2760227522    0.8521066474E-01    0.1457369566E+00    0.2283090627E+00    0.3346239244E+00    0.4547551101E+00    0.5547298982E+00    0.6607373959E+00    0.7727950529E+00    0.8928375091E+00    0.1020596785E+01    0.1153124337E+01    0.1286918463E+01    0.1419536021E+01    0.1549464995E+01    0.1675568333E+01    0.1797098592E+01
        0.3022142655    0.9356236927E-01    0.1616061782E+00    0.2554715006E+00    0.3775956517E+00    0.5165684178E+00    0.6322542769E+00    0.7557087615E+00    0.8869888448E+00    0.1028440531E+01    0.1179762885E+01    0.1337411794E+01    0.1497151066E+01    0.1655997136E+01    0.1812076749E+01    0.1963965359E+01    0.2110708583E+01
        0.3308910644    0.1054116620E+00    0.1831045914E+00    0.2909992065E+00    0.4323120857E+00    0.5937400693E+00    0.7276970110E+00    0.8714017606E+00    0.1025079064E+01    0.1191656861E+01    0.1370841149E+01    0.1558392738E+01    0.1749198533E+01    0.1939619335E+01    0.2127333205E+01    0.2310551664E+01    0.2488052367E+01
        0.3622889751    0.1158299007E+00    0.2033577307E+00    0.3264736378E+00    0.4894954032E+00    0.6771055782E+00    0.8331189770E+00    0.1001538222E+01    0.1182712720E+01    0.1380195110E+01    0.1593661498E+01    0.1818024454E+01    0.2047110911E+01    0.2276485273E+01    0.2503277429E+01    0.2725254335E+01    0.2940865503E+01
        0.3966662010    0.1289906251E+00    0.2283423968E+00    0.3695342512E+00    0.5581706426E+00    0.7765679146E+00    0.9584111282E+00    0.1155978879E+01    0.1369857245E+01    0.1604381416E+01    0.1859191591E+01    0.2128171105E+01    0.2403857909E+01    0.2680836168E+01    0.2955550103E+01    0.3225206850E+01    0.3487838895E+01
        0.4343054463    0.1421165163E+00    0.2544826980E+00    0.4162926124E+00    0.6347992891E+00    0.8896611553E+00    0.1102692279E+01    0.1335671037E+01    0.1589444144E+01    0.1869249902E+01    0.2174664333E+01    0.2498330448E+01    0.2831237516E+01    0.3166784088E+01    0.3500577758E+01    0.3829140138E+01    0.4149990664E+01
        0.4755162407    0.1571549082E+00    0.2845672287E+00    0.4703919809E+00    0.7239311935E+00    0.1021837951E+01    0.1272045310E+01    0.1547588055E+01    0.1849652811E+01    0.2184531966E+01    0.2551684040E+01    0.2942236731E+01    0.3345302323E+01    0.3752833452E+01    0.4159408892E+01    0.4560706097E+01    0.4953611353E+01
        0.5206374847    0.1733506506E+00    0.3179012542E+00    0.5316264893E+00    0.8263905365E+00    0.1175442015E+01    0.1470450568E+01    0.1797612414E+01    0.2158520969E+01    0.2560683726E+01    0.3003370680E+01    0.3475869658E+01    0.3965033261E+01    0.4461065726E+01    0.4957294678E+01    0.5448370632E+01    0.5930409719E+01
        0.5700402368    0.1910884029E+00    0.3553030441E+00    0.6015795964E+00    0.9449715218E+00    0.1354871569E+01    0.1703915269E+01    0.2093723166E+01    0.2526367876E+01    0.3010739040E+01    0.3545808544E+01    0.4118625883E+01    0.4713327782E+01    0.5318012630E+01    0.5924496910E+01    0.6526192940E+01    0.7118291368E+01
        0.6241307649    0.2106698879E+00    0.3975272765E+00    0.6818842349E+00    0.1082758493E+01    0.1565176510E+01    0.1979509633E+01    0.2445440163E+01    0.2965581396E+01    0.3550366614E+01    0.4198309436E+01    0.4893738255E+01    0.5617538855E+01    0.6355290223E+01    0.7097002090E+01    0.7834611975E+01    0.8562215878E+01
        0.6833538873    0.2322307188E+00    0.4452295403E+00    0.7742689838E+00    0.1243258701E+01    0.1812254983E+01    0.2305592665E+01    0.2864061162E+01    0.3490856778E+01    0.4198103528E+01    0.4983633992E+01    0.5828478828E+01    0.6709656173E+01    0.7609757806E+01    0.8516660813E+01    0.9420572287E+01    0.1031431842E+02
        0.7481966305    0.2560636603E+00    0.4993336077E+00    0.8809277449E+00    0.1430759365E+01    0.2103199694E+01    0.2692154076E+01    0.3363019490E+01    0.4119573906E+01    0.4975743379E+01    0.5928375507E+01    0.6954522952E+01    0.8026639029E+01    0.9123813192E+01    0.1023144457E+02    0.1133774648E+02    0.1243410674E+02
        0.8191922345    0.2824687295E+00    0.5608843013E+00    0.1004420664E+01    0.1650305245E+01    0.2446355415E+01    0.3150937262E+01    0.3958041511E+01    0.4871954464E+01    0.5908457246E+01    0.7063011732E+01    0.8307906216E+01    0.9610262428E+01    0.1094512073E+02    0.1229505624E+02    0.1364603497E+02    0.1498786275E+02
        0.8969245379    0.3117479550E+00    0.6310696746E+00    0.1147731656E+01    0.1907790282E+01    0.2851430833E+01    0.3695555699E+01    0.4667237594E+01    0.5771088644E+01    0.7024713369E+01    0.8421678256E+01    0.9928622590E+01    0.1150652398E+02    0.1312582170E+02    0.1476594767E+02    0.1641040113E+02    0.1804731098E+02
        0.9820327791    0.3442694998E+00    0.7112791003E+00    0.1314332221E+01    0.2210035502E+01    0.3329574307E+01    0.4341544026E+01    0.5511080711E+01    0.6842786004E+01    0.8355945424E+01    0.1004160898E+02    0.1185980796E+02    0.1376455851E+02    0.1572118039E+02    0.1770570672E+02    0.1969901408E+02    0.2168753621E+02
        1.0752168532    0.3804011077E+00    0.8030606395E+00    0.1508172777E+01    0.2564791498E+01    0.3893334387E+01    0.5106238540E+01    0.6512138694E+01    0.8115091116E+01    0.9935790889E+01    0.1196205386E+02    0.1414631661E+02    0.1643487322E+02    0.1878749013E+02    0.2117665344E+02    0.2358055684E+02    0.2598402607E+02
        1.1772430677    0.4205106900E+00    0.9081100838E+00    0.1733657159E+01    0.2980659025E+01    0.4556454947E+01    0.6008412133E+01    0.7694468946E+01    0.9617365919E+01    0.1179880617E+02    0.1422259819E+02    0.1683264419E+02    0.1956689589E+02    0.2237927726E+02    0.2523873266E+02    0.2812083687E+02    0.3100902385E+02
        1.2889504441    0.4649287550E+00    0.1028233993E+01    0.1995582920E+01    0.3466932481E+01    0.5333519693E+01    0.7067684053E+01    0.9082707830E+01    0.1137899680E+02    0.1397876012E+02    0.1686104593E+02    0.1996043478E+02    0.2320615767E+02    0.2654621314E+02    0.2994620198E+02    0.3337928508E+02    0.3682786100E+02
        1.4112576178    0.5139218666E+00    0.1165275919E+01    0.2298983589E+01    0.4033247419E+01    0.6239276066E+01    0.8303510572E+01    0.1070065567E+02    0.1342754516E+02    0.1650636399E+02    0.1991078173E+02    0.2356555489E+02    0.2739116781E+02    0.3132986702E+02    0.3534432174E+02    0.3940562030E+02    0.4349561194E+02
        1.5451703927    0.5676608918E+00    0.1321047612E+01    0.2648959314E+01    0.4689162221E+01    0.7287823670E+01    0.9733998540E+01    0.1256967991E+02    0.1578676945E+02    0.1940699419E+02    0.2339831165E+02    0.2767558266E+02    0.3215097195E+02    0.3676142443E+02    0.4146729226E+02    0.4623803292E+02    0.5105552366E+02
        1.6917900122    0.6262009006E+00    0.1497296853E+01    0.3050530509E+01    0.5443727220E+01    0.8491760923E+01    0.1137468998E+02    0.1470716567E+02    0.1847485184E+02    0.2269885881E+02    0.2734155302E+02    0.3230839212E+02    0.3750416346E+02    0.4286120886E+02    0.4833832360E+02    0.5390380604E+02    0.5954016203E+02
        1.8523222157    0.6894969508E+00    0.1695689180E+01    0.3508473249E+01    0.6304991339E+01    0.9861257272E+01    0.1323733279E+02    0.1712510160E+02    0.2150300261E+02    0.2639186170E+02    0.3174918685E+02    0.3747217233E+02    0.4345967645E+02    0.4964028932E+02    0.5597204939E+02    0.6242249927E+02    0.6897530969E+02
        2.0280871538    0.7575494952E+00    0.1918034776E+01    0.4027548803E+01    0.7280109581E+01    0.1140401410E+02    0.1532981196E+02    0.1983018384E+02    0.2487601374E+02    0.3048889550E+02    0.3662292229E+02    0.4316879506E+02    0.5002128062E+02    0.5710605422E+02    0.6438109299E+02    0.7181341615E+02    0.7938824831E+02
        2.2205302450    0.8306464741E+00    0.2166714790E+01    0.4613073107E+01    0.8376011281E+01    0.1312610938E+02    0.1765725180E+02    0.2282544261E+02    0.2859471660E+02    0.3498940499E+02    0.4196232721E+02    0.4939992780E+02    0.5719486392E+02    0.6527050001E+02    0.7358519522E+02    0.8210544088E+02    0.9081821759E+02
        2.4312340620    0.9324246770E+00    0.2491895456E+01    0.5353496461E+01    0.9728061041E+01    0.1520845932E+02    0.2042272306E+02    0.2633203444E+02    0.3289704176E+02    0.4015066195E+02    0.4804821354E+02    0.5647338741E+02    0.6531723781E+02    0.7450033490E+02    0.8398135878E+02    0.9372596875E+02    0.1037229826E+03
        2.6619313461    0.1007657462E+01    0.2782400345E+01    0.6054023565E+01    0.1102859291E+02    0.1722335389E+02    0.2313694614E+02    0.2980769603E+02    0.3719472019E+02    0.4533930320E+02    0.5420040848E+02    0.6366228091E+02    0.7361741663E+02    0.8398416808E+02    0.9472157431E+02    0.1057943006E+03    0.1171930254E+03
        2.9145192568    0.1083259984E+01    0.3093222562E+01    0.6808843400E+01    0.1241917436E+02    0.1935980265E+02    0.2601607411E+02    0.3349377537E+02    0.4175499964E+02    0.5085244460E+02    0.6075050590E+02    0.7133560176E+02    0.8250261070E+02    0.9416719897E+02    0.1062885681E+03    0.1188303399E+03    0.1317853191E+03
        3.1910749729    0.1166030888E+01    0.3439171318E+01    0.7641763176E+01    0.1393111215E+02    0.2165515719E+02    0.2910259516E+02    0.3743936893E+02    0.4663675342E+02    0.5676239551E+02    0.6778697190E+02    0.7959936731E+02    0.9209681435E+02    0.1051917590E+03    0.1188436439E+03    0.1330154344E+03    0.1477027062E+03
        3.4938727747    0.1272872927E+01    0.3857434737E+01    0.8616027301E+01    0.1565675095E+02    0.2422931752E+02    0.3252890933E+02    0.4178940927E+02    0.5200016279E+02    0.6324873454E+02    0.7551188977E+02    0.8867941042E+02    0.1026497252E+03    0.1173317496E+03    0.1326857829E+03    0.1486749862E+03    0.1652987162E+03
        3.8254027466    0.1428615301E+01    0.4403705601E+01    0.9827356674E+01    0.1773798641E+02    0.2726720088E+02    0.3649314703E+02    0.4675411150E+02    0.5807012034E+02    0.7055556273E+02    0.8419196976E+02    0.9886657462E+02    0.1144770305E+03    0.1309288454E+03    0.1481843093E+03    0.1662078234E+03    0.1850036755E+03
        4.1883912545    0.1652746707E+01    0.5121999166E+01    0.1134872770E+02    0.2027912222E+02    0.3090009878E+02    0.4112913761E+02    0.5247090258E+02    0.6499146783E+02    0.7883865940E+02    0.9399592348E+02    0.1103439527E+03    0.1277781594E+03    0.1462013240E+03    0.1655790320E+03    0.1858777620E+03    0.2071077546E+03
        4.5858233661    0.1930525206E+01    0.5978912545E+01    0.1311312325E+02    0.2316678895E+02    0.3496805374E+02    0.4625799314E+02    0.5875073352E+02    0.7257107039E+02    0.8789962592E+02    0.1047167828E+03    0.1228955886E+03    0.1423309465E+03    0.1629244872E+03    0.1846462402E+03    0.2074653048E+03    0.2313986827E+03
        5.0209673996    0.2213138861E+01    0.6864143970E+01    0.1491856766E+02    0.2608432416E+02    0.3904738944E+02    0.5142866928E+02    0.6512932183E+02    0.8033694230E+02    0.9725194298E+02    0.1158458086E+03    0.1359886998E+03    0.1575811684E+03    0.1805260928E+03    0.2047988466E+03    0.2303716609E+03    0.2572689982E+03
        5.4974018001    0.2510894016E+01    0.7796864059E+01    0.1679422724E+02    0.2907445795E+02    0.4319606321E+02    0.5670901975E+02    0.7168762727E+02    0.8838249842E+02    0.1069992619E+03    0.1274991921E+03    0.1497562959E+03    0.1736814246E+03    0.1991793348E+03    0.2262308929E+03    0.2548119458E+03    0.2849553387E+03
        6.0190445678    0.2874146313E+01    0.8884121748E+01    0.1892279019E+02    0.3241229537E+02    0.4777362027E+02    0.6247683250E+02    0.7881975585E+02    0.9711496408E+02    0.1175658716E+03    0.1401289142E+03    0.1646856586E+03    0.1911561721E+03    0.2194448794E+03    0.2495375978E+03    0.2814150015E+03    0.3151206749E+03
        6.5901854779    0.3280200254E+01    0.1007141476E+02    0.2120369269E+02    0.3594124660E+02    0.5257115490E+02    0.6851245586E+02    0.8630420884E+02    0.1063091193E+03    0.1287218341E+03    0.1535013207E+03    0.1805384528E+03    0.2097600650E+03    0.2410687087E+03    0.2744565245E+03    0.3099134098E+03    0.3474985548E+03
        7.2155213579    0.3728933709E+01    0.1135407849E+02    0.2362521828E+02    0.3964118089E+02    0.5755977901E+02    0.7478672042E+02    0.9411528122E+02    0.1159396999E+03    0.1404466543E+03    0.1676031176E+03    0.1973062725E+03    0.2294855262E+03    0.2640438957E+03    0.3009861314E+03    0.3403182507E+03    0.3821195336E+03
        7.9001947124    0.4239145161E+01    0.1276889186E+02    0.2624748165E+02    0.4359926499E+02    0.6284813732E+02    0.8140980623E+02    0.1023645228E+03    0.1261187817E+03    0.1528607339E+03    0.1825644229E+03    0.2151252150E+03    0.2504735055E+03    0.2885232242E+03    0.3293000931E+03    0.3728291882E+03    0.4192101531E+03
        8.6498360130    0.4798177087E+01    0.1428422262E+02    0.2901297181E+02    0.4772611173E+02    0.6831667456E+02    0.8825936772E+02    0.1109277586E+03    0.1367231352E+03    0.1658432000E+03    0.1982586680E+03    0.2338573460E+03    0.2725828874E+03    0.3143727985E+03    0.3592746858E+03    0.4073296900E+03    0.4586570177E+03
        9.4706100008    0.5410124696E+01    0.1590551403E+02    0.3192828717E+02    0.5202824449E+02    0.7396956988E+02    0.9533907016E+02    0.1198058476E+03    0.1477565475E+03    0.1793986500E+03    0.2146835538E+03    0.2534999401E+03    0.2958245411E+03    0.3416160488E+03    0.3909373162E+03    0.4438455988E+03    0.5004856516E+03
       10.3692663829    0.6074831774E+01    0.1762935010E+02    0.3498469859E+02    0.5648903721E+02    0.7978131894E+02    0.1026219127E+03    0.1289685964E+03    0.1591913442E+03    0.1934926637E+03    0.2317969091E+03    0.2740198287E+03    0.3201727538E+03    0.3702216642E+03    0.4242459843E+03    0.4823321819E+03    0.5446622873E+03
       11.3531953391    0.6792036572E+01    0.1945236499E+02    0.3817329442E+02    0.6109141890E+02    0.8572618374E+02    0.1100796488E+03    0.1383854278E+03    0.1709959011E+03    0.2080812072E+03    0.2495573039E+03    0.2953831302E+03    0.3455814801E+03    0.4001294752E+03    0.4591422376E+03    0.5227466099E+03    0.5911606609E+03
       12.4304882957    0.7558474265E+01    0.2136494830E+02    0.4147436929E+02    0.6580246613E+02    0.9175911233E+02    0.1176639558E+03    0.1480074674E+03    0.1831138361E+03    0.2230989106E+03    0.2679069117E+03    0.3175185869E+03    0.3719602793E+03    0.4312524185E+03    0.4955520179E+03    0.5650156172E+03    0.6398964043E+03
       13.6100044661    0.8372757832E+01    0.2336144716E+02    0.4487452964E+02    0.7059861741E+02    0.9784776610E+02    0.1253380886E+03    0.1577972877E+03    0.1954931939E+03    0.2384961808E+03    0.2867888806E+03    0.3403445070E+03    0.3992334177E+03    0.4635210278E+03    0.5333902977E+03    0.6090344971E+03    0.6907597803E+03
       14.9014437053    0.9233033922E+01    0.2543498068E+02    0.4835797875E+02    0.7545297304E+02    0.1039566557E+03    0.1330618767E+03    0.1677115713E+03    0.2080768654E+03    0.2542190830E+03    0.3061220214E+03    0.3637786643E+03    0.4273204647E+03    0.4968306671E+03    0.5725346390E+03    0.6546874784E+03    0.7436438902E+03
       16.3154262774    0.1013672470E+02    0.2757680565E+02    0.5190561112E+02    0.8033418975E+02    0.1100459752E+03    0.1407914870E+03    0.1776980874E+03    0.2208085777E+03    0.2701954621E+03    0.3258177367E+03    0.3877384413E+03    0.4561044863E+03    0.5310517212E+03    0.6128642606E+03    0.7018376296E+03    0.7983872921E+03
       17.8635801925    0.1108201470E+02    0.2977934796E+02    0.5550019462E+02    0.8521418967E+02    0.1160812123E+03    0.1484891049E+03    0.1877049124E+03    0.2336375938E+03    0.2863435457E+03    0.3458017129E+03    0.4121134543E+03    0.4854695733E+03    0.5660652962E+03    0.6542285032E+03    0.7503188625E+03    0.8548186495E+03
       19.5586368304    0.1206694854E+02    0.3203431304E+02    0.5912348780E+02    0.9006424448E+02    0.1220282657E+03    0.1561179699E+03    0.1976811747E+03    0.2465018550E+03    0.3025887509E+03    0.3659790989E+03    0.4367924972E+03    0.5152946193E+03    0.6017213790E+03    0.6964653418E+03    0.7999580233E+03    0.9127451658E+03
       21.4145356385    0.1308786792E+02    0.3432958218E+02    0.6275151509E+02    0.9484856843E+02    0.1278456822E+03    0.1636336605E+03    0.2075753849E+03    0.2593204239E+03    0.3188541888E+03    0.3862357855E+03    0.4616625633E+03    0.5454296211E+03    0.6378554163E+03    0.7393957296E+03    0.8505410527E+03    0.9719348760E+03
       23.4465387640    0.1413894159E+02    0.3664847064E+02    0.6635376617E+02    0.9952360919E+02    0.1334836226E+03    0.1709822803E+03    0.2173284130E+03    0.2720168356E+03    0.3350327487E+03    0.4064693193E+03    0.4865706883E+03    0.5757233006E+03    0.6742883264E+03    0.7827999948E+03    0.9018510257E+03    0.1032128252E+04
       25.6713565631    0.1521513673E+02    0.3897594838E+02    0.6990352634E+02    0.1040528423E+03    0.1389020063E+03    0.1781166492E+03    0.2268799489E+03    0.2845267821E+03    0.3510336699E+03    0.4265535965E+03    0.5114031584E+03    0.6060014128E+03    0.7108400738E+03    0.8264859361E+03    0.9536181074E+03    0.1093083945E+04
       28.1072850208    0.1631057143E+02    0.4129546646E+02    0.7337286008E+02    0.1083996510E+03    0.1440624834E+03    0.1849888351E+03    0.2361673381E+03    0.2967625866E+03    0.3667694946E+03    0.4463802520E+03    0.5359940623E+03    0.6361319903E+03    0.7472858490E+03    0.8702338219E+03    0.1005634114E+04    0.1154443232E+04
       30.7743562090    0.1741817762E+02    0.4358849841E+02    0.7673197905E+02    0.1125267294E+03    0.1489258915E+03    0.1915567884E+03    0.2451293336E+03    0.3086525040E+03    0.3821181456E+03    0.4658348770E+03    0.5602066563E+03    0.6659000619E+03    0.7835005602E+03    0.9137341434E+03    0.1057637151E+04    0.1216000906E+04
       33.6945030221    0.1852986478E+02    0.4583512141E+02    0.7995021021E+02    0.1163962903E+03    0.1534550787E+03    0.1977786304E+03    0.2537102961E+03    0.3201079544E+03    0.3970102262E+03    0.4847434728E+03    0.5839340685E+03    0.6951084726E+03    0.8191921588E+03    0.9569050553E+03    0.1109176496E+04    0.1277449812E+04
       36.8917395444    0.1963685058E+02    0.4801493151E+02    0.8299712137E+02    0.1199721625E+03    0.1576169186E+03    0.2036050389E+03    0.2618454218E+03    0.3310336808E+03    0.4113128425E+03    0.5030395701E+03    0.6068866821E+03    0.7237167114E+03    0.8540719653E+03    0.9993530601E+03    0.1160277089E+04    0.1338125352E+04
       40.3923585315    0.2073002212E+02    0.5010801847E+02    0.8584445830E+02    0.1232230460E+03    0.1613772661E+03    0.2089993098E+03    0.2694470502E+03    0.3414010737E+03    0.4248742856E+03    0.5205936658E+03    0.6290240483E+03    0.7512626832E+03    0.8882391666E+03    0.1040645629E+04    0.1210404208E+04    0.1398246701E+04
       44.2251476316    0.2180019654E+02    0.5209573087E+02    0.8846750158E+02    0.1261196774E+03    0.1647183449E+03    0.2139052632E+03    0.2765038501E+03    0.3510294395E+03    0.4377483394E+03    0.5370907164E+03    0.6502798986E+03    0.7777144208E+03    0.9209855263E+03    0.1081116809E+04    0.1258937840E+04    0.1457056705E+04
       48.4216261230    0.2283826515E+02    0.5396067283E+02    0.9084374486E+02    0.1286430191E+03    0.1676182936E+03    0.2182966474E+03    0.2829527242E+03    0.3599178040E+03    0.4496550250E+03    0.5527613862E+03    0.6700604142E+03    0.8031631516E+03    0.9522846096E+03    0.1119714484E+04    0.1306552183E+04    0.1513740741E+04
       53.0163041156    0.2383533835E+02    0.5568691137E+02    0.9295596673E+02    0.1307782648E+03    0.1700421492E+03    0.2221994472E+03    0.2886535152E+03    0.3681084535E+03    0.4605057339E+03    0.5672421504E+03    0.6888395666E+03    0.8266189865E+03    0.9824595201E+03    0.1156459671E+04    0.1351694878E+04    0.1569443713E+04
       58.0469663481    0.2478288047E+02    0.5726059871E+02    0.9478882654E+02    0.1324999680E+03    0.1720299735E+03    0.2254791736E+03    0.2937807489E+03    0.3752067305E+03    0.4706114545E+03    0.5802131217E+03    0.7062129889E+03    0.8488696220E+03    0.1010000599E+04    0.1191958463E+04    0.1394540107E+04    0.1621870055E+04
       63.5549829136    0.2567280546E+02    0.5866878841E+02    0.9632656066E+02    0.1338261061E+03    0.1735355383E+03    0.2282029222E+03    0.2981252289E+03    0.3815682242E+03    0.4792318149E+03    0.5924121118E+03    0.7215015743E+03    0.8694589018E+03    0.1036134374E+04    0.1224003146E+04    0.1436015044E+04    0.1671569391E+04
       69.5856494710    0.2649779186E+02    0.5990199064E+02    0.9757205285E+02    0.1347421026E+03    0.1745280551E+03    0.2304491039E+03    0.3015660147E+03    0.3870638057E+03    0.4868255187E+03    0.6027033326E+03    0.7360120083E+03    0.8872606224E+03    0.1060284452E+04    0.1254493112E+04    0.1472980425E+04    0.1719677585E+04
       76.1885597370    0.2725115476E+02    0.6095301992E+02    0.9851004752E+02    0.1352088135E+03    0.1751740559E+03    0.2318868354E+03    0.3045749506E+03    0.3911416631E+03    0.4935301560E+03    0.6115606683E+03    0.7481032436E+03    0.9043468205E+03    0.1080806387E+04    0.1282503506E+04    0.1508385779E+04    0.1762009444E+04
       83.4180133251    0.2792695056E+02    0.6181162471E+02    0.9913076886E+02    0.1353410029E+03    0.1752519523E+03    0.2329186912E+03    0.3064627909E+03    0.3948151927E+03    0.4982264178E+03    0.6195467028E+03    0.7582581130E+03    0.9183231238E+03    0.1100762628E+04    0.1305991893E+04    0.1540498212E+04    0.1802961775E+04
       91.3334622825    0.2852084017E+02    0.6248214953E+02    0.9948284855E+02    0.1350398101E+03    0.1748743015E+03    0.2334042349E+03    0.3076211945E+03    0.3971163777E+03    0.5024904316E+03    0.6248294829E+03    0.7676339055E+03    0.9298679190E+03    0.1116645976E+04    0.1329119312E+04    0.1567237124E+04    0.1839339396E+04
      100.0000000000    0.2902802787E+02    0.6296028792E+02    0.9950477390E+02    0.1343032193E+03    0.1742815977E+03    0.2329497884E+03    0.3083819113E+03    0.3981748688E+03    0.5051113867E+03    0.6296334246E+03    0.7734366925E+03    0.9406910237E+03    0.1129727315E+04    0.1346863404E+04    0.1593824817E+04    0.1869677435E+04
