               #####        0.2000000000        0.2533333333        0.3066666667        0.3600000000        0.4133333333        0.4666666667        0.5200000000        0.5733333333        0.6266666667        0.6800000000        0.7333333333        0.7866666667        0.8400000000        0.8933333333        0.9466666667        1.0000000000
        0.0010000000    0.1369188199E-07    0.2182621205E-07    0.3167502599E-07    0.4306935700E-07    0.5579324109E-07    0.6959270455E-07    0.8419073008E-07    0.9930427875E-07    0.1146619243E-06    0.1300177211E-06    0.1451613024E-06    0.1599222111E-06    0.1741704339E-06    0.1878140109E-06    0.2007938926E-06    0.2130782946E-06
        0.0010948890    0.1955142622E-07    0.3116691006E-07    0.4523060164E-07    0.6150122390E-07    0.7967039029E-07    0.9937543705E-07    0.1202207948E-06    0.1418022962E-06    0.1637323568E-06    0.1856597764E-06    0.2072841601E-06    0.2283621020E-06    0.2487079483E-06    0.2681903843E-06    0.2867250898E-06    0.3042666787E-06
        0.0011987818    0.2790556974E-07    0.4448425195E-07    0.6455723453E-07    0.8778014547E-07    0.1137128288E-06    0.1418376577E-06    0.1715900388E-06    0.2023931083E-06    0.2336936711E-06    0.2649904628E-06    0.2958547319E-06    0.3259390663E-06    0.3549784842E-06    0.3827855611E-06    0.4092399481E-06    0.4342768663E-06
        0.0013125330    0.3980678067E-07    0.6345598094E-07    0.9208973010E-07    0.1252167885E-06    0.1622092837E-06    0.2023288301E-06    0.2447700443E-06    0.2887100409E-06    0.3333596990E-06    0.3780039744E-06    0.4220312596E-06    0.4649459766E-06    0.5063701329E-06    0.5460363716E-06    0.5837730173E-06    0.6194876652E-06
        0.0014370779    0.5675220890E-07    0.9046871060E-07    0.1312916341E-06    0.1785206235E-06    0.2312605295E-06    0.2884586402E-06    0.3489667244E-06    0.4116116014E-06    0.4752682300E-06    0.5389171781E-06    0.6016864793E-06    0.6628695898E-06    0.7219276082E-06    0.7784793663E-06    0.8322801083E-06    0.8831980958E-06
        0.0015734408    0.8085582375E-07    0.1288923319E-06    0.1870534628E-06    0.2543414088E-06    0.3294808398E-06    0.4109719374E-06    0.4971787923E-06    0.5864299546E-06    0.6771225630E-06    0.7678042157E-06    0.8572326040E-06    0.9444010995E-06    0.1028541919E-05    0.1109112006E-05    0.1185762655E-05    0.1258306180E-05
        0.0017227429    0.1151130881E-06    0.1835019340E-06    0.2663050123E-06    0.3621017611E-06    0.4690765209E-06    0.5850940203E-06    0.7078252336E-06    0.8348905452E-06    0.9640079938E-06    0.1093109820E-05    0.1220427363E-05    0.1344527495E-05    0.1464317135E-05    0.1579023146E-05    0.1688149082E-05    0.1791427744E-05
        0.0018862122    0.1637558144E-06    0.2610434870E-06    0.3788362992E-06    0.5151134092E-06    0.6672919329E-06    0.8323342997E-06    0.1006927303E-05    0.1187685784E-05    0.1371363513E-05    0.1555018970E-05    0.1736136109E-05    0.1912676202E-05    0.2083084267E-05    0.2246260469E-05    0.2401498588E-05    0.2548418528E-05
        0.0020651929    0.2327428322E-06    0.3710160261E-06    0.5384327003E-06    0.7321206697E-06    0.9484089460E-06    0.1182980273E-05    0.1431125626E-05    0.1688033743E-05    0.1949090836E-05    0.2210116180E-05    0.2467533752E-05    0.2718445929E-05    0.2960642641E-05    0.3192560723E-05    0.3413196447E-05    0.3622009611E-05
        0.0022611570    0.3304538465E-06    0.5267777493E-06    0.7644801675E-06    0.1039483095E-05    0.1346574390E-05    0.1679624275E-05    0.2031946707E-05    0.2396710527E-05    0.2767364988E-05    0.3137974194E-05    0.3503460788E-05    0.3859710622E-05    0.4203585778E-05    0.4532866849E-05    0.4846128736E-05    0.5142604486E-05
        0.0024757158    0.4686574188E-06    0.7470891060E-06    0.1084204626E-05    0.1474220434E-05    0.1909744564E-05    0.2382083556E-05    0.2881755005E-05    0.3399070769E-05    0.3924740450E-05    0.4450345614E-05    0.4968685374E-05    0.5473924891E-05    0.5961613884E-05    0.6428604764E-05    0.6872876453E-05    0.7293341313E-05
        0.0027106339    0.6638372632E-06    0.1058227096E-05    0.1535740340E-05    0.2088184754E-05    0.2705089886E-05    0.3374141621E-05    0.4081908267E-05    0.4814666839E-05    0.5559257833E-05    0.6303756810E-05    0.7037963853E-05    0.7753614014E-05    0.8444403603E-05    0.9105874214E-05    0.9735163120E-05    0.1033072985E-04
        0.0029678432    0.9390973636E-06    0.1497022296E-05    0.2172537387E-05    0.2954053380E-05    0.3826758256E-05    0.4773231615E-05    0.5774471977E-05    0.6811065984E-05    0.7864397580E-05    0.8917597817E-05    0.9956237203E-05    0.1096862356E-04    0.1194583934E-04    0.1288157755E-04    0.1377178856E-04    0.1461429336E-04
        0.0032494587    0.1326489484E-05    0.2114569280E-05    0.3068746392E-05    0.4172650628E-05    0.5405359735E-05    0.6742266698E-05    0.8156531015E-05    0.9620730743E-05    0.1110857044E-04    0.1259622238E-04    0.1406330435E-04    0.1549330068E-04    0.1687361518E-04    0.1819533926E-04    0.1945275299E-04    0.2064277892E-04
        0.0035577965    0.1870634741E-05    0.2981999981E-05    0.4327597134E-05    0.5884340343E-05    0.7622724593E-05    0.9508047913E-05    0.1150245832E-04    0.1356728443E-04    0.1566544404E-04    0.1776333473E-04    0.1983221266E-04    0.2184878671E-04    0.2379529346E-04    0.2565917025E-04    0.2743235110E-04    0.2911049695E-04
        0.0038953921    0.2633259943E-05    0.4197715416E-05    0.6091893592E-05    0.8283296205E-05    0.1073038917E-04    0.1338432166E-04    0.1619180806E-04    0.1909841029E-04    0.2205192821E-04    0.2500505992E-04    0.2791734225E-04    0.3075598782E-04    0.3349599133E-04    0.3611966908E-04    0.3861566753E-04    0.4097788004E-04
        0.0042650218    0.3699614127E-05    0.5897614852E-05    0.8558859090E-05    0.1163768688E-04    0.1507574380E-04    0.1880439387E-04    0.2274876950E-04    0.2683238555E-04    0.3098190268E-04    0.3513086306E-04    0.3922241599E-04    0.4321049521E-04    0.4705996928E-04    0.5074599447E-04    0.5425262097E-04    0.5757127172E-04
        0.0046697254    0.5186931145E-05    0.8268586920E-05    0.1199971540E-04    0.1631629796E-04    0.2113651871E-04    0.2636414375E-04    0.3189420064E-04    0.3761945186E-04    0.4343707312E-04    0.4925388778E-04    0.5499018703E-04    0.6058138259E-04    0.6597821947E-04    0.7114586822E-04    0.7606196952E-04    0.8071450272E-04
        0.0051128308    0.7255165686E-05    0.1156562534E-04    0.1678452220E-04    0.2282230632E-04    0.2956453486E-04    0.3687659266E-04    0.4461163878E-04    0.5261966850E-04    0.6075685504E-04    0.6889286566E-04    0.7691620319E-04    0.8473652125E-04    0.9228492499E-04    0.9951270069E-04    0.1063885783E-03    0.1128957522E-03
        0.0055979820    0.1012312377E-04    0.1613754488E-04    0.2341949775E-04    0.3184402521E-04    0.4125143787E-04    0.5145389112E-04    0.6224647673E-04    0.7341987962E-04    0.8477341328E-04    0.9612521909E-04    0.1073197160E-03    0.1182308365E-03    0.1287624522E-03    0.1388465994E-03    0.1484396559E-03    0.1575181876E-03
        0.0061291687    0.1408540217E-04    0.2245398803E-04    0.3258621329E-04    0.4430819639E-04    0.5739772983E-04    0.7159341568E-04    0.8661010490E-04    0.1021565293E-03    0.1179534414E-03    0.1337477911E-03    0.1493230853E-03    0.1645039007E-03    0.1791564841E-03    0.1931862825E-03    0.2065326157E-03    0.2191629035E-03
        0.0067107592    0.1954006174E-04    0.3114954499E-04    0.4520562326E-04    0.6146705125E-04    0.7962554301E-04    0.9931842004E-04    0.1201500399E-03    0.1417162923E-03    0.1636297684E-03    0.1855394037E-03    0.2071448384E-03    0.2282026947E-03    0.2485274252E-03    0.2679878826E-03    0.2864999173E-03    0.3040183789E-03
        0.0073475362    0.2701851369E-04    0.4307140426E-04    0.6250722064E-04    0.8499233880E-04    0.1101004334E-03    0.1373299261E-03    0.1661336323E-03    0.1959526939E-03    0.2262513908E-03    0.2565442614E-03    0.2864159421E-03    0.3155298734E-03    0.3436295002E-03    0.3705335215E-03    0.3961256347E-03    0.4203434930E-03
        0.0080447363    0.3722759435E-04    0.5934643823E-04    0.8612639839E-04    0.1171077032E-03    0.1517028440E-03    0.1892205510E-03    0.2289066709E-03    0.2699910233E-03    0.3117353865E-03    0.3534707986E-03    0.3946248637E-03    0.4347337926E-03    0.4734441013E-03    0.5105060550E-03    0.5457595011E-03    0.5791186829E-03
        0.0088080930    0.5109472036E-04    0.8145320703E-04    0.1182089507E-03    0.1607307645E-03    0.2082121230E-03    0.2597039644E-03    0.3141708422E-03    0.3705554087E-03    0.4278443123E-03    0.4851192863E-03    0.5415945718E-03    0.5966335213E-03    0.6497510037E-03    0.7006043874E-03    0.7489740349E-03    0.7947425068E-03
        0.0096438838    0.6982866908E-04    0.1113188824E-03    0.1615517428E-03    0.2196643700E-03    0.2845542132E-03    0.3549237133E-03    0.4293571194E-03    0.5064089080E-03    0.5846939137E-03    0.6629569704E-03    0.7401239669E-03    0.8153246624E-03    0.8878960997E-03    0.9573702507E-03    0.1023447252E-02    0.1085967066E-02
        0.0105589819    0.9498176649E-04    0.1514184362E-03    0.2197466760E-03    0.2987923203E-03    0.3870551089E-03    0.4827691723E-03    0.5840076453E-03    0.6888034276E-03    0.7952719146E-03    0.9017054323E-03    0.1006642529E-02    0.1108899216E-02    0.1207573826E-02    0.1302030147E-02    0.1391860840E-02    0.1476849025E-02
        0.0115609128    0.1285393269E-03    0.2049173073E-03    0.2973877753E-03    0.4043609258E-03    0.5238054672E-03    0.6533300533E-03    0.7903250658E-03    0.9321268675E-03    0.1076184139E-02    0.1220185201E-02    0.1362151523E-02    0.1500480347E-02    0.1633951611E-02    0.1761705040E-02    0.1883190319E-02    0.1998115339E-02
        0.0126579159    0.1729522782E-03    0.2757235124E-03    0.4001468206E-03    0.5440817143E-03    0.7047933304E-03    0.8790613275E-03    0.1063371001E-02    0.1254135670E-02    0.1447920939E-02    0.1641615228E-02    0.1832555137E-02    0.2018583362E-02    0.2198058609E-02    0.2369824605E-02    0.2533142531E-02    0.2687621755E-02
        0.0138590124    0.2312755104E-03    0.3687083807E-03    0.5350937539E-03    0.7275669781E-03    0.9424679487E-03    0.1175485664E-02    0.1421914352E-02    0.1676953166E-02    0.1936006864E-02    0.2194912588E-02    0.2450106711E-02    0.2698703212E-02    0.2938507929E-02    0.3167976841E-02    0.3386124822E-02    0.3592433651E-02
        0.0151740797    0.3069703350E-03    0.4893919853E-03    0.7102403869E-03    0.9657093746E-03    0.1250935819E-02    0.1560189813E-02    0.1887215549E-02    0.2225632955E-02    0.2569338198E-02    0.2912802615E-02    0.3251292819E-02    0.3580976242E-02    0.3898941702E-02    0.4203143567E-02    0.4492279134E-02    0.4765667593E-02
        0.0166139325    0.4048897940E-03    0.6455136886E-03    0.9368186860E-03    0.1273777663E-02    0.1649967309E-02    0.2057816380E-02    0.2489056838E-02    0.2935259992E-02    0.3388367251E-02    0.3841081022E-02    0.4287152716E-02    0.4721524363E-02    0.5140358454E-02    0.5540963496E-02    0.5921629707E-02    0.6281471150E-02
        0.0181904113    0.5301818969E-03    0.8452844963E-03    0.1226745033E-02    0.1667968916E-02    0.2160529734E-02    0.2694490340E-02    0.3258996132E-02    0.3842987658E-02    0.4435899951E-02    0.5028168860E-02    0.5611604163E-02    0.6179578827E-02    0.6727072507E-02    0.7250572669E-02    0.7747855138E-02    0.8217780323E-02
        0.0199164806    0.6862755453E-03    0.1094178590E-02    0.1587967130E-02    0.2159085892E-02    0.2796602369E-02    0.3487616190E-02    0.4218031141E-02    0.4973494987E-02    0.5740312111E-02    0.6506089809E-02    0.7260214274E-02    0.7994101704E-02    0.8701261891E-02    0.9377167949E-02    0.1001896507E-01    0.1062521177E-01
        0.0218063349    0.8793259372E-03    0.1402017798E-02    0.2034739356E-02    0.2766497246E-02    0.3583242038E-02    0.4468383199E-02    0.5403784900E-02    0.6370998653E-02    0.7352445212E-02    0.8332227686E-02    0.9296729326E-02    0.1023494482E-01    0.1113857357E-01    0.1200184895E-01    0.1282115323E-01    0.1359469447E-01
        0.0238755154    0.1111821710E-02    0.1772788009E-02    0.2572856247E-02    0.3498077854E-02    0.4530623750E-02    0.5649420649E-02    0.6831420557E-02    0.8053205407E-02    0.9292502338E-02    0.1052918695E-01    0.1174601826E-01    0.1292907246E-01    0.1406788020E-01    0.1515520441E-01    0.1618653416E-01    0.1715969029E-01
        0.0261410384    0.1392011419E-02    0.2219660005E-02    0.3221435012E-02    0.4379796176E-02    0.5672318803E-02    0.7072468244E-02    0.8551205850E-02    0.1007907185E-01    0.1162811666E-01    0.1317311623E-01    0.1469245625E-01    0.1616869772E-01    0.1758877945E-01    0.1894372973E-01    0.2022800145E-01    0.2143900206E-01
        0.0286215345    0.1725401707E-02    0.2751450542E-02    0.3993289969E-02    0.5429062765E-02    0.7030817172E-02    0.8765433783E-02    0.1059664200E-01    0.1248771892E-01    0.1440393832E-01    0.1631400995E-01    0.1819111423E-01    0.2001363685E-01    0.2176546794E-01    0.2343562857E-01    0.2501739713E-01    0.2650776608E-01
        0.0313374022    0.2112889926E-02    0.3369663212E-02    0.4890666165E-02    0.6648970844E-02    0.8610125215E-02    0.1073323818E-01    0.1297348797E-01    0.1528561106E-01    0.1762698790E-01    0.1995929484E-01    0.2224966719E-01    0.2447164869E-01    0.2660563475E-01    0.2863839041E-01    0.3056190378E-01    0.3237278670E-01
        0.0343109759    0.2559539826E-02    0.4082483186E-02    0.5925547584E-02    0.8055897982E-02    0.1043149543E-01    0.1300233655E-01    0.1571355039E-01    0.1850990919E-01    0.2133970012E-01    0.2415654418E-01    0.2692063080E-01    0.2959994130E-01    0.3217090711E-01    0.3461778990E-01    0.3693117674E-01    0.3910736315E-01
        0.0375667089    0.3080167090E-02    0.4913686947E-02    0.7132579727E-02    0.9697049578E-02    0.1255609756E-01    0.1564890492E-01    0.1890864661E-01    0.2226835288E-01    0.2566576845E-01    0.2904524343E-01    0.3235893078E-01    0.3556836409E-01    0.3864543775E-01    0.4157161034E-01    0.4433592361E-01    0.4693443671E-01
        0.0411313750    0.3698702211E-02    0.5901647323E-02    0.8567639244E-02    0.1164851517E-01    0.1508248455E-01    0.1879563938E-01    0.2270666430E-01    0.2673452570E-01    0.3080459555E-01    0.3485043711E-01    0.3881477455E-01    0.4265153776E-01    0.4632732752E-01    0.4982039146E-01    0.5311800385E-01    0.5621606568E-01
        0.0450342886    0.4449466344E-02    0.7101387269E-02    0.1031081362E-01    0.1401928736E-01    0.1815172452E-01    0.2261803144E-01    0.2731896942E-01    0.3215636666E-01    0.3704088391E-01    0.4189337699E-01    0.4664531809E-01    0.5124147368E-01    0.5564210788E-01    0.5982166839E-01    0.6376530515E-01    0.6746881820E-01
        0.0493075457    0.5393139472E-02    0.8609973035E-02    0.1250306223E-01    0.1700073653E-01    0.2201088038E-01    0.2742264689E-01    0.3311387472E-01    0.3896486489E-01    0.4486831005E-01    0.5072968549E-01    0.5646660836E-01    0.6201241299E-01    0.6731948999E-01    0.7235760210E-01    0.7710923029E-01    0.8157013770E-01
        0.0539862877    0.6609921508E-02    0.1055557140E-01    0.1533017453E-01    0.2084446849E-01    0.2698379015E-01    0.3360991026E-01    0.4057060613E-01    0.4771854523E-01    0.5492406382E-01    0.6207364991E-01    0.6906744795E-01    0.7582417475E-01    0.8228621750E-01    0.8841747217E-01    0.9419707374E-01    0.9962094670E-01
        0.0591089906    0.8155534983E-02    0.1302749563E-01    0.1892156389E-01    0.2572522805E-01    0.3329429029E-01    0.4145485229E-01    0.5001583993E-01    0.5879510485E-01    0.6763581497E-01    0.7640147289E-01    0.8497042631E-01    0.9324288387E-01    0.1011487231E+00    0.1086447064E+00    0.1157059871E+00    0.1223291300E+00
        0.0647177816    0.1004329077E-01    0.1604785542E-01    0.2330955681E-01    0.3168628732E-01    0.4099667620E-01    0.5102217596E-01    0.6152342683E-01    0.7227626016E-01    0.8309240092E-01    0.9380864522E-01    0.1042769326E+00    0.1143747269E+00    0.1240168706E+00    0.1331519365E+00    0.1417506942E+00    0.1498111824E+00
        0.0708587849    0.1219380410E-01    0.1949226000E-01    0.2831606190E-01    0.3848839654E-01    0.4978478664E-01    0.6193486472E-01    0.7464324847E-01    0.8763855770E-01    0.1006989143E+00    0.1136320664E+00    0.1262594819E+00    0.1384319907E+00    0.1500473210E+00    0.1610451756E+00    0.1713916657E+00    0.1810871403E+00
        0.0775825017    0.1443982130E-01    0.2309862578E-01    0.3356757188E-01    0.4563394006E-01    0.5902883553E-01    0.7342736057E-01    0.8847412492E-01    0.1038488154E+00    0.1192968409E+00    0.1345965922E+00    0.1495361387E+00    0.1639365256E+00    0.1776766933E+00    0.1906867069E+00    0.2029271747E+00    0.2144007390E+00
        0.0849442250    0.1647111550E-01    0.2638200198E-01    0.3837702357E-01    0.5221543664E-01    0.6759230778E-01    0.8413413453E-01    0.1014283968E+00    0.1191097500E+00    0.1368961443E+00    0.1545391476E+00    0.1717920408E+00    0.1884433283E+00    0.2043507245E+00    0.2194321892E+00    0.2336397815E+00    0.2469760079E+00
        0.0930044946    0.1830698394E-01    0.2938296471E-01    0.4281885410E-01    0.5835687823E-01    0.7566565072E-01    0.9432732371E-01    0.1138720992E+00    0.1338915264E+00    0.1540804248E+00    0.1741650343E+00    0.1938608283E+00    0.2129188544E+00    0.2311707293E+00    0.2485174657E+00    0.2648974579E+00    0.2803091135E+00
        0.1018295948    0.2042116387E-01    0.3286157563E-01    0.4799789581E-01    0.6555591167E-01    0.8517250440E-01    0.1063724101E+00    0.1286137869E+00    0.1514386486E+00    0.1745188819E+00    0.1975534640E+00    0.2202131567E+00    0.2422031110E+00    0.2633217096E+00    0.2834472227E+00    0.3024992049E+00    0.3204690655E+00
        0.1114920997    0.2372507669E-01    0.3826416939E-01    0.5598483245E-01    0.7656646054E-01    0.9957429436E-01    0.1244311971E+00    0.1504875907E+00    0.1772203543E+00    0.2042754984E+00    0.2313199810E+00    0.2579694147E+00    0.2838724973E+00    0.3087878867E+00    0.3325680208E+00    0.3551119272E+00    0.3764057608E+00
        0.1220714697    0.2862508554E-01    0.4623555255E-01    0.6768837324E-01    0.9256042568E-01    0.1202826478E+00    0.1501215142E+00    0.1812860987E+00    0.2131794133E+00    0.2454239106E+00    0.2776515182E+00    0.3094119387E+00    0.3402869649E+00    0.3699906407E+00    0.3983489325E+00    0.4252410390E+00    0.4506523206E+00
        0.1336547051    0.3401948236E-01    0.5506066087E-01    0.8068025854E-01    0.1103193126E+00    0.1432476036E+00    0.1785685709E+00    0.2153584517E+00    0.2529609078E+00    0.2909844499E+00    0.3290231135E+00    0.3665474992E+00    0.4030576786E+00    0.4382120615E+00    0.4718024019E+00    0.5036815259E+00    0.5338311323E+00
        0.1463370617    0.3800379242E-01    0.6180364856E-01    0.9087591019E-01    0.1245625016E+00    0.1620273879E+00    0.2022784328E+00    0.2443104162E+00    0.2874320335E+00    0.3312394656E+00    0.3752737014E+00    0.4189000596E+00    0.4615069425E+00    0.5026688208E+00    0.5421180381E+00    0.5796585924E+00    0.6152510784E+00
        0.1602228341    0.4095845195E-01    0.6711769869E-01    0.9927177929E-01    0.1367023203E+00    0.1785349634E+00    0.2237441681E+00    0.2712693017E+00    0.3203807477E+00    0.3706439565E+00    0.4215176843E+00    0.4722242387E+00    0.5220012399E+00    0.5703050146E+00    0.6167802116E+00    0.6611581935E+00    0.7033618479E+00
        0.1754262130    0.4631946334E-01    0.7635741674E-01    0.1133108227E+00    0.1563121788E+00    0.2044184686E+00    0.2565398655E+00    0.3115151593E+00    0.3685460712E+00    0.4271567675E+00    0.4867133004E+00    0.5462764674E+00    0.6049167729E+00    0.6619657567E+00    0.7169801613E+00    0.7696194253E+00    0.8197752406E+00
        0.1920722248    0.5476802844E-01    0.9054101545E-01    0.1342774739E+00    0.1848681138E+00    0.2412731848E+00    0.3022975476E+00    0.3666339639E+00    0.4334031909E+00    0.5021045315E+00    0.5720248870E+00    0.6420621831E+00    0.7111156238E+00    0.7783939622E+00    0.8433708147E+00    0.9056358350E+00    0.9650557782E+00
        0.2102977595    0.6124803987E-01    0.1019393738E+00    0.1516459090E+00    0.2092095505E+00    0.2736399542E+00    0.3436946009E+00    0.4179226729E+00    0.4953431826E+00    0.5753993117E+00    0.6572521703E+00    0.7395736102E+00    0.8210237716E+00    0.9006281682E+00    0.9777266758E+00    0.1051796357E+01    0.1122648885E+01
        0.2302526962    0.6641765284E-01    0.1116611743E+00    0.1671375315E+00    0.2318362567E+00    0.3049101826E+00    0.3850773860E+00    0.4707057258E+00    0.5606617648E+00    0.6542812443E+00    0.7505370515E+00    0.8477979621E+00    0.9444086436E+00    0.1039149259E+01    0.1131178421E+01    0.1219822614E+01    0.1304815540E+01
        0.2521011363    0.7610002909E-01    0.1284618225E+00    0.1923896997E+00    0.2669544403E+00    0.3513740409E+00    0.4442633984E+00    0.5437831801E+00    0.6486832850E+00    0.7582605661E+00    0.8713451579E+00    0.9860084042E+00    0.1100268481E+01    0.1212650708E+01    0.1322122783E+01    0.1427845461E+01    0.1529466242E+01
        0.2760227522    0.8519408599E-01    0.1447213988E+00    0.2174218093E+00    0.3026110689E+00    0.3996310211E+00    0.5070021153E+00    0.6226512594E+00    0.7451782062E+00    0.8738062970E+00    0.1007164295E+01    0.1142938090E+01    0.1278725941E+01    0.1412720181E+01    0.1543635449E+01    0.1670414466E+01    0.1792585319E+01
        0.3022142655    0.9355859485E-01    0.1604023129E+00    0.2424962673E+00    0.3395413298E+00    0.4510427305E+00    0.5754077943E+00    0.7102651862E+00    0.8539974343E+00    0.1005697498E+01    0.1163717872E+01    0.1325256524E+01    0.1487387754E+01    0.1647887497E+01    0.1805153035E+01    0.1957855171E+01    0.2105369830E+01
        0.3308910644    0.1054336103E+00    0.1816766797E+00    0.2754383852E+00    0.3867941204E+00    0.5154434527E+00    0.6597322248E+00    0.8170420143E+00    0.9856092690E+00    0.1164461559E+01    0.1351677240E+01    0.1543897856E+01    0.1737577728E+01    0.1929987620E+01    0.2119129323E+01    0.2303328908E+01    0.2481759685E+01
        0.3622889751    0.1158861648E+00    0.2016975614E+00    0.3080860553E+00    0.4356542270E+00    0.5843499405E+00    0.7524186981E+00    0.9368852628E+00    0.1135730798E+01    0.1347830085E+01    0.1570880146E+01    0.1800823195E+01    0.2033349079E+01    0.2265106973E+01    0.2493611960E+01    0.2716767874E+01    0.2933496591E+01
        0.3966662010    0.1291017162E+00    0.2264196420E+00    0.3477615173E+00    0.4943540335E+00    0.6665298195E+00    0.8625404547E+00    0.1079104955E+01    0.1313987678E+01    0.1565925966E+01    0.1832170761E+01    0.2107817337E+01    0.2387618979E+01    0.2667452860E+01    0.2944221290E+01    0.3215295229E+01    0.3479270049E+01
        0.4343054463    0.1422977561E+00    0.2522790008E+00    0.3906794516E+00    0.5595112814E+00    0.7595817106E+00    0.9891415215E+00    0.1244521461E+01    0.1523194365E+01    0.1823700069E+01    0.2142729663E+01    0.2474347123E+01    0.2812169348E+01    0.3151132715E+01    0.3487388009E+01    0.3817652724E+01    0.4140115366E+01
        0.4755162407    0.1574395859E+00    0.2820646906E+00    0.4402991278E+00    0.6351773682E+00    0.8681971782E+00    0.1137721112E+01    0.1439692281E+01    0.1771263784E+01    0.2130727430E+01    0.2514073489E+01    0.2914099582E+01    0.3323031339E+01    0.3734648255E+01    0.4144171888E+01    0.4547514068E+01    0.4942354491E+01
        0.5206374847    0.1737726805E+00    0.3150852232E+00    0.4963728102E+00    0.7219721711E+00    0.9942798597E+00    0.1311842940E+01    0.1670165257E+01    0.2066009737E+01    0.2497338472E+01    0.2959264284E+01    0.3443039332E+01    0.3939199561E+01    0.4440116479E+01    0.4939876463E+01    0.5433410676E+01    0.5917773797E+01
        0.5700402368    0.1916949183E+00    0.3521683931E+00    0.5603749031E+00    0.8223171792E+00    0.1141567189E+01    0.1516962639E+01    0.1943513025E+01    0.2417499607E+01    0.2936440115E+01    0.3494342253E+01    0.4080570830E+01    0.4683614111E+01    0.5294138427E+01    0.5904853465E+01    0.6509508048E+01    0.7104400166E+01
        0.6241307649    0.2115308618E+00    0.3940911146E+00    0.6338337806E+00    0.9389006369E+00    0.1314389322E+01    0.1759553777E+01    0.2268826516E+01    0.2837871208E+01    0.3463595528E+01    0.4138610079E+01    0.4849979343E+01    0.5583722473E+01    0.6328457586E+01    0.7075242596E+01    0.7816419216E+01    0.8547386382E+01
        0.6833538873    0.2334530275E+00    0.4415514329E+00    0.7183888775E+00    0.1074820679E+01    0.1517879247E+01    0.2047361582E+01    0.2656993342E+01    0.3341622594E+01    0.4097315540E+01    0.4914917860E+01    0.5778703225E+01    0.6671735390E+01    0.7580198727E+01    0.8493195743E+01    0.9401420091E+01    0.1029922656E+02
        0.7481966305    0.2577822319E+00    0.4955140262E+00    0.8161314645E+00    0.1233909396E+01    0.1758294358E+01    0.2389741506E+01    0.3121063752E+01    0.3946003070E+01    0.4859462677E+01    0.5850063759E+01    0.6898715646E+01    0.7984978009E+01    0.9092182187E+01    0.1020715334E+02    0.1131869203E+02    0.1241997381E+02
        0.8191922345    0.2848713952E+00    0.5571033682E+00    0.9295497703E+00    0.1420755945E+01    0.2043122405E+01    0.2797833100E+01    0.3676463581E+01    0.4671229464E+01    0.5775434144E+01    0.6974911093E+01    0.8246550961E+01    0.9565809554E+01    0.1091272977E+02    0.1227153671E+02    0.1362890732E+02    0.1497673113E+02
        0.8969245379    0.3151363087E+00    0.6276620242E+00    0.1061628951E+01    0.1640860283E+01    0.2381288119E+01    0.3284799811E+01    0.4341231341E+01    0.5540676062E+01    0.6874259602E+01    0.8324355100E+01    0.9863112538E+01    0.1146125589E+02    0.1309511652E+02    0.1474602173E+02    0.1639833431E+02    0.1804260297E+02
        0.9820327791    0.3490666215E+00    0.7087874354E+00    0.1215932655E+01    0.1900767960E+01    0.2783326589E+01    0.3866001264E+01    0.5136132790E+01    0.6580869668E+01    0.8188420223E+01    0.9936922197E+01    0.1179302512E+02    0.1372210311E+02    0.1569640622E+02    0.1769412493E+02    0.1969718860E+02    0.2169483006E+02
        1.0752168532    0.3872198303E+00    0.8023499939E+00    0.1396660064E+01    0.2208161735E+01    0.3261474406E+01    0.4559020684E+01    0.6084547035E+01    0.7821158752E+01    0.9753239665E+01    0.1185384265E+02    0.1408337201E+02    0.1640129984E+02    0.1877553182E+02    0.2118098097E+02    0.2359712933E+02    0.2601202670E+02
        1.1772430677    0.4302466390E+00    0.9105499177E+00    0.1608750123E+01    0.2571998615E+01    0.3829783612E+01    0.5383668640E+01    0.7212264669E+01    0.9293224773E+01    0.1160605464E+02    0.1411785698E+02    0.1678214135E+02    0.1955206493E+02    0.2239109460E+02    0.2527086399E+02    0.2816853039E+02    0.3107122435E+02
        1.2889504441    0.4788830213E+00    0.1035944082E+01    0.1857941638E+01    0.3002561789E+01    0.4504078570E+01    0.6361732220E+01    0.8546924394E+01    0.1103013510E+02    0.1378485601E+02    0.1677145636E+02    0.1993610620E+02    0.2322546042E+02    0.2659868444E+02    0.3002430113E+02    0.3347742182E+02    0.3694466268E+02
        1.4112576178    0.5339578156E+00    0.1181462278E+01    0.2150791121E+01    0.3511415336E+01    0.5301730897E+01    0.7516440980E+01    0.1011707414E+02    0.1306496194E+02    0.1632648665E+02    0.1985472375E+02    0.2358839790E+02    0.2746778796E+02    0.3144817752E+02    0.3549533015E+02    0.3958274413E+02    0.4369705555E+02
        1.5451703927    0.5964058225E+00    0.1350446884E+01    0.2494712428E+01    0.4111346720E+01    0.6241363349E+01    0.8871805046E+01    0.1195108351E+02    0.1542929361E+02    0.1926484436E+02    0.2340335989E+02    0.2777649588E+02    0.3231866580E+02    0.3698199259E+02    0.4172999369E+02    0.4653510800E+02    0.5138461510E+02
        1.6917900122    0.6672823445E+00    0.1546695103E+01    0.2897989966E+01    0.4816222259E+01    0.7342393484E+01    0.1045174828E+02    0.1407587495E+02    0.1815167698E+02    0.2262921554E+02    0.2744710734E+02    0.3253092385E+02    0.3781013456E+02    0.4323469144E+02    0.4876647585E+02    0.5437747183E+02    0.6005624535E+02
        1.8523222157    0.7477791684E+00    0.1774479026E+01    0.3369719396E+01    0.5640691860E+01    0.8624357649E+01    0.1227901631E+02    0.1651552477E+02    0.2125613087E+02    0.2644296386E+02    0.3200886023E+02    0.3787496924E+02    0.4396710058E+02    0.5023418929E+02    0.5663707767E+02    0.6314784921E+02    0.6975692869E+02
        2.0280871538    0.8393144388E+00    0.2038689864E+01    0.3919904055E+01    0.6600075291E+01    0.1010649103E+02    0.1437451674E+02    0.1929059021E+02    0.2476177386E+02    0.3072376916E+02    0.3710575260E+02    0.4382675387E+02    0.5081041923E+02    0.5800580447E+02    0.6537315693E+02    0.7288505362E+02    0.8053419502E+02
        2.2205302450    0.9436489387E+00    0.2345020642E+01    0.4559573797E+01    0.7710263484E+01    0.1180739521E+02    0.1675694293E+02    0.2241802531E+02    0.2868339832E+02    0.3548514844E+02    0.4275177877E+02    0.5040295591E+02    0.5836161125E+02    0.6657780616E+02    0.7501135381E+02    0.8363547970E+02    0.9244538070E+02
        2.4312340620    0.1074207842E+01    0.2722315894E+01    0.5335977198E+01    0.9036813944E+01    0.1380856908E+02    0.1952081341E+02    0.2600338871E+02    0.3313745865E+02    0.4085601559E+02    0.4909068646E+02    0.5776448371E+02    0.6680047731E+02    0.7615005774E+02    0.8577242063E+02    0.9564135391E+02    0.1057547138E+03
        2.6619313461    0.1208745188E+01    0.3128928802E+01    0.6184047945E+01    0.1048635851E+02    0.1598399885E+02    0.2250555985E+02    0.2985287970E+02    0.3790031145E+02    0.4658670592E+02    0.5585046139E+02    0.6562057515E+02    0.7582085633E+02    0.8640391960E+02    0.9732790127E+02    0.1085669745E+03    0.1201216004E+03
        2.9145192568    0.1361136181E+01    0.3593993475E+01    0.7149868085E+01    0.1212040899E+02    0.1840803847E+02    0.2579684043E+02    0.3406391878E+02    0.4308353337E+02    0.5280628049E+02    0.6318067127E+02    0.7414324581E+02    0.8561806178E+02    0.9755829022E+02    0.1099205575E+03    0.1226793794E+03    0.1358380631E+03
        3.1910749729    0.1536317464E+01    0.4128937197E+01    0.8250463162E+01    0.1395832069E+02    0.2109955449E+02    0.2941259709E+02    0.3865575384E+02    0.4871155334E+02    0.5954818341E+02    0.7112649021E+02    0.8339077717E+02    0.9626409669E+02    0.1096994368E+03    0.1236518257E+03    0.1380964812E+03    0.1530401759E+03
        3.4938727747    0.1743639499E+01    0.4753790453E+01    0.9515204401E+01    0.1603532756E+02    0.2409738477E+02    0.3339572563E+02    0.4367827751E+02    0.5484532266E+02    0.6688770870E+02    0.7977919936E+02    0.9347068880E+02    0.1078827220E+03    0.1229679137E+03    0.1386802660E+03    0.1549965615E+03    0.1719280541E+03
        3.8254027466    0.1996304175E+01    0.5495997932E+01    0.1098360774E+02    0.1839930912E+02    0.2745607003E+02    0.3780857121E+02    0.4920497175E+02    0.6157323688E+02    0.7493037175E+02    0.8926181607E+02    0.1045230390E+03    0.1206312034E+03    0.1375394326E+03    0.1552019106E+03    0.1735981630E+03    0.1927451386E+03
        4.1883912545    0.2306472106E+01    0.6380018913E+01    0.1268873288E+02    0.2108808383E+02    0.3121720509E+02    0.4269846472E+02    0.5529279308E+02    0.6896522909E+02    0.8375995665E+02    0.9967137340E+02    0.1166579153E+03    0.1346340166E+03    0.1535552448E+03    0.1733773640E+03    0.1940837483E+03    0.2156981790E+03
        4.5858233661    0.2673936785E+01    0.7403462282E+01    0.1462037165E+02    0.2408041178E+02    0.3534900683E+02    0.4802667290E+02    0.6190130860E+02    0.7698227997E+02    0.9333850060E+02    0.1109701481E+03    0.1298390761E+03    0.1498595165E+03    0.1709917299E+03    0.1931940667E+03    0.2164545202E+03    0.2408045867E+03
        5.0209673996    0.3085394196E+01    0.8535489922E+01    0.1672434177E+02    0.2729745139E+02    0.3975027988E+02    0.5367491531E+02    0.6890137778E+02    0.8548658062E+02    0.1035182332E+03    0.1230004650E+03    0.1439020260E+03    0.1661404559E+03    0.1896821917E+03    0.2144885486E+03    0.2405526176E+03    0.2679142244E+03
        5.4974018001    0.3547773091E+01    0.9785930446E+01    0.1901019506E+02    0.3074810618E+02    0.4443088028E+02    0.5965803010E+02    0.7631649683E+02    0.9450925457E+02    0.1143363120E+03    0.1358075397E+03    0.1589038959E+03    0.1835484788E+03    0.2097138279E+03    0.2373641443E+03    0.2664980047E+03    0.2971644194E+03
        6.0190445678    0.4084666937E+01    0.1119796472E+02    0.2153816054E+02    0.3450843609E+02    0.4948288377E+02    0.6608710233E+02    0.8427785741E+02    0.1041982874E+03    0.1259575301E+03    0.1495770603E+03    0.1750543653E+03    0.2023175437E+03    0.2313435789E+03    0.2620995738E+03    0.2945907875E+03    0.3288779012E+03
        6.5901854779    0.4694157294E+01    0.1276147768E+02    0.2428696130E+02    0.3854586453E+02    0.5486457183E+02    0.7291685965E+02    0.9273813302E+02    0.1145022485E+03    0.1383294713E+03    0.1642599081E+03    0.1923085271E+03    0.2224054817E+03    0.2545302169E+03    0.2886548676E+03    0.3247954796E+03    0.3630293423E+03
        7.2155213579    0.5380390269E+01    0.1447849392E+02    0.2725450350E+02    0.4285362603E+02    0.6056670759E+02    0.8014081443E+02    0.1016923739E+03    0.1254170305E+03    0.1514539609E+03    0.1798660211E+03    0.2106818999E+03    0.2438297681E+03    0.2792933998E+03    0.3170568299E+03    0.3571534123E+03    0.3996814560E+03
        7.9001947124    0.6155295864E+01    0.1636666989E+02    0.3046208745E+02    0.4745499403E+02    0.6661683940E+02    0.8779490240E+02    0.1111814770E+03    0.1369907417E+03    0.1653909126E+03    0.1964654856E+03    0.2302492296E+03    0.2666687608E+03    0.3057227696E+03    0.3474150612E+03    0.3917992024E+03    0.4389947008E+03
        8.6498360130    0.7018666786E+01    0.1841900125E+02    0.3389415445E+02    0.5232493150E+02    0.7298495531E+02    0.9584788429E+02    0.1211704183E+03    0.1491904252E+03    0.1801105397E+03    0.2140255876E+03    0.2509713855E+03    0.2908861780E+03    0.3337953641E+03    0.3797222419E+03    0.4287379054E+03    0.4809822742E+03
        9.4706100008    0.7976483778E+01    0.2064117049E+02    0.3755377726E+02    0.5746234563E+02    0.7967100939E+02    0.1043018742E+03    0.1316626723E+03    0.1620268745E+03    0.1956263750E+03    0.2325554465E+03    0.2728611399E+03    0.3165115195E+03    0.3635549878E+03    0.4140283165E+03    0.4680202438E+03    0.5256973589E+03
       10.3692663829    0.9032376737E+01    0.2303420401E+02    0.4143667438E+02    0.6285656598E+02    0.8666445614E+02    0.1131454489E+03    0.1426491162E+03    0.1754956669E+03    0.2119291239E+03    0.2520427211E+03    0.2959198948E+03    0.3435567717E+03    0.3950105377E+03    0.4503353684E+03    0.5096500713E+03    0.5731596674E+03
       11.3531953391    0.1019035455E+02    0.2559987034E+02    0.4553904850E+02    0.6849773039E+02    0.9395640898E+02    0.1223682460E+03    0.1541242932E+03    0.1895915837E+03    0.2290062268E+03    0.2724841741E+03    0.3201550901E+03    0.3720208402E+03    0.4281524782E+03    0.4886414670E+03    0.5536468233E+03    0.6234102971E+03
       12.4304882957    0.1145231150E+02    0.2833563882E+02    0.4985032770E+02    0.7436800588E+02    0.1015287284E+03    0.1319499526E+03    0.1660722111E+03    0.2042912216E+03    0.2468335997E+03    0.2938677875E+03    0.3455439590E+03    0.4018677623E+03    0.4629560606E+03    0.5289405031E+03    0.6000102493E+03    0.6764431875E+03
       13.6100044661    0.1282068560E+02    0.3123981173E+02    0.5436062853E+02    0.8045141959E+02    0.1093650467E+03    0.1418743795E+03    0.1784784596E+03    0.2195704832E+03    0.2653976892E+03    0.3161751871E+03    0.3720504778E+03    0.4330755497E+03    0.4994101260E+03    0.5712114767E+03    0.6487066289E+03    0.7322278874E+03
       14.9014437053    0.1429805004E+02    0.3431057035E+02    0.5905944897E+02    0.8673249772E+02    0.1174487558E+03    0.1521276997E+03    0.1913247781E+03    0.2354093164E+03    0.2846839023E+03    0.3393702603E+03    0.3996484875E+03    0.4656259374E+03    0.5374785410E+03    0.6154098897E+03    0.6997078570E+03    0.7907537337E+03
       16.3154262774    0.1588523406E+02    0.3754230989E+02    0.6393073401E+02    0.9319042098E+02    0.1257564508E+03    0.1626898669E+03    0.2045802159E+03    0.2517851066E+03    0.3046539634E+03    0.3634103755E+03    0.4283062919E+03    0.4994594239E+03    0.5771012641E+03    0.6614930138E+03    0.7529626657E+03    0.8519538515E+03
       17.8635801925    0.1758422781E+02    0.4093122114E+02    0.6896093095E+02    0.9980904127E+02    0.1342704899E+03    0.1735458661E+03    0.2182215210E+03    0.2686790471E+03    0.3252695139E+03    0.3882736312E+03    0.4579713669E+03    0.5345302835E+03    0.6182366289E+03    0.7093970996E+03    0.8084042845E+03    0.9157692478E+03
       19.5586368304    0.1939574681E+02    0.4447067465E+02    0.7413282908E+02    0.1065691231E+03    0.1429710933E+03    0.1846732564E+03    0.2322279217E+03    0.2860542911E+03    0.3464980820E+03    0.4139085070E+03    0.4885902285E+03    0.5707826891E+03    0.6608108893E+03    0.7590489385E+03    0.8659592222E+03    0.9821176757E+03
       21.4145356385    0.2131940942E+02    0.4815172138E+02    0.7942664470E+02    0.1134494151E+03    0.1518383679E+03    0.1960432677E+03    0.2465780416E+03    0.3038673471E+03    0.3683013237E+03    0.4402531541E+03    0.5201099731E+03    0.6081378074E+03    0.7047434241E+03    0.8103641389E+03    0.9255220363E+03    0.1050891400E+04
       23.4465387640    0.2335265396E+02    0.5196129005E+02    0.8481799040E+02    0.1204239648E+03    0.1608486105E+03    0.2076227662E+03    0.2612323832E+03    0.3220808800E+03    0.3906127315E+03    0.4672582333E+03    0.5524392727E+03    0.6465184656E+03    0.7499399108E+03    0.8632226198E+03    0.9869888228E+03    0.1121958027E+04
       25.6713565631    0.2549196067E+02    0.5588471645E+02    0.9028172841E+02    0.1274666075E+03    0.1699778445E+03    0.2193852817E+03    0.2761424649E+03    0.3406485829E+03    0.4133798491E+03    0.4948364840E+03    0.5855177023E+03    0.6858139380E+03    0.7962983520E+03    0.9175236140E+03    0.1050197834E+04    0.1195201558E+04
       28.1072850208    0.2773301158E+02    0.5990624862E+02    0.9579292710E+02    0.1345523187E+03    0.1792011767E+03    0.2313063843E+03    0.2912756961E+03    0.3595099996E+03    0.4365445372E+03    0.5229281125E+03    0.6192348744E+03    0.7259612626E+03    0.8436759186E+03    0.9731446570E+03    0.1115053868E+04    0.1270394523E+04
       30.7743562090    0.3006987641E+02    0.6400777607E+02    0.1013254488E+03    0.1416563330E+03    0.1884883923E+03    0.2433547273E+03    0.3065946917E+03    0.3786276643E+03    0.4600257096E+03    0.5514611325E+03    0.6535105959E+03    0.7668144687E+03    0.8920306086E+03    0.1029874917E+04    0.1181411749E+04    0.1347467389E+04
       33.6945030221    0.3249496521E+02    0.6816898104E+02    0.1068524476E+03    0.1487541236E+03    0.1978098413E+03    0.2554880446E+03    0.3220490076E+03    0.3979311634E+03    0.4837870861E+03    0.5803115686E+03    0.6882977522E+03    0.8082473964E+03    0.9411566409E+03    0.1087735979E+04    0.1248940743E+04    0.1426254095E+04
       36.8917395444    0.3499914559E+02    0.7236770125E+02    0.1123466260E+03    0.1558222233E+03    0.2071420275E+03    0.2676668053E+03    0.3375973537E+03    0.4173568477E+03    0.5077326465E+03    0.6094558735E+03    0.7233636293E+03    0.8502940539E+03    0.9908538579E+03    0.1146440440E+04    0.1317793458E+04    0.1506235885E+04
       40.3923585315    0.3757202240E+02    0.7658052656E+02    0.1177812663E+03    0.1628392345E+03    0.2164577728E+03    0.2798702249E+03    0.3531624665E+03    0.4368862264E+03    0.5317325211E+03    0.6388034636E+03    0.7587199882E+03    0.8925577551E+03    0.1041308734E+04    0.1205659574E+04    0.1387561520E+04    0.1587785529E+04
       44.2251476316    0.4020232431E+02    0.8078367551E+02    0.1231311736E+03    0.1697804293E+03    0.2257342128E+03    0.2920349044E+03    0.3687317504E+03    0.4563580370E+03    0.5558669501E+03    0.6680698868E+03    0.7943455174E+03    0.9350656640E+03    0.1091886381E+04    0.1265827509E+04    0.1457742782E+04    0.1670290874E+04
       48.4216261230    0.4287833332E+02    0.8495356093E+02    0.1283717097E+03    0.1766249235E+03    0.2349337955E+03    0.3041202059E+03    0.3842493775E+03    0.4757718235E+03    0.5798695130E+03    0.6975149614E+03    0.8296820198E+03    0.9779650825E+03    0.1142630852E+04    0.1325977040E+04    0.1529127815E+04    0.1753070956E+04
       53.0163041156    0.4558843004E+02    0.8906776323E+02    0.1334828944E+03    0.1833518624E+03    0.2440104940E+03    0.3161456428E+03    0.3995535201E+03    0.4951677401E+03    0.6036514140E+03    0.7267859323E+03    0.8652344095E+03    0.1020303553E+04    0.1193931422E+04    0.1386212604E+04    0.1600263796E+04    0.1837410778E+04
       58.0469663481    0.4832179525E+02    0.9310659491E+02    0.1384470588E+03    0.1899306055E+03    0.2529943790E+03    0.3279553670E+03    0.4148129839E+03    0.5141372759E+03    0.6275216757E+03    0.7555598409E+03    0.9006065654E+03    0.1062897892E+04    0.1244309844E+04    0.1447210622E+04    0.1671414256E+04    0.1921122641E+04
       63.5549829136    0.5106897514E+02    0.9705303895E+02    0.1432480826E+03    0.1963793174E+03    0.2618116628E+03    0.3395977888E+03    0.4297982932E+03    0.5330240706E+03    0.6507241708E+03    0.7845790131E+03    0.9351183619E+03    0.1105305837E+04    0.1295029146E+04    0.1506790904E+04    0.1743582932E+04    0.2004849025E+04
       69.5856494710    0.5382119274E+02    0.1008959971E+03    0.1478931480E+03    0.2026839767E+03    0.2704105785E+03    0.3511362172E+03    0.4443648800E+03    0.5516799585E+03    0.6737038691E+03    0.8126865827E+03    0.9700861131E+03    0.1146396722E+04    0.1345535105E+04    0.1566906141E+04    0.1813662467E+04    0.2089819714E+04
       76.1885597370    0.5656623494E+02    0.1046257089E+03    0.1523735595E+03    0.2088004232E+03    0.2789532311E+03    0.3622198924E+03    0.4589776825E+03    0.5695294757E+03    0.6965852402E+03    0.8403441710E+03    0.1003841966E+04    0.1188261670E+04    0.1394168991E+04    0.1626651517E+04    0.1884668471E+04    0.2171881665E+04
       83.4180133251    0.5928431540E+02    0.1082192475E+03    0.1566795215E+03    0.2148367364E+03    0.2871988489E+03    0.3732455077E+03    0.4729266553E+03    0.5875829419E+03    0.7182202349E+03    0.8681119718E+03    0.1036859028E+04    0.1228475631E+04    0.1444031431E+04    0.1683970024E+04    0.1954887762E+04    0.2255514341E+04
       91.3334622825    0.6195171467E+02    0.1116537939E+03    0.1608425296E+03    0.2206714077E+03    0.2952339504E+03    0.3840479273E+03    0.4865853994E+03    0.6048443825E+03    0.7401881822E+03    0.8941108541E+03    0.1070305342E+04    0.1267710425E+04    0.1491575378E+04    0.1743082436E+04    0.2022229964E+04    0.2337543709E+04
      100.0000000000    0.6454998795E+02    0.1148933401E+03    0.1647611561E+03    0.2262497433E+03    0.3032387860E+03    0.3941746117E+03    0.5002456042E+03    0.6213977795E+03    0.7612265272E+03    0.9205708579E+03    0.1101309504E+04    0.1307692117E+04    0.1538067885E+04    0.1798906547E+04    0.2091998301E+04    0.2416499839E+04
