               #####        0.2000000000        0.2533333333        0.3066666667        0.3600000000        0.4133333333        0.4666666667        0.5200000000        0.5733333333        0.6266666667        0.6800000000        0.7333333333        0.7866666667        0.8400000000        0.8933333333        0.9466666667        1.0000000000
        0.0010000000    0.1369187331E-07    0.2182617351E-07    0.3167497268E-07    0.4306930011E-07    0.5579318586E-07    0.6959265494E-07    0.8419068997E-07    0.9930424942E-07    0.1146619038E-06    0.1300177060E-06    0.1451612903E-06    0.1599222010E-06    0.1741704253E-06    0.1878140033E-06    0.2007938859E-06    0.2130782884E-06
        0.0010948890    0.1955141200E-07    0.3116684682E-07    0.4523051359E-07    0.6150112928E-07    0.7967029786E-07    0.9937535357E-07    0.1202207270E-06    0.1418022464E-06    0.1637323217E-06    0.1856597505E-06    0.2072841394E-06    0.2283620847E-06    0.2487079334E-06    0.2681903712E-06    0.2867250783E-06    0.3042666679E-06
        0.0011987818    0.2790556332E-07    0.4448417513E-07    0.6455712817E-07    0.8778004122E-07    0.1137127429E-06    0.1418376030E-06    0.1715900280E-06    0.2023931461E-06    0.2336937527E-06    0.2649905789E-06    0.2958548753E-06    0.3259392337E-06    0.3549786732E-06    0.3827857700E-06    0.4092401757E-06    0.4342771103E-06
        0.0013125330    0.3980674252E-07    0.6345581086E-07    0.9208949008E-07    0.1252165269E-06    0.1622090251E-06    0.2023285939E-06    0.2447698505E-06    0.2887098974E-06    0.3333595973E-06    0.3780038989E-06    0.4220311989E-06    0.4649459255E-06    0.5063700888E-06    0.5460363327E-06    0.5837729830E-06    0.6194876331E-06
        0.0014370779    0.5675214644E-07    0.9046843181E-07    0.1312912380E-06    0.1785201890E-06    0.2312600971E-06    0.2884582432E-06    0.3489663970E-06    0.4116113580E-06    0.4752680568E-06    0.5389170491E-06    0.6016863753E-06    0.6628695020E-06    0.7219275324E-06    0.7784792992E-06    0.8322800492E-06    0.8831980403E-06
        0.0015734408    0.8085572154E-07    0.1288918751E-06    0.1870528095E-06    0.2543406871E-06    0.3294801173E-06    0.4109712703E-06    0.4971782395E-06    0.5864295418E-06    0.6771222682E-06    0.7678039956E-06    0.8572324261E-06    0.9444009489E-06    0.1028541788E-05    0.1109111891E-05    0.1185762553E-05    0.1258306084E-05
        0.0017227429    0.1151129209E-06    0.1835011859E-06    0.2663039351E-06    0.3621005630E-06    0.4690753139E-06    0.5850928999E-06    0.7078243006E-06    0.8348898455E-06    0.9640074923E-06    0.1093109444E-05    0.1220427058E-05    0.1344527237E-05    0.1464316912E-05    0.1579022947E-05    0.1688148906E-05    0.1791427579E-05
        0.0018862122    0.1637555410E-06    0.2610422623E-06    0.3788345239E-06    0.5151114210E-06    0.6672899177E-06    0.8323324189E-06    0.1006925729E-05    0.1187684598E-05    0.1371362660E-05    0.1555018330E-05    0.1736135588E-05    0.1912675760E-05    0.2083083883E-05    0.2246260127E-05    0.2401498286E-05    0.2548418243E-05
        0.0020651929    0.2327425389E-06    0.3710142671E-06    0.5384301311E-06    0.7321178550E-06    0.9484062083E-06    0.1182977897E-05    0.1431123916E-05    0.1688032848E-05    0.1949090672E-05    0.2210116546E-05    0.2467534489E-05    0.2718446964E-05    0.2960643934E-05    0.3192562240E-05    0.3413198176E-05    0.3622011506E-05
        0.0022611570    0.3304528157E-06    0.5267739927E-06    0.7644746569E-06    0.1039476682E-05    0.1346567554E-05    0.1679617451E-05    0.2031940381E-05    0.2396704944E-05    0.2767360003E-05    0.3137969473E-05    0.3503456074E-05    0.3859705805E-05    0.4203580813E-05    0.4532861705E-05    0.4846123418E-05    0.5142598947E-05
        0.0024757158    0.4686562283E-06    0.7470837527E-06    0.1084196708E-05    0.1474211381E-05    0.1909735217E-05    0.2382074687E-05    0.2881747473E-05    0.3399065023E-05    0.3924736272E-05    0.4450342449E-05    0.4968682782E-05    0.5473922673E-05    0.5961611946E-05    0.6428603030E-05    0.6872874910E-05    0.7293339851E-05
        0.0027106339    0.6638353217E-06    0.1058218354E-05    0.1535727323E-05    0.2088169769E-05    0.2705074318E-05    0.3374126768E-05    0.4081895591E-05    0.4814657127E-05    0.5559250747E-05    0.6303751425E-05    0.7037959433E-05    0.7753610223E-05    0.8444400283E-05    0.9105871238E-05    0.9735160467E-05    0.1033072733E-04
        0.0029678432    0.9390941997E-06    0.1497008034E-05    0.2172516004E-05    0.2954028595E-05    0.3826732345E-05    0.4773206759E-05    0.5774450659E-05    0.6811049580E-05    0.7864385568E-05    0.8917588663E-05    0.9956229669E-05    0.1096861708E-04    0.1194583366E-04    0.1288157245E-04    0.1377178400E-04    0.1461428903E-04
        0.0032494587    0.1326484332E-05    0.2114546028E-05    0.3068711297E-05    0.4172609666E-05    0.5405316645E-05    0.6742225136E-05    0.8156495192E-05    0.9620703059E-05    0.1110855010E-04    0.1259620683E-04    0.1406329152E-04    0.1549328963E-04    0.1687360546E-04    0.1819533052E-04    0.1945274516E-04    0.2064277146E-04
        0.0035577965    0.1870626360E-05    0.2981962109E-05    0.4327539583E-05    0.5884272705E-05    0.7622653000E-05    0.9507978476E-05    0.1150239817E-04    0.1356723775E-04    0.1566540961E-04    0.1776330833E-04    0.1983219083E-04    0.2184876785E-04    0.2379527685E-04    0.2565915527E-04    0.2743233767E-04    0.2911048415E-04
        0.0038953921    0.2633246325E-05    0.4197653795E-05    0.6091799314E-05    0.8283184629E-05    0.1073027034E-04    0.1338420576E-04    0.1619170717E-04    0.1909833165E-04    0.2205187000E-04    0.2500501516E-04    0.2791730513E-04    0.3075595569E-04    0.3349596295E-04    0.3611964345E-04    0.3861564451E-04    0.4097785806E-04
        0.0042650218    0.3699607465E-05    0.5897539318E-05    0.8558740543E-05    0.1163755160E-04    0.1507560968E-04    0.1880427913E-04    0.2274869541E-04    0.2683236522E-04    0.3098193370E-04    0.3513093388E-04    0.3922251667E-04    0.4321062089E-04    0.4706011733E-04    0.5074616251E-04    0.5425280804E-04    0.5757147436E-04
        0.0046697254    0.5186895302E-05    0.8268424327E-05    0.1199946322E-04    0.1631599532E-04    0.2113619232E-04    0.2636382188E-04    0.3189391765E-04    0.3761922935E-04    0.4343690721E-04    0.4925375941E-04    0.5499008002E-04    0.6058128954E-04    0.6597813696E-04    0.7114579341E-04    0.7606190209E-04    0.8071443810E-04
        0.0051128308    0.7255107646E-05    0.1156536173E-04    0.1678411053E-04    0.2282180881E-04    0.2956399492E-04    0.3687605721E-04    0.4461116564E-04    0.5261929486E-04    0.6075657542E-04    0.6889264865E-04    0.7691602181E-04    0.8473636317E-04    0.9228478452E-04    0.9951257308E-04    0.1063884631E-03    0.1128956416E-03
        0.0055979820    0.1012302992E-04    0.1613711807E-04    0.2341882664E-04    0.3184320842E-04    0.4125054581E-04    0.5145300152E-04    0.6224568670E-04    0.7341925298E-04    0.8477294260E-04    0.9612485270E-04    0.1073194089E-03    0.1182305683E-03    0.1287622133E-03    0.1388463820E-03    0.1484394593E-03    0.1575179985E-03
        0.0061291687    0.1408525064E-04    0.2245329807E-04    0.3258512086E-04    0.4430685739E-04    0.5739625815E-04    0.7159193978E-04    0.8660878757E-04    0.1021554798E-03    0.1179526502E-03    0.1337471733E-03    0.1493225663E-03    0.1645034462E-03    0.1791560785E-03    0.1931859126E-03    0.2065322805E-03    0.2191625806E-03
        0.0067107592    0.1953981750E-04    0.3114843147E-04    0.4520384790E-04    0.6146485966E-04    0.7962311888E-04    0.9931597517E-04    0.1201478466E-03    0.1417145372E-03    0.1636284404E-03    0.1855383635E-03    0.2071439621E-03    0.2282019256E-03    0.2485267374E-03    0.2679872541E-03    0.2864993467E-03    0.3040178285E-03
        0.0073475362    0.2701812072E-04    0.4306961040E-04    0.6250434053E-04    0.8498875798E-04    0.1100964472E-03    0.1373258828E-03    0.1661299867E-03    0.1959497636E-03    0.2262491652E-03    0.2565425129E-03    0.2864144652E-03    0.3155285741E-03    0.3436283357E-03    0.3705324553E-03    0.3961246650E-03    0.4203425560E-03
        0.0080447363    0.3722696333E-04    0.5934355401E-04    0.8612173499E-04    0.1171018634E-03    0.1516963011E-03    0.1892138765E-03    0.2289006217E-03    0.2699861394E-03    0.3117316633E-03    0.3534678644E-03    0.3946223788E-03    0.4347316013E-03    0.4734421331E-03    0.5105042495E-03    0.5457578559E-03    0.5791170907E-03
        0.0088080930    0.5109370926E-04    0.8144857964E-04    0.1182014157E-03    0.1607212602E-03    0.2082014051E-03    0.2596929679E-03    0.3141608246E-03    0.3705472842E-03    0.4278380955E-03    0.4851143717E-03    0.5415903987E-03    0.5966298327E-03    0.6497476835E-03    0.7006013357E-03    0.7489712490E-03    0.7947398063E-03
        0.0096438838    0.6982705277E-04    0.1113114758E-03    0.1615395957E-03    0.2196489362E-03    0.2845366949E-03    0.3549056353E-03    0.4293405650E-03    0.5063954215E-03    0.5846835548E-03    0.6629487559E-03    0.7401169732E-03    0.8153184659E-03    0.8878905104E-03    0.9573651033E-03    0.1023442545E-02    0.1085962495E-02
        0.0105589819    0.9497918942E-04    0.1514066118E-03    0.2197271437E-03    0.2987673200E-03    0.3870265448E-03    0.4827395235E-03    0.5839803533E-03    0.6887810922E-03    0.7952546940E-03    0.9016917339E-03    0.1006630835E-02    0.1108888832E-02    0.1207564439E-02    0.1302021486E-02    0.1391852905E-02    0.1476841309E-02
        0.0115609128    0.1285352295E-03    0.2048984829E-03    0.2973564537E-03    0.4043205377E-03    0.5237590153E-03    0.6532815536E-03    0.7902801868E-03    0.9320899720E-03    0.1076155585E-02    0.1220162418E-02    0.1362132025E-02    0.1500462993E-02    0.1633935893E-02    0.1761690511E-02    0.1883176987E-02    0.1998102356E-02
        0.0126579159    0.1729457843E-03    0.2756936390E-03    0.4000967489E-03    0.5440166639E-03    0.7047180118E-03    0.8789822223E-03    0.1063297413E-02    0.1254074896E-02    0.1447873729E-02    0.1641577443E-02    0.1832522717E-02    0.2018554442E-02    0.2198032365E-02    0.2369800305E-02    0.2533120198E-02    0.2687599977E-02
        0.0138590124    0.2312652530E-03    0.3686611339E-03    0.5350139733E-03    0.7274625454E-03    0.9423462127E-03    0.1175357043E-02    0.1421794064E-02    0.1676853365E-02    0.1935929044E-02    0.2194850114E-02    0.2450052971E-02    0.2698655169E-02    0.2938464247E-02    0.3167936326E-02    0.3386087531E-02    0.3592397237E-02
        0.0151740797    0.3069541992E-03    0.4893175653E-03    0.7101137751E-03    0.9655423671E-03    0.1250739807E-02    0.1559981464E-02    0.1887019651E-02    0.2225469669E-02    0.2569210394E-02    0.2912699705E-02    0.3251204077E-02    0.3580896740E-02    0.3898869285E-02    0.4203076295E-02    0.4492217130E-02    0.4765606975E-02
        0.0166139325    0.4048644984E-03    0.6453968739E-03    0.9366184356E-03    0.1273511474E-02    0.1649652732E-02    0.2057479962E-02    0.2488738802E-02    0.2934993650E-02    0.3388157967E-02    0.3840911962E-02    0.4287006537E-02    0.4721393097E-02    0.5140238634E-02    0.5540851979E-02    0.5921526747E-02    0.6281370345E-02
        0.0181904113    0.5301423990E-03    0.8451018685E-03    0.1226429554E-02    0.1667546269E-02    0.2160026768E-02    0.2693949136E-02    0.3258481676E-02    0.3842554748E-02    0.4435558405E-02    0.5027892026E-02    0.5611364103E-02    0.6179362703E-02    0.6726874766E-02    0.7250388238E-02    0.7747684513E-02    0.8217612989E-02
        0.0199164806    0.6862142583E-03    0.1093894860E-02    0.1587473157E-02    0.2158418829E-02    0.2795802905E-02    0.3486750571E-02    0.4217203735E-02    0.4972795393E-02    0.5739757982E-02    0.6505639228E-02    0.7259822508E-02    0.7993748192E-02    0.8700937799E-02    0.9376865141E-02    0.1001868449E-01    0.1062493624E-01
        0.0218063349    0.8792313707E-03    0.1401579459E-02    0.2033970133E-02    0.2765450072E-02    0.3581978000E-02    0.4467005932E-02    0.5402461067E-02    0.6369873919E-02    0.7351550809E-02    0.8331498084E-02    0.9296093283E-02    0.1023436959E-01    0.1113804517E-01    0.1200135441E-01    0.1282069430E-01    0.1359424327E-01
        0.0238755154    0.1111676855E-02    0.1772115735E-02    0.2571666920E-02    0.3496445431E-02    0.4528638914E-02    0.5647244274E-02    0.6829316930E-02    0.8051409697E-02    0.9291068988E-02    0.1052801432E-01    0.1174499369E-01    0.1292814418E-01    0.1406702626E-01    0.1515440429E-01    0.1618579100E-01    0.1715895917E-01
        0.0261410384    0.1391790751E-02    0.2218634657E-02    0.3219606190E-02    0.4377265170E-02    0.5669218910E-02    0.7069047639E-02    0.8547881240E-02    0.1007622064E-01    0.1162583245E-01    0.1317124233E-01    0.1469081549E-01    0.1616720872E-01    0.1758740798E-01    0.1894244348E-01    0.2022680599E-01    0.2143782546E-01
        0.0286215345    0.1725067457E-02    0.2749895626E-02    0.3990493722E-02    0.5425160654E-02    0.7026003154E-02    0.8760088345E-02    0.1059141835E-01    0.1248321898E-01    0.1440032092E-01    0.1631103505E-01    0.1818850496E-01    0.2001126601E-01    0.2176328246E-01    0.2343357795E-01    0.2501549097E-01    0.2650589007E-01
        0.0313374022    0.2112387122E-02    0.3367321493E-02    0.4886419985E-02    0.6642995887E-02    0.8602700520E-02    0.1072494305E-01    0.1296533948E-01    0.1527856235E-01    0.1762130506E-01    0.1995461296E-01    0.2224555670E-01    0.2446791238E-01    0.2660219096E-01    0.2863516079E-01    0.3055890452E-01    0.3236983774E-01
        0.0343109759    0.2558788239E-02    0.4078978855E-02    0.5919140402E-02    0.8046807308E-02    0.1042011852E-01    0.1298955011E-01    0.1570092818E-01    0.1849895000E-01    0.2133084412E-01    0.2414924056E-01    0.2691421778E-01    0.2959411533E-01    0.3216554336E-01    0.3461276767E-01    0.3692652261E-01    0.3910279610E-01
        0.0375667089    0.3079048271E-02    0.4908464865E-02    0.7122953467E-02    0.9683280469E-02    0.1253874708E-01    0.1562929507E-01    0.1888920168E-01    0.2225141626E-01    0.2565205957E-01    0.2903393460E-01    0.3234900804E-01    0.3555936268E-01    0.3863716758E-01    0.4156388627E-01    0.4432878787E-01    0.4692745449E-01
        0.0411313750    0.3697039771E-02    0.5893880655E-02    0.8553208109E-02    0.1162771182E-01    0.1505610031E-01    0.1876566629E-01    0.2267682748E-01    0.2670847325E-01    0.3078348989E-01    0.3483303683E-01    0.3879953167E-01    0.4263774295E-01    0.4631469134E-01    0.4980863035E-01    0.5310718227E-01    0.5620551616E-01
        0.0450342886    0.4446662836E-02    0.7089306678E-02    0.1028842148E-01    0.1398684602E-01    0.1811032464E-01    0.2257066118E-01    0.2727133632E-01    0.3211412689E-01    0.3700589673E-01    0.4186378666E-01    0.4661877854E-01    0.5121691912E-01    0.5561911364E-01    0.5979981822E-01    0.6374471108E-01    0.6744848202E-01
        0.0493075457    0.5389847133E-02    0.8593361283E-02    0.1247146554E-01    0.1695444625E-01    0.2195152678E-01    0.2735482474E-01    0.3304639670E-01    0.3890650542E-01    0.4482199930E-01    0.5069260042E-01    0.5643513783E-01    0.6198488548E-01    0.6729520203E-01    0.7233586065E-01    0.7709013752E-01    0.8155213362E-01
        0.0539862877    0.6603127072E-02    0.1052771536E-01    0.1527823186E-01    0.2076844068E-01    0.2688591234E-01    0.3349712987E-01    0.4045646879E-01    0.4761661500E-01    0.5483893655E-01    0.6200108492E-01    0.6900200842E-01    0.7576339125E-01    0.8222909631E-01    0.8836304420E-01    0.9414555785E-01    0.9957010159E-01
        0.0591089906    0.8146048119E-02    0.1298678512E-01    0.1884474695E-01    0.2561207053E-01    0.3314820059E-01    0.4128662991E-01    0.4984644000E-01    0.5864542791E-01    0.6751289228E-01    0.7629877605E-01    0.8487961929E-01    0.9316012802E-01    0.1010724028E+00    0.1085732609E+00    0.1156396142E+00    0.1222644581E+00
        0.0647177816    0.1003722639E-01    0.1599975003E-01    0.2321243701E-01    0.3154020655E-01    0.4080745325E-01    0.5080696903E-01    0.6131462407E-01    0.7210565922E-01    0.8297026772E-01    0.9372457506E-01    0.1042178310E+00    0.1143342307E+00    0.1239919276E+00    0.1331396307E+00    0.1417506961E+00    0.1498181318E+00
        0.0708587849    0.1218277059E-01    0.1941760372E-01    0.2816644903E-01    0.3826338643E-01    0.4949337097E-01    0.6160356996E-01    0.7432125976E-01    0.8737337202E-01    0.1005052337E+00    0.1134939281E+00    0.1261572855E+00    0.1383561672E+00    0.1499932096E+00    0.1610084291E+00    0.1713716461E+00    0.1810762865E+00
        0.0775825017    0.1440853370E-01    0.2296554403E-01    0.3331360396E-01    0.4525707873E-01    0.5854262423E-01    0.7287219279E-01    0.8792327472E-01    0.1033715488E+00    0.1189135967E+00    0.1342837471E+00    0.1492656225E+00    0.1636949574E+00    0.1774578233E+00    0.1904849037E+00    0.2027419502E+00    0.2142223249E+00
        0.0849442250    0.1643170577E-01    0.2620026668E-01    0.3802524930E-01    0.5169175585E-01    0.6691910356E-01    0.8337275815E-01    0.1006850132E+00    0.1184811529E+00    0.1364080420E+00    0.1541559878E+00    0.1714732947E+00    0.1881693074E+00    0.2041118223E+00    0.2192199734E+00    0.2334528276E+00    0.2468009591E+00
        0.0930044946    0.1825630284E-01    0.2913525045E-01    0.4233494448E-01    0.5763652955E-01    0.7474560782E-01    0.9329885107E-01    0.1128844597E+00    0.1330749408E+00    0.1534647862E+00    0.1736982116E+00    0.1934860447E+00    0.2126082072E+00    0.2309102331E+00    0.2482951479E+00    0.2647106487E+00    0.2801401707E+00
        0.1018295948    0.2033891864E-01    0.3249722987E-01    0.4729621301E-01    0.6452110421E-01    0.8386453000E-01    0.1049252331E+00    0.1272330734E+00    0.1502952126E+00    0.1736453477E+00    0.1968756694E+00    0.2196540325E+00    0.2417250233E+00    0.2629058972E+00    0.2830780475E+00    0.3021731189E+00    0.3201638262E+00
        0.1114920997    0.2361876035E-01    0.3776278221E-01    0.5501525545E-01    0.7514729572E-01    0.9780570340E-01    0.1225094422E+00    0.1486926591E+00    0.1757716812E+00    0.2032037624E+00    0.2305183542E+00    0.2573319634E+00    0.2833471775E+00    0.3083483136E+00    0.3321926184E+00    0.3547949791E+00    0.3761182465E+00
        0.1220714697    0.2845861533E-01    0.4549249229E-01    0.6627478355E-01    0.9052572166E-01    0.1177920779E+00    0.1474591662E+00    0.1788284314E+00    0.2112047785E+00    0.2439565118E+00    0.2765405836E+00    0.3085143168E+00    0.3395328153E+00    0.3693447417E+00    0.3977830576E+00    0.4247475966E+00    0.4501944261E+00
        0.1336547051    0.3378879368E-01    0.5401645446E-01    0.7871461888E-01    0.1075395589E+00    0.1399124431E+00    0.1750708452E+00    0.2121852061E+00    0.2504533582E+00    0.2891529695E+00    0.3276608003E+00    0.3654646701E+00    0.4021618381E+00    0.4374563468E+00    0.4711497529E+00    0.5031213698E+00    0.5333165721E+00
        0.1463370617    0.3767278556E-01    0.6036157627E-01    0.8821508004E-01    0.1208759371E+00    0.1576859177E+00    0.1977904971E+00    0.2402764108E+00    0.2842570203E+00    0.3289179796E+00    0.3735387575E+00    0.4175125824E+00    0.4603509550E+00    0.5016858157E+00    0.5412621355E+00    0.5789166775E+00    0.6145656493E+00
        0.1602228341    0.4052345190E-01    0.6522744229E-01    0.9584430303E-01    0.1320456639E+00    0.1731436996E+00    0.2182440435E+00    0.2663771438E+00    0.3165688606E+00    0.3678891524E+00    0.4194861653E+00    0.4706212361E+00    0.5206837468E+00    0.5692007211E+00    0.6158325879E+00    0.6603507089E+00    0.7026243032E+00
        0.1754262130    0.4571106453E-01    0.7380704370E-01    0.1088035012E+00    0.1503204089E+00    0.1975916263E+00    0.2496475108E+00    0.3054210981E+00    0.3638090803E+00    0.4237315618E+00    0.4841810675E+00    0.5442719015E+00    0.6032631486E+00    0.6605739190E+00    0.7157806760E+00    0.7685919604E+00    0.8188339564E+00
        0.1920722248    0.5391626621E-01    0.8708325097E-01    0.1283348508E+00    0.1771406664E+00    0.2326030236E+00    0.2936320750E+00    0.3590214053E+00    0.4275091869E+00    0.4978516541E+00    0.5688831073E+00    0.6395748896E+00    0.7090623644E+00    0.7766636496E+00    0.8418773561E+00    0.9043538247E+00    0.9638797332E+00
        0.2102977595    0.6011536922E-01    0.9747559586E-01    0.1441626059E+00    0.1996430618E+00    0.2630177525E+00    0.3331434988E+00    0.4086896256E+00    0.4882162921E+00    0.5702728132E+00    0.6534775168E+00    0.7365946834E+00    0.8185721735E+00    0.8985686653E+00    0.9759545790E+00    0.1050280667E+01    0.1121261676E+01
        0.2302526962    0.6495276229E-01    0.1060739627E+00    0.1579684540E+00    0.2202548617E+00    0.2921274890E+00    0.3724143923E+00    0.4596378264E+00    0.5521261620E+00    0.6481496036E+00    0.7460308397E+00    0.8442492107E+00    0.9414948671E+00    0.1036707970E+01    0.1129083669E+01    0.1218037150E+01    0.1303185182E+01
        0.2521011363    0.7416619558E-01    0.1213511536E+00    0.1809686726E+00    0.2526994106E+00    0.3357422340E+00    0.4288340227E+00    0.5303254503E+00    0.6383173565E+00    0.7508194494E+00    0.8658789939E+00    0.9817051001E+00    0.1096736212E+01    0.1209692162E+01    0.1319585172E+01    0.1425683470E+01    0.1527493343E+01
        0.2760227522    0.8271536256E-01    0.1359035762E+00    0.2034879349E+00    0.2853524603E+00    0.3807717295E+00    0.4884164285E+00    0.6064525192E+00    0.7327071473E+00    0.8648593774E+00    0.1000597411E+01    0.1137773399E+01    0.1274491587E+01    0.1409178575E+01    0.1540602509E+01    0.1667835498E+01    0.1790235733E+01
        0.3022142655    0.9046987019E-01    0.1497048857E+00    0.2257733224E+00    0.3189055607E+00    0.4285131349E+00    0.5532018144E+00    0.6909045998E+00    0.8390916946E+00    0.9950099720E+00    0.1155882225E+01    0.1319102613E+01    0.1482350605E+01    0.1643682650E+01    0.1801559777E+01    0.1954807947E+01    0.2102599211E+01
        0.3308910644    0.1015748271E+00    0.1686338038E+00    0.2552459035E+00    0.3619765283E+00    0.4883960458E+00    0.6330968714E+00    0.7938334068E+00    0.9677527236E+00    0.1151670723E+01    0.1342312075E+01    0.1536554291E+01    0.1731577647E+01    0.1924989601E+01    0.2114868266E+01    0.2299725794E+01    0.2478491456E+01
        0.3622889751    0.1111997496E+00    0.1861170483E+00    0.2840704297E+00    0.4061511426E+00    0.5521747314E+00    0.7207087229E+00    0.9092413874E+00    0.1114463635E+01    0.1332609133E+01    0.1559752678E+01    0.1792114164E+01    0.2026248930E+01    0.2259208140E+01    0.2488597472E+01    0.2712543099E+01    0.2929675519E+01
        0.3966662010    0.1234202313E+00    0.2077813674E+00    0.3191389436E+00    0.4592194735E+00    0.6282132734E+00    0.8247746255E+00    0.1046186304E+01    0.1288678266E+01    0.1547835998E+01    0.1818972284E+01    0.2097512048E+01    0.2379240470E+01    0.2660514629E+01    0.2938344399E+01    0.3210366097E+01    0.3474828173E+01
        0.4343054463    0.1355119302E+00    0.2301956981E+00    0.3567927848E+00    0.5178775604E+00    0.7141314355E+00    0.9443145003E+00    0.1205443017E+01    0.1493167782E+01    0.1802272254E+01    0.2127134045E+01    0.2462205945E+01    0.2802331703E+01    0.3143019287E+01    0.3480546667E+01    0.3811947330E+01    0.4134997864E+01
        0.4755162407    0.1493752053E+00    0.2559481028E+00    0.4002251999E+00    0.5858962468E+00    0.8143550195E+00    0.1084596983E+01    0.1393390785E+01    0.1735724503E+01    0.2105419645E+01    0.2495712034E+01    0.2899858947E+01    0.3311542600E+01    0.3725222501E+01    0.4136270210E+01    0.4540973204E+01    0.4936523567E+01
        0.5206374847    0.1642541540E+00    0.2843193389E+00    0.4491113788E+00    0.6637696726E+00    0.9306295257E+00    0.1249020782E+01    0.1615435146E+01    0.2024061860E+01    0.2467549849E+01    0.2937739234E+01    0.3426425632E+01    0.3925871252E+01    0.4429255564E+01    0.4930841247E+01    0.5426005265E+01    0.5911226898E+01
        0.5700402368    0.1805151594E+00    0.3160228880E+00    0.5047473440E+00    0.7537018868E+00    0.1066461953E+01    0.1442826182E+01    0.1878977242E+01    0.2368134808E+01    0.2901510514E+01    0.3469233172E+01    0.4061311065E+01    0.4668274888E+01    0.5281749925E+01    0.5894652254E+01    0.6501258882E+01    0.7097191131E+01
        0.6241307649    0.1984541037E+00    0.3517196644E+00    0.5684753751E+00    0.8581514808E+00    0.1225939382E+01    0.1672263557E+01    0.2192938336E+01    0.2779982314E+01    0.3422829737E+01    0.4109506312E+01    0.4827839960E+01    0.5566262212E+01    0.6314528302E+01    0.7063936575E+01    0.7807453568E+01    0.8539685357E+01
        0.6833538873    0.2182180359E+00    0.3919890898E+00    0.6417335463E+00    0.9799627168E+00    0.1413926102E+01    0.1944835047E+01    0.2568026982E+01    0.3274005482E+01    0.4049994134E+01    0.4881435522E+01    0.5753511286E+01    0.6652129411E+01    0.7564821640E+01    0.8480968804E+01    0.9392002650E+01    0.1029135260E+02
        0.7481966305    0.2400893383E+00    0.4376513237E+00    0.7263832157E+00    0.1122691986E+01    0.1636402847E+01    0.2269663990E+01    0.3017147040E+01    0.3867410015E+01    0.4804912503E+01    0.5811929933E+01    0.6870454379E+01    0.7963392420E+01    0.9075670966E+01    0.1019443471E+02    0.1130935497E+02    0.1241253188E+02
        0.8191922345    0.2643973561E+00    0.4896885931E+00    0.8246748890E+00    0.1290644964E+01    0.1900583837E+01    0.2657679931E+01    0.3555622788E+01    0.4580435289E+01    0.5713111842E+01    0.6932061344E+01    0.8215468970E+01    0.9542720532E+01    0.1089574764E+02    0.1225913820E+02    0.1362059527E+02    0.1497076431E+02
        0.8969245379    0.2915375025E+00    0.5492922117E+00    0.9393442039E+00    0.1489037777E+01    0.2215143011E+01    0.3121888999E+01    0.4201475419E+01    0.5436590208E+01    0.6803886278E+01    0.8277087095E+01    0.9829893913E+01    0.1143763430E+02    0.1307887491E+02    0.1473534885E+02    0.1639262700E+02    0.1803982604E+02
        0.9820327791    0.3219900448E+00    0.6179130503E+00    0.1073717473E+01    0.1724169358E+01    0.2590440302E+01    0.3677614510E+01    0.4975619722E+01    0.6462741989E+01    0.8110220418E+01    0.9886164163E+01    0.1175908471E+02    0.1369973410E+02    0.1568300792E+02    0.1768754128E+02    0.1969668502E+02    0.2169803242E+02
        1.0752168532    0.3563220205E+00    0.6972959785E+00    0.1231797206E+01    0.2003556967E+01    0.3038673621E+01    0.4342600951E+01    0.5901839042E+01    0.7688883113E+01    0.9668285997E+01    0.1180153585E+02    0.1405127320E+02    0.1638323299E+02    0.1876845285E+02    0.2118231881E+02    0.2360598514E+02    0.2602563526E+02
        1.1772430677    0.3952288882E+00    0.7895637071E+00    0.1418411785E+01    0.2336143242E+01    0.3574089535E+01    0.5137139183E+01    0.7006725482E+01    0.9147801702E+01    0.1151678747E+02    0.1406752948E+02    0.1675622105E+02    0.1954328666E+02    0.2239590300E+02    0.2528618533E+02    0.2819325851E+02    0.3110214177E+02
        1.2889504441    0.4395448052E+00    0.8972802199E+00    0.1639339379E+01    0.2732444932E+01    0.4213069670E+01    0.6083973154E+01    0.8319295908E+01    0.1087433121E+02    0.1369581656E+02    0.1672902780E+02    0.1992334828E+02    0.2323383141E+02    0.2662404018E+02    0.3006295499E+02    0.3352800356E+02    0.3700342952E+02
        1.4112576178    0.4902768694E+00    0.1023526943E+01    0.1901429118E+01    0.3204659383E+01    0.4974103029E+01    0.7208001612E+01    0.9870319375E+01    0.1290426115E+02    0.1624536707E+02    0.1982965356E+02    0.2359967620E+02    0.2750537520E+02    0.3150725144E+02    0.3557145151E+02    0.3967420328E+02    0.4379949580E+02
        1.5451703927    0.5486379298E+00    0.1171991945E+01    0.2212728601E+01    0.3766734555E+01    0.5877648858E+01    0.8535795867E+01    0.1169142109E+02    0.1527304714E+02    0.1920374482E+02    0.2341001241E+02    0.2782804418E+02    0.3240331137E+02    0.3709413161E+02    0.4186425832E+02    0.4668935008E+02    0.5155375569E+02
        1.6917900122    0.6160990217E+00    0.1347086005E+01    0.2582623319E+01    0.4434400841E+01    0.6945894476E+01    0.1009497248E+02    0.1381407021E+02    0.1801452425E+02    0.2260618819E+02    0.2750642181E+02    0.3264612839E+02    0.3796736459E+02    0.4342744050E+02    0.4898822817E+02    0.5462551193E+02    0.6032463920E+02
        1.8523222157    0.6944164296E+00    0.1554004428E+01    0.3021852302E+01    0.5224967258E+01    0.8202165090E+01    0.1191316512E+02    0.1626821531E+02    0.2115942463E+02    0.2648353589E+02    0.3214997815E+02    0.3808609900E+02    0.4423195509E+02    0.5054521768E+02    0.5698634937E+02    0.6353191851E+02    0.7016884527E+02
        2.0280871538    0.7857020303E+00    0.1798848840E+01    0.3542570211E+01    0.6157133759E+01    0.9670363789E+01    0.1401714655E+02    0.1908131678E+02    0.2473464123E+02    0.3086203984E+02    0.3736716023E+02    0.4417614931E+02    0.5122868904E+02    0.5848418883E+02    0.6590199770E+02    0.7345997637E+02    0.8114704264E+02
        2.2205302450    0.8924736045E+00    0.2088692505E+01    0.4158268107E+01    0.7250571377E+01    0.1137416624E+02    0.1643182405E+02    0.2227749223E+02    0.2876290393E+02    0.3576387158E+02    0.4318132121E+02    0.5094298029E+02    0.5898973689E+02    0.6728387718E+02    0.7578363669E+02    0.8446844183E+02    0.9332944216E+02
        2.4312340620    0.1017942899E+01    0.2432049252E+01    0.4884286776E+01    0.8526362711E+01    0.1333749398E+02    0.1918108544E+02    0.2587916315E+02    0.3326557746E+02    0.4121124073E+02    0.4961808898E+02    0.5841827813E+02    0.6755510791E+02    0.7699439382E+02    0.8669292191E+02    0.9663171849E+02    0.1068042526E+03
        2.6619313461    0.1165107829E+01    0.2837109188E+01    0.5734733565E+01    0.1000233265E+02    0.1557837621E+02    0.2228058054E+02    0.2989917252E+02    0.3825437065E+02    0.4721770854E+02    0.5669607929E+02    0.6662849810E+02    0.7696118950E+02    0.8766352180E+02    0.9869026216E+02    0.1100239476E+03    0.1216604505E+03
        2.9145192568    0.1338382269E+01    0.3314581922E+01    0.6726729609E+01    0.1169904294E+02    0.1811725331E+02    0.2574888386E+02    0.3435510439E+02    0.4374875835E+02    0.5380832299E+02    0.6444914607E+02    0.7561859955E+02    0.8726548205E+02    0.9936220272E+02    0.1118609812E+03    0.1247458914E+03    0.1380155034E+03
        3.1910749729    0.1542424279E+01    0.3875364013E+01    0.7876439247E+01    0.1363413995E+02    0.2096996525E+02    0.2959943733E+02    0.3926024151E+02    0.4976571217E+02    0.6100763408E+02    0.7291214042E+02    0.8543517641E+02    0.9852704723E+02    0.1121625707E+03    0.1262913015E+03    0.1408992540E+03    0.1559883622E+03
        3.4938727747    0.1782811550E+01    0.4531561418E+01    0.9200517355E+01    0.1582468057E+02    0.2415148157E+02    0.3384588795E+02    0.4463031178E+02    0.5632733372E+02    0.6884750697E+02    0.8212832271E+02    0.9613327633E+02    0.1108129606E+03    0.1261445149E+03    0.1420753953E+03    0.1585944587E+03    0.1757080257E+03
        3.8254027466    0.2065635117E+01    0.5295491270E+01    0.1071445890E+02    0.1828519790E+02    0.2767397498E+02    0.3850008210E+02    0.5048101419E+02    0.6345732015E+02    0.7736191867E+02    0.9214228580E+02    0.1077678380E+03    0.1241889816E+03    0.1413862214E+03    0.1593060916E+03    0.1779415301E+03    0.1973043998E+03
        4.1883912545    0.2397810502E+01    0.6180027874E+01    0.1243324029E+02    0.2102913241E+02    0.3154917031E+02    0.4357505879E+02    0.5683118125E+02    0.7118367926E+02    0.8658880116E+02    0.1030011955E+03    0.1203951816E+03    0.1387220613E+03    0.1579678855E+03    0.1780795687E+03    0.1990553334E+03    0.2209136179E+03
        4.5858233661    0.2786735804E+01    0.7197771530E+01    0.1437024491E+02    0.2406781035E+02    0.3578722147E+02    0.4908347418E+02    0.6370031098E+02    0.7953485227E+02    0.9656477803E+02    0.1147490425E+03    0.1340678218E+03    0.1544760151E+03    0.1759677074E+03    0.1984910463E+03    0.2220504284E+03    0.2466717008E+03
        5.0209673996    0.3240328207E+01    0.8361004779E+01    0.1653755298E+02    0.2741122209E+02    0.4039770172E+02    0.5503852762E+02    0.7110900210E+02    0.8853927796E+02    0.1073244766E+03    0.1274269447E+03    0.1488362230E+03    0.1715140419E+03    0.1954641105E+03    0.2206360485E+03    0.2470409886E+03    0.2747129008E+03
        5.4974018001    0.3766967397E+01    0.9681578591E+01    0.1894615000E+02    0.3106846800E+02    0.4539000814E+02    0.6145415772E+02    0.7907846946E+02    0.9822419880E+02    0.1188999149E+03    0.1410740371E+03    0.1647504596E+03    0.1898998078E+03    0.2165353874E+03    0.2446082013E+03    0.2741365368E+03    0.3051634413E+03
        6.0190445678    0.4375661606E+01    0.1117131730E+02    0.2160687366E+02    0.3504901437E+02    0.5077479427E+02    0.6834650137E+02    0.8763150376E+02    0.1086167425E+03    0.1313232381E+03    0.1557315482E+03    0.1818639019E+03    0.2096995915E+03    0.2392598739E+03    0.2704973847E+03    0.3034387415E+03    0.3381385669E+03
        6.5901854779    0.5075362240E+01    0.1284092385E+02    0.2452890903E+02    0.3936045271E+02    0.5656103411E+02    0.7572997641E+02    0.9678723069E+02    0.1197388251E+03    0.1446225635E+03    0.1714378359E+03    0.2002258265E+03    0.2309719380E+03    0.2637031652E+03    0.2983764111E+03    0.3350306152E+03    0.3737369947E+03
        7.2155213579    0.5875144361E+01    0.1470054870E+02    0.2772072028E+02    0.4400964680E+02    0.6275755650E+02    0.8361865256E+02    0.1065625328E+03    0.1316104507E+03    0.1588261306E+03    0.1882310869E+03    0.2198818067E+03    0.2537662723E+03    0.2899188394E+03    0.3283080308E+03    0.3689914780E+03    0.4120614280E+03
        7.9001947124    0.6784099031E+01    0.1675980885E+02    0.3118999339E+02    0.4900260806E+02    0.6937296563E+02    0.9202548888E+02    0.1169717865E+03    0.1442509996E+03    0.1739624417E+03    0.2061467578E+03    0.2408690321E+03    0.2781208120E+03    0.3179544231E+03    0.3603577272E+03    0.4054099488E+03    0.4532244792E+03
        8.6498360130    0.7811049955E+01    0.1902743375E+02    0.3494295967E+02    0.5434369250E+02    0.7641459869E+02    0.1009604789E+03    0.1280262219E+03    0.1576788104E+03    0.1900571650E+03    0.2252116595E+03    0.2632127643E+03    0.3040684755E+03    0.3478609130E+03    0.3945964204E+03    0.4443733241E+03    0.4973254214E+03
        9.4706100008    0.8964634286E+01    0.2151149673E+02    0.3898462567E+02    0.6003617331E+02    0.8388898362E+02    0.1104310860E+03    0.1397362117E+03    0.1719122184E+03    0.2071312385E+03    0.2454430265E+03    0.2869353138E+03    0.3316493758E+03    0.3796932183E+03    0.4310859078E+03    0.4859450471E+03    0.5444312850E+03
       10.3692663829    0.1025310871E+02    0.2421906500E+02    0.4331820317E+02    0.6608181469E+02    0.9180076073E+02    0.1204417042E+03    0.1521114799E+03    0.1869668055E+03    0.2251964133E+03    0.2668526774E+03    0.3120644479E+03    0.3609038347E+03    0.4134900748E+03    0.4698603376E+03    0.5301636104E+03    0.5945992288E+03
       11.3531953391    0.1168500492E+02    0.2715729585E+02    0.4794678636E+02    0.7248342154E+02    0.1001551818E+03    0.1309982509E+03    0.1651653886E+03    0.2028569214E+03    0.2442621890E+03    0.2894627889E+03    0.3386345636E+03    0.3918598224E+03    0.4492740138E+03    0.5109530031E+03    0.5770867818E+03    0.6479114294E+03
       12.4304882957    0.1326739397E+02    0.3033027784E+02    0.5286888614E+02    0.7923909727E+02    0.1089504861E+03    0.1421007802E+03    0.1789035328E+03    0.2195817887E+03    0.2643317321E+03    0.3132902858E+03    0.3666540966E+03    0.4245158040E+03    0.4870590140E+03    0.5543996484E+03    0.6267589497E+03    0.7044093475E+03
       13.6100044661    0.1500738224E+02    0.3374161820E+02    0.5808256838E+02    0.8634769725E+02    0.1181848924E+03    0.1537524878E+03    0.1933305568E+03    0.2371398102E+03    0.2854182473E+03    0.3383444382E+03    0.3961191062E+03    0.4588858536E+03    0.5268724292E+03    0.6002208192E+03    0.6791916535E+03    0.7641122931E+03
       14.9014437053    0.1691271338E+02    0.3739539850E+02    0.6358718594E+02    0.9381068955E+02    0.1278599350E+03    0.1659623380E+03    0.2084511893E+03    0.2555412052E+03    0.3075390077E+03    0.3646257090E+03    0.4270450274E+03    0.4949970322E+03    0.5687271239E+03    0.6484263786E+03    0.7344167197E+03    0.8270744546E+03
       16.3154262774    0.1898816905E+02    0.4128999533E+02    0.6937491813E+02    0.1016204657E+03    0.1379676552E+03    0.1787266349E+03    0.2242532400E+03    0.2747869016E+03    0.3306791790E+03    0.3921216302E+03    0.4594321445E+03    0.5328256302E+03    0.6126053098E+03    0.6990203577E+03    0.7924335777E+03    0.8932842697E+03
       17.8635801925    0.2124025588E+02    0.4542623128E+02    0.7544298481E+02    0.1097757425E+03    0.1485109064E+03    0.1920494039E+03    0.2407414647E+03    0.2948863413E+03    0.3548356365E+03    0.4208492427E+03    0.4932729328E+03    0.5723778473E+03    0.6585217369E+03    0.7520012097E+03    0.8532449355E+03    0.9627598048E+03
       19.5586368304    0.2367247426E+02    0.4979945689E+02    0.8178265698E+02    0.1182670000E+03    0.1594852829E+03    0.2059198035E+03    0.2579149864E+03    0.3158212963E+03    0.3800037028E+03    0.4507865798E+03    0.5285502953E+03    0.6136384671E+03    0.7064493929E+03    0.8073495146E+03    0.9168372169E+03    0.1035484827E+04
       21.4145356385    0.2628964878E+02    0.5440710654E+02    0.8839021338E+02    0.1270912089E+03    0.1708952701E+03    0.2203364490E+03    0.2757819720E+03    0.3375880987E+03    0.4061870924E+03    0.4819242200E+03    0.5652680384E+03    0.6565936466E+03    0.7563813622E+03    0.8650621684E+03    0.9831955222E+03    0.1111452335E+04
       23.4465387640    0.2909595258E+02    0.5924559893E+02    0.9526239050E+02    0.1362470079E+03    0.1827443914E+03    0.2353057453E+03    0.2943392891E+03    0.3601993580E+03    0.4333728136E+03    0.5142731990E+03    0.6034060108E+03    0.7012459987E+03    0.8083114248E+03    0.9251177435E+03    0.1052324537E+04    0.1190648650E+04
       25.6713565631    0.3209259612E+02    0.6430691992E+02    0.1023912824E+03    0.1457292044E+03    0.1950255802E+03    0.2508307729E+03    0.3135734923E+03    0.3836420731E+03    0.4615550621E+03    0.5477981150E+03    0.6429613796E+03    0.7475504318E+03    0.8622129763E+03    0.9874999798E+03    0.1124157706E+04    0.1273064434E+04
       28.1072850208    0.3527968409E+02    0.6958217915E+02    0.1097688560E+03    0.1555350599E+03    0.2077314265E+03    0.2669070822E+03    0.3334866178E+03    0.4078937404E+03    0.4907172333E+03    0.5824908824E+03    0.6838851434E+03    0.7955142786E+03    0.9180222621E+03    0.1052175908E+04    0.1198699917E+04    0.1358583722E+04
       30.7743562090    0.3865588992E+02    0.7506154736E+02    0.1173864708E+03    0.1656631639E+03    0.2208580920E+03    0.2835229238E+03    0.3540666404E+03    0.4329590033E+03    0.5208268923E+03    0.6183350829E+03    0.7261602404E+03    0.8450652582E+03    0.9757822974E+03    0.1119030471E+04    0.1275914705E+04    0.1447258899E+04
       33.6945030221    0.4221839791E+02    0.8073465002E+02    0.1252354382E+03    0.1761107707E+03    0.2344084929E+03    0.3006706832E+03    0.3752987920E+03    0.4588024017E+03    0.5518938027E+03    0.6552618056E+03    0.7698069543E+03    0.8961537299E+03    0.1035375917E+04    0.1188188359E+04    0.1355586195E+04    0.1539054971E+04
       36.8917395444    0.4596287858E+02    0.8659092839E+02    0.1333075855E+03    0.1868722266E+03    0.2483840135E+03    0.3183473898E+03    0.3971832462E+03    0.4854101011E+03    0.5838761596E+03    0.6933099027E+03    0.8146616139E+03    0.9488965669E+03    0.1096695756E+04    0.1259468295E+04    0.1437991106E+04    0.1633589587E+04
       40.3923585315    0.4988350478E+02    0.9261996207E+02    0.1415966028E+03    0.1979412618E+03    0.2627705422E+03    0.3365530067E+03    0.4196751148E+03    0.5128074649E+03    0.6166984997E+03    0.7324555939E+03    0.8608142924E+03    0.1002983528E+04    0.1160032120E+04    0.1332654855E+04    0.1522849805E+04    0.1731385789E+04
       44.2251476316    0.5397300403E+02    0.9881180828E+02    0.1500988696E+03    0.2093120758E+03    0.2775659016E+03    0.3552561225E+03    0.4428055343E+03    0.5408820059E+03    0.6505008698E+03    0.7724804763E+03    0.9083263980E+03    0.1058538365E+04    0.1224856652E+04    0.1408312531E+04    0.1609800044E+04    0.1831989511E+04
       48.4216261230    0.5822273794E+02    0.1051568087E+03    0.1588115081E+03    0.2209902904E+03    0.2927697009E+03    0.3744522298E+03    0.4665498390E+03    0.5696750015E+03    0.6850682839E+03    0.8137130339E+03    0.9567133047E+03    0.1115804838E+04    0.1291325729E+04    0.1485598886E+04    0.1699790159E+04    0.1934888877E+04
       53.0163041156    0.6262285281E+02    0.1116456192E+03    0.1677344301E+03    0.2329804546E+03    0.3083562751E+03    0.3941816912E+03    0.4907884613E+03    0.5992776972E+03    0.7203685070E+03    0.8558660770E+03    0.1006565126E+04    0.1173915693E+04    0.1359942003E+04    0.1564746849E+04    0.1791507560E+04    0.2041552430E+04
       58.0469663481    0.6716244561E+02    0.1182696205E+03    0.1768649063E+03    0.2452623042E+03    0.3243623152E+03    0.4143223075E+03    0.5157239303E+03    0.6293224030E+03    0.7567721025E+03    0.8986836928E+03    0.1057568208E+04    0.1233796179E+04    0.1429331897E+04    0.1646574451E+04    0.1885370754E+04    0.2149954467E+04
       63.5549829136    0.7182974897E+02    0.1250195924E+03    0.1861940816E+03    0.2578533041E+03    0.3407407035E+03    0.4349392785E+03    0.5411570244E+03    0.6601971187E+03    0.7935663451E+03    0.9429813321E+03    0.1109114887E+04    0.1295099209E+04    0.1500888139E+04    0.1729023893E+04    0.1982559118E+04    0.2260930552E+04
       69.5856494710    0.7661262865E+02    0.1318888186E+03    0.1957297963E+03    0.2707438868E+03    0.3574446245E+03    0.4561200685E+03    0.5669691273E+03    0.6917906635E+03    0.8312509211E+03    0.9876527970E+03    0.1162614263E+04    0.1356774824E+04    0.1574166260E+04    0.1814199054E+04    0.2080098383E+04    0.2375912581E+04
       76.1885597370    0.8149863282E+02    0.1388726742E+03    0.2054630244E+03    0.2838903120E+03    0.3746331711E+03    0.4775112005E+03    0.5936462833E+03    0.7235458029E+03    0.8699920176E+03    0.1033218687E+04    0.1216452386E+04    0.1421030632E+04    0.1647600821E+04    0.1901325401E+04    0.2181189365E+04    0.2490899059E+04
       83.4180133251    0.8647527308E+02    0.1459632852E+03    0.2153898212E+03    0.2973925619E+03    0.3920655572E+03    0.4995171614E+03    0.6204759330E+03    0.7565009397E+03    0.9086527380E+03    0.1080290033E+04    0.1271162198E+04    0.1485490444E+04    0.1724427432E+04    0.1988447633E+04    0.2284263736E+04    0.2610594797E+04
       91.3334622825    0.9153114742E+02    0.1531680191E+03    0.2255594207E+03    0.3111394456E+03    0.4098295110E+03    0.5219768032E+03    0.6478410805E+03    0.7896589016E+03    0.9488529113E+03    0.1126987150E+04    0.1327976891E+04    0.1550893706E+04    0.1801143447E+04    0.2079942086E+04    0.2387340693E+04    0.2731972595E+04
      100.0000000000    0.9665385630E+02    0.1604844004E+03    0.2358967683E+03    0.3251054687E+03    0.4281466076E+03    0.5444606274E+03    0.6760683470E+03    0.8231306174E+03    0.9893427716E+03    0.1175609665E+04    0.1384021224E+04    0.1619051033E+04    0.1879099729E+04    0.2170766447E+04    0.2495907367E+04    0.2853692905E+04
