               #####        0.2000000000        0.2533333333        0.3066666667        0.3600000000        0.4133333333        0.4666666667        0.5200000000        0.5733333333        0.6266666667        0.6800000000        0.7333333333        0.7866666667        0.8400000000        0.8933333333        0.9466666667        1.0000000000
        0.0010000000    0.1513147240E-07    0.2412286770E-07    0.3501194664E-07    0.4761388163E-07    0.6169216783E-07    0.7696827123E-07    0.9313783888E-07    0.1098892262E-06    0.1269228360E-06    0.1439664335E-06    0.1607864084E-06    0.1771927663E-06    0.1930399243E-06    0.2082242708E-06    0.2226786432E-06    0.2363661884E-06
        0.0010948890    0.2156270370E-07    0.3437565326E-07    0.4989284657E-07    0.6785089998E-07    0.8791278867E-07    0.1096815957E-06    0.1327236126E-06    0.1565947407E-06    0.1808680503E-06    0.2051556034E-06    0.2291245028E-06    0.2525040036E-06    0.2750866475E-06    0.2967247855E-06    0.3173227084E-06    0.3368278981E-06
        0.0011987818    0.3071348184E-07    0.4896398969E-07    0.7106636797E-07    0.9664545827E-07    0.1252212095E-06    0.1562282620E-06    0.1890488526E-06    0.2230504202E-06    0.2576248597E-06    0.2922196052E-06    0.3263604889E-06    0.3596618704E-06    0.3918282517E-06    0.4226493238E-06    0.4519887592E-06    0.4797717495E-06
        0.0013125330    0.4372294699E-07    0.6970391491E-07    0.1011683095E-06    0.1375820645E-06    0.1782617915E-06    0.2224026604E-06    0.2691252427E-06    0.3175290467E-06    0.3667483976E-06    0.4159966847E-06    0.4645989020E-06    0.5120060662E-06    0.5577975158E-06    0.6016738601E-06    0.6434410236E-06    0.6829925070E-06
        0.0014370779    0.6220800347E-07    0.9917312705E-07    0.1439399438E-06    0.1957485967E-06    0.2536267768E-06    0.3164293930E-06    0.3829052210E-06    0.4517730729E-06    0.5218012998E-06    0.5918707442E-06    0.6610210350E-06    0.7284710993E-06    0.7936224334E-06    0.8560490701E-06    0.9154748791E-06    0.9717483288E-06
        0.0015734408    0.8844760822E-07    0.1410047806E-06    0.2046544339E-06    0.2783161998E-06    0.3606076462E-06    0.4499006822E-06    0.5444163218E-06    0.6423329841E-06    0.7418995277E-06    0.8415247525E-06    0.9398432182E-06    0.1035744405E-05    0.1128377364E-05    0.1217136452E-05    0.1301629059E-05    0.1381639724E-05
        0.0017227429    0.1256641466E-06    0.2003360606E-06    0.2907678932E-06    0.3954246841E-06    0.5123423097E-06    0.6392076258E-06    0.7734931113E-06    0.9126107381E-06    0.1054072565E-05    0.1195617891E-05    0.1335306767E-05    0.1471561414E-05    0.1603172836E-05    0.1729280547E-05    0.1849326726E-05    0.1963005235E-05
        0.0018862122    0.1784003424E-06    0.2844090596E-06    0.4127914995E-06    0.5613685402E-06    0.7273517965E-06    0.9074574017E-06    0.1098097163E-05    0.1295597008E-05    0.1496424966E-05    0.1697371674E-05    0.1895683112E-05    0.2089119411E-05    0.2275964220E-05    0.2454995941E-05    0.2625422638E-05    0.2786809670E-05
        0.0020651929    0.2530381283E-06    0.4033979702E-06    0.5854920822E-06    0.7962296570E-06    0.1031655729E-05    0.1287112570E-05    0.1557510833E-05    0.1837639391E-05    0.2122488689E-05    0.2407506758E-05    0.2688787458E-05    0.2963153878E-05    0.3228171619E-05    0.3482107996E-05    0.3723839719E-05    0.3952750256E-05
        0.0022611570    0.3585368927E-06    0.5715860110E-06    0.8296003131E-06    0.1128200345E-05    0.1461782208E-05    0.1823746265E-05    0.2206881349E-05    0.2603803791E-05    0.3007415573E-05    0.3411267043E-05    0.3809823620E-05    0.4198583946E-05    0.4574098697E-05    0.4933912773E-05    0.5276434503E-05    0.5600790227E-05
        0.0024757158    0.5074322135E-06    0.8089576272E-06    0.1174121627E-05    0.1596726030E-05    0.2068839725E-05    0.2581122385E-05    0.3123368267E-05    0.3685127572E-05    0.4256354834E-05    0.4827922221E-05    0.5391996952E-05    0.5942208470E-05    0.6473675069E-05    0.6982922069E-05    0.7467696721E-05    0.7926762417E-05
        0.0027106339    0.7173517636E-06    0.1143615172E-05    0.1659843795E-05    0.2257275315E-05    0.2924697614E-05    0.3648906440E-05    0.4415474233E-05    0.5209628549E-05    0.6017168641E-05    0.6825191023E-05    0.7622622950E-05    0.8400458688E-05    0.9151797135E-05    0.9871726153E-05    0.1055706092E-04    0.1120605306E-04
        0.0029678432    0.1012672917E-05    0.1614421495E-05    0.2343172373E-05    0.3186555930E-05    0.4128744228E-05    0.5151097176E-05    0.6233247957E-05    0.7354343108E-05    0.8494336378E-05    0.9635012860E-05    0.1076074197E-04    0.1185881089E-04    0.1291947765E-04    0.1393580784E-04    0.1490330530E-04    0.1581950153E-04
        0.0032494587    0.1427417278E-05    0.2275614448E-05    0.3302828202E-05    0.4491622868E-05    0.5819688126E-05    0.7260749953E-05    0.8786100725E-05    0.1036634724E-04    0.1197323434E-04    0.1358108832E-04    0.1516787801E-04    0.1671568471E-04    0.1821077690E-04    0.1964338012E-04    0.2100715644E-04    0.2229862582E-04
        0.0035577965    0.2008872721E-05    0.3202581210E-05    0.4648228257E-05    0.6321275764E-05    0.8190325371E-05    0.1021840068E-04    0.1236510092E-04    0.1458906102E-04    0.1685051802E-04    0.1911334197E-04    0.2134652900E-04    0.2352486240E-04    0.2562901766E-04    0.2764523865E-04    0.2956460516E-04    0.3138221866E-04
        0.0038953921    0.2822022928E-05    0.4498919922E-05    0.6529734901E-05    0.8879997169E-05    0.1150559898E-04    0.1435459713E-04    0.1737023875E-04    0.2049441740E-04    0.2367127784E-04    0.2685006860E-04    0.2998723877E-04    0.3304736629E-04    0.3600330533E-04    0.3883573148E-04    0.4153211294E-04    0.4408556690E-04
        0.0042650218    0.3956491202E-05    0.6307509647E-05    0.9154722814E-05    0.1244980245E-04    0.1613090926E-04    0.2012521933E-04    0.2435316700E-04    0.2873329043E-04    0.3318728516E-04    0.3764400242E-04    0.4204238800E-04    0.4633278298E-04    0.5047713020E-04    0.5444833660E-04    0.5822883111E-04    0.6180896168E-04
        0.0046697254    0.5535595531E-05    0.8824946099E-05    0.1280853098E-04    0.1741873300E-04    0.2256903169E-04    0.2815753900E-04    0.3407293663E-04    0.4020125597E-04    0.4643294778E-04    0.5266847481E-04    0.5882242220E-04    0.6482531624E-04    0.7062391284E-04    0.7618030544E-04    0.8146990781E-04    0.8647921182E-04
        0.0051128308    0.7726857841E-05    0.1231829566E-04    0.1787877944E-04    0.2431392527E-04    0.3150296345E-04    0.3930367539E-04    0.4756068294E-04    0.5611491287E-04    0.6481346368E-04    0.7351740979E-04    0.8210753651E-04    0.9048687710E-04    0.9858111467E-04    0.1063373371E-03    0.1137212222E-03    0.1207139086E-03
        0.0055979820    0.1075812334E-04    0.1715079309E-04    0.2489266686E-04    0.3385233271E-04    0.4386164235E-04    0.5472258710E-04    0.6621884235E-04    0.7812894572E-04    0.9024003275E-04    0.1023586988E-03    0.1143189798E-03    0.1259858820E-03    0.1372559400E-03    0.1480554841E-03    0.1583367215E-03    0.1680733817E-03
        0.0061291687    0.1493747736E-04    0.2381359326E-04    0.3456305482E-04    0.4700339696E-04    0.6090114762E-04    0.7598137908E-04    0.9194374200E-04    0.1084807647E-03    0.1252969219E-03    0.1421237096E-03    0.1587307201E-03    0.1749305383E-03    0.1905795148E-03    0.2055753600E-03    0.2198517054E-03    0.2333720593E-03
        0.0067107592    0.2067858396E-04    0.3296616632E-04    0.4784709710E-04    0.6506877896E-04    0.8430800468E-04    0.1051841861E-03    0.1272815589E-03    0.1501745173E-03    0.1734540070E-03    0.1967483836E-03    0.2197387338E-03    0.2421656458E-03    0.2638302771E-03    0.2845910237E-03    0.3043559945E-03    0.3230746478E-03
        0.0073475362    0.2853229595E-04    0.4548669070E-04    0.6601937955E-04    0.8978182316E-04    0.1163280564E-03    0.1451329528E-03    0.1756228753E-03    0.2072106383E-03    0.2393319156E-03    0.2714740047E-03    0.3031969498E-03    0.3341428720E-03    0.3640374368E-03    0.3926852599E-03    0.4199595271E-03    0.4457904617E-03
        0.0080447363    0.3922751436E-04    0.6253719173E-04    0.9076646148E-04    0.1234361253E-03    0.1599330420E-03    0.1995352558E-03    0.2414541581E-03    0.2848825625E-03    0.3290447465E-03    0.3732359721E-03    0.4168514983E-03    0.4593993894E-03    0.5005025246E-03    0.5398922824E-03    0.5773942778E-03    0.6129125156E-03
        0.0088080930    0.5372397188E-04    0.8564768936E-04    0.1243090060E-03    0.1690516181E-03    0.2190357841E-03    0.2732727675E-03    0.3306826153E-03    0.3901600112E-03    0.4506427892E-03    0.5111660160E-03    0.5709016807E-03    0.6291762045E-03    0.6854731792E-03    0.7394247200E-03    0.7907919429E-03    0.8394432789E-03
        0.0096438838    0.7325916582E-04    0.1167910185E-03    0.1695103716E-03    0.2305222425E-03    0.2986815125E-03    0.3726399415E-03    0.4509250132E-03    0.5320297554E-03    0.6145061331E-03    0.6970387274E-03    0.7784987852E-03    0.8579680449E-03    0.9347424479E-03    0.1008320350E-02    0.1078375917E-02    0.1144729585E-02
        0.0105589819    0.9942773488E-04    0.1585093695E-03    0.2300602661E-03    0.3128656906E-03    0.4053714266E-03    0.5057476624E-03    0.6119960922E-03    0.7220718582E-03    0.8340102503E-03    0.9460265926E-03    0.1056589484E-02    0.1164453054E-02    0.1268661957E-02    0.1368535383E-02    0.1463630980E-02    0.1553704795E-02
        0.0115609128    0.1342462649E-03    0.2140176084E-03    0.3106247118E-03    0.4224273533E-03    0.5473269484E-03    0.6828529349E-03    0.8263075326E-03    0.9749304483E-03    0.1126069860E-02    0.1277317107E-02    0.1426605388E-02    0.1572253181E-02    0.1712970933E-02    0.1847839467E-02    0.1976261319E-02    0.2097906724E-02
        0.0126579159    0.1802159711E-03    0.2873031999E-03    0.4169910605E-03    0.5670775022E-03    0.7347451542E-03    0.9166774925E-03    0.1109253419E-02    0.1308768465E-02    0.1511664195E-02    0.1714708731E-02    0.1915128952E-02    0.2110668568E-02    0.2299596998E-02    0.2480680394E-02    0.2653116396E-02    0.2816461711E-02
        0.0138590124    0.2403954829E-03    0.3832422210E-03    0.5562363295E-03    0.7564401312E-03    0.9800951422E-03    0.1222777358E-02    0.1479657215E-02    0.1745794822E-02    0.2016445767E-02    0.2287301465E-02    0.2554665030E-02    0.2815528389E-02    0.3067583973E-02    0.3309186075E-02    0.3539263925E-02    0.3757225265E-02
        0.0151740797    0.3184028477E-03    0.5076025416E-03    0.7367317843E-03    0.1001899114E-02    0.1298125879E-02    0.1619552444E-02    0.1959783162E-02    0.2312277693E-02    0.2670755707E-02    0.3029514510E-02    0.3383661217E-02    0.3729214327E-02    0.4063118959E-02    0.4383195680E-02    0.4688025555E-02    0.4976822694E-02
        0.0166139325    0.4184185668E-03    0.6670485861E-03    0.9681496936E-03    0.1316607116E-02    0.1705877308E-02    0.2128259790E-02    0.2575351555E-02    0.3038561764E-02    0.3509643065E-02    0.3981107843E-02    0.4446532091E-02    0.4900687996E-02    0.5339563550E-02    0.5760295300E-02    0.6161017587E-02    0.6540695462E-02
        0.0181904113    0.5450779748E-03    0.8689696319E-03    0.1261213866E-02    0.1715145891E-02    0.2222239492E-02    0.2772462547E-02    0.3354870736E-02    0.3958278795E-02    0.4571951881E-02    0.5186145995E-02    0.5792501877E-02    0.6384216280E-02    0.6956066828E-02    0.7504324416E-02    0.8026557237E-02    0.8521413759E-02
        0.0199164806    0.7032925955E-03    0.1121194801E-02    0.1627285577E-02    0.2212962452E-02    0.2867220944E-02    0.3577115549E-02    0.4328528612E-02    0.5107037682E-02    0.5898806321E-02    0.6691278487E-02    0.7473683613E-02    0.8237255278E-02    0.8975262154E-02    0.9682894932E-02    0.1035701413E-01    0.1099587109E-01
        0.0218063349    0.8979136144E-03    0.1431456434E-02    0.2077584435E-02    0.2825308970E-02    0.3660574175E-02    0.4566849210E-02    0.5526114468E-02    0.6519971023E-02    0.7530776043E-02    0.8542524722E-02    0.9541490119E-02    0.1051649861E-01    0.1145896759E-01    0.1236276096E-01    0.1322386815E-01    0.1404004947E-01
        0.0238755154    0.1133547006E-02    0.1807095376E-02    0.2622760566E-02    0.3566660717E-02    0.4621040981E-02    0.5765027068E-02    0.6975877572E-02    0.8230387929E-02    0.9506320808E-02    0.1078351223E-01    0.1204467138E-01    0.1327572243E-01    0.1446584913E-01    0.1560731219E-01    0.1669504561E-01    0.1772621132E-01
        0.0261410384    0.1413972017E-02    0.2254135002E-02    0.3271552452E-02    0.4448893457E-02    0.5763994486E-02    0.7190808612E-02    0.8700979181E-02    0.1026559642E-01    0.1185697708E-01    0.1345003278E-01    0.1502325531E-01    0.1655913362E-01    0.1804420491E-01    0.1946882635E-01    0.2082667402E-01    0.2211419109E-01
        0.0286215345    0.1742505913E-02    0.2777864217E-02    0.4031635613E-02    0.5482441224E-02    0.7102944108E-02    0.8861033263E-02    0.1072178083E-01    0.1264961511E-01    0.1461050652E-01    0.1657363624E-01    0.1851259109E-01    0.2040586308E-01    0.2223690527E-01    0.2399384994E-01    0.2566889498E-01    0.2725762981E-01
        0.0313374022    0.2122452837E-02    0.3383555759E-02    0.4910669636E-02    0.6677726839E-02    0.8651398045E-02    0.1079255588E-01    0.1305868617E-01    0.1540654739E-01    0.1779482209E-01    0.2018612222E-01    0.2254841495E-01    0.2485560931E-01    0.2708761360E-01    0.2922999181E-01    0.3127322238E-01    0.3321188663E-01
        0.0343109759    0.2559090231E-02    0.4079634533E-02    0.5920899022E-02    0.8051421605E-02    0.1043097694E-01    0.1301237310E-01    0.1574440004E-01    0.1857505508E-01    0.2145472257E-01    0.2433855029E-01    0.2718812374E-01    0.2997214059E-01    0.3266646442E-01    0.3525371053E-01    0.3772236236E-01    0.4006580765E-01
        0.0375667089    0.3062134385E-02    0.4881607560E-02    0.7084855156E-02    0.9634195242E-02    0.1248144727E-01    0.1557012922E-01    0.1883904729E-01    0.2222618373E-01    0.2567247524E-01    0.2912459369E-01    0.3253688195E-01    0.3587211181E-01    0.3910152566E-01    0.4220434196E-01    0.4516671406E-01    0.4798059991E-01
        0.0411313750    0.3653370915E-02    0.5824208317E-02    0.8452945514E-02    0.1149457506E-01    0.1489154350E-01    0.1857644385E-01    0.2247639157E-01    0.2651770574E-01    0.3063037753E-01    0.3475129313E-01    0.3882644159E-01    0.4281174516E-01    0.4667307531E-01    0.5038566458E-01    0.5393288898E-01    0.5730495431E-01
        0.0450342886    0.4361918345E-02    0.6953837007E-02    0.1009246402E-01    0.1372397007E-01    0.1777951552E-01    0.2217857406E-01    0.2683429939E-01    0.3165917986E-01    0.3657031458E-01    0.4149311871E-01    0.4636380561E-01    0.5113026603E-01    0.5575203550E-01    0.6019959409E-01    0.6445294904E-01    0.6850011834E-01
        0.0493075457    0.5238673033E-02    0.8351492232E-02    0.1212070019E-01    0.1648141669E-01    0.2135068964E-01    0.2663166066E-01    0.3222023165E-01    0.3801195949E-01    0.4390830529E-01    0.4982086817E-01    0.5567413063E-01    0.6140634041E-01    0.6696938786E-01    0.7232796295E-01    0.7745790375E-01    0.8234445061E-01
        0.0539862877    0.6347820478E-02    0.1011913492E-01    0.1468496167E-01    0.1996611009E-01    0.2586143399E-01    0.3225316601E-01    0.3901534783E-01    0.4602235095E-01    0.5315631859E-01    0.6031196344E-01    0.6739952694E-01    0.7434557181E-01    0.8109269414E-01    0.8759848687E-01    0.9383360666E-01    0.9977976579E-01
        0.0591089906    0.7720171999E-02    0.1230535160E-01    0.1785477696E-01    0.2427095605E-01    0.3142962675E-01    0.3918671721E-01    0.4738915964E-01    0.5588551602E-01    0.6453482433E-01    0.7321191152E-01    0.8181041301E-01    0.9024329788E-01    0.9844229189E-01    0.1063565835E+00    0.1139505700E+00    0.1212015746E+00
        0.0647177816    0.9330547239E-02    0.1486936460E-01    0.2156978008E-01    0.2931189183E-01    0.3794337354E-01    0.4728864984E-01    0.5716284732E-01    0.6738503437E-01    0.7778857047E-01    0.8822669045E-01    0.9857523527E-01    0.1087325997E+00    0.1186186880E+00    0.1281733080E+00    0.1373536086E+00    0.1461315742E+00
        0.0708587849    0.1103774671E-01    0.1758589798E-01    0.2550263750E-01    0.3464308773E-01    0.4482395207E-01    0.5583555209E-01    0.6745967298E-01    0.7948578351E-01    0.9172267130E-01    0.1040036893E+00    0.1161885434E+00    0.1281621959E+00    0.1398331559E+00    0.1511315890E+00    0.1620066013E+00    0.1724237110E+00
        0.0775825017    0.1252904690E-01    0.1995796706E-01    0.2893474855E-01    0.3929155377E-01    0.5081688132E-01    0.6327095231E-01    0.7640791029E-01    0.8999492326E-01    0.1038242818E+00    0.1177171552E+00    0.1315234189E+00    0.1451189552E+00    0.1584031927E+00    0.1712971936E+00    0.1837412258E+00    0.1956926760E+00
        0.0849442250    0.1346200419E-01    0.2144306833E-01    0.3108476477E-01    0.4220427619E-01    0.5457181380E-01    0.6792952064E-01    0.8201799475E-01    0.9659753139E-01    0.1114591481E+00    0.1264251638E+00    0.1413458122E+00    0.1560944778E+00    0.1705646992E+00    0.1846688715E+00    0.1983369151E+00    0.2115153715E+00
        0.0930044946    0.1376505470E-01    0.2192931128E-01    0.3179415882E-01    0.4317180300E-01    0.5582640799E-01    0.6949662771E-01    0.8392626138E-01    0.9888653822E-01    0.1141840821E+00    0.1296563314E+00    0.1451636926E+00    0.1605825251E+00    0.1758022102E+00    0.1907254442E+00    0.2052690312E+00    0.2193649963E+00
        0.1018295948    0.1372150393E-01    0.2186542025E-01    0.3170900090E-01    0.4306449328E-01    0.5569652979E-01    0.6934901154E-01    0.8378025387E-01    0.9878532865E-01    0.1141987790E+00    0.1298827276E+00    0.1457134428E+00    0.1615721945E+00    0.1773432860E+00    0.1929170556E+00    0.2081937571E+00    0.2230873398E+00
        0.1114920997    0.1382971701E-01    0.2203519347E-01    0.3194796764E-01    0.4337383801E-01    0.5607188497E-01    0.6978794804E-01    0.8429588240E-01    0.9941924151E-01    0.1150261105E+00    0.1310073092E+00    0.1472562322E+00    0.1636579095E+00    0.1800890432E+00    0.1964247455E+00    0.2125461671E+00    0.2283472321E+00
        0.1220714697    0.1400214996E-01    0.2229508109E-01    0.3229587189E-01    0.4379693958E-01    0.5654643810E-01    0.7029103375E-01    0.8482458813E-01    0.1000072643E+00    0.1157486925E+00    0.1319734896E+00    0.1485938911E+00    0.1654981173E+00    0.1825538235E+00    0.1996195306E+00    0.2165563964E+00    0.2332379181E+00
        0.1336547051    0.1317196279E-01    0.2097070872E-01    0.3036947419E-01    0.4116745245E-01    0.5312635161E-01    0.6602153068E-01    0.7969519203E-01    0.9406833888E-01    0.1091088016E+00    0.1247839598E+00    0.1410285072E+00    0.1577348447E+00    0.1747616398E+00    0.1919505520E+00    0.2091421819E+00    0.2261885978E+00
        0.1463370617    0.1059043077E-01    0.1690890026E-01    0.2456613637E-01    0.3341688465E-01    0.4328850704E-01    0.5403391880E-01    0.6558203955E-01    0.7793841911E-01    0.9113949100E-01    0.1051979011E+00    0.1200706448E+00    0.1356542376E+00    0.1517987453E+00    0.1683291063E+00    0.1850645823E+00    0.2018337908E+00
        0.1602228341    0.7576503875E-02    0.1219135016E-01    0.1786930979E-01    0.2454078591E-01    0.3211682734E-01    0.4053956569E-01    0.4982657512E-01    0.6006098994E-01    0.7133725211E-01    0.8370482416E-01    0.9713934170E-01    0.1115419232E+00    0.1267566228E+00    0.1425944922E+00    0.1588554737E+00    0.1753455869E+00
        0.1754262130    0.6274717557E-02    0.1014308315E-01    0.1494064272E-01    0.2062337688E-01    0.2713528647E-01    0.3446370756E-01    0.4268182129E-01    0.5192822339E-01    0.6234266773E-01    0.7400626241E-01    0.8691341638E-01    0.1009730697E+00    0.1160279642E+00    0.1318805241E+00    0.1483166959E+00    0.1651250734E+00
        0.1920722248    0.6547292307E-02    0.1051480693E-01    0.1536914741E-01    0.2103545170E-01    0.2744115307E-01    0.3458539544E-01    0.4258104109E-01    0.5161800502E-01    0.6188310840E-01    0.7349331051E-01    0.8646687640E-01    0.1007258659E+00    0.1161169991E+00    0.1324392589E+00    0.1494695571E+00    0.1669836787E+00
        0.2102977595    0.6253846414E-02    0.1000840591E-01    0.1456673255E-01    0.1984400255E-01    0.2577291634E-01    0.3238198791E-01    0.3983272491E-01    0.4836850657E-01    0.5822399954E-01    0.6955482704E-01    0.8240789019E-01    0.9672342950E-01    0.1123558810E+00    0.1291023557E+00    0.1467300264E+00    0.1649992457E+00
        0.2302526962    0.5207234687E-02    0.8367476407E-02    0.1223075589E-01    0.1673726188E-01    0.2185281239E-01    0.2764902522E-01    0.3433569409E-01    0.4220348000E-01    0.5153108394E-01    0.6251389436E-01    0.7523164967E-01    0.8964714967E-01    0.1056249711E+00    0.1229599509E+00    0.1414063953E+00    0.1607039986E+00
        0.2521011363    0.4935135773E-02    0.7902081432E-02    0.1150202124E-01    0.1567192898E-01    0.2038937369E-01    0.2575820955E-01    0.3203614041E-01    0.3956820040E-01    0.4868778235E-01    0.5964122651E-01    0.7255113551E-01    0.8741090732E-01    0.1041009452E+00    0.1224170890E+00    0.1421018280E+00    0.1628733948E+00
        0.2760227522    0.4485457702E-02    0.7176684407E-02    0.1043574220E-01    0.1420747854E-01    0.1848843979E-01    0.2341657163E-01    0.2929657411E-01    0.3652875347E-01    0.4550636013E-01    0.5653548962E-01    0.6979167752E-01    0.8530769194E-01    0.1029854645E+00    0.1226237815E+00    0.1439516939E+00    0.1666615114E+00
        0.3022142655    0.3866466334E-02    0.6215615614E-02    0.9082862588E-02    0.1243051161E-01    0.1627715579E-01    0.2079217612E-01    0.2632369135E-01    0.3332787356E-01    0.4226452162E-01    0.5351089559E-01    0.6730848848E-01    0.8374091573E-01    0.1027394151E+00    0.1241089620E+00    0.1475640953E+00    0.1727666623E+00
        0.3308910644    0.3686922576E-02    0.5894596975E-02    0.8563881397E-02    0.1165733177E-01    0.1520703371E-01    0.1941597344E-01    0.2468654559E-01    0.3154633992E-01    0.4053952686E-01    0.5213356897E-01    0.6665478309E-01    0.8425424822E-01    0.1049049095E+00    0.1284250317E+00    0.1545164011E+00    0.1828075803E+00
        0.3622889751    0.3196235552E-02    0.5141450401E-02    0.7516649974E-02    0.1029695261E-01    0.1352996051E-01    0.1744694596E-01    0.2249887643E-01    0.2928556860E-01    0.3844578644E-01    0.5055502996E-01    0.6604524298E-01    0.8515378954E-01    0.1079086913E+00    0.1341479872E+00    0.1635605460E+00    0.1957360727E+00
        0.3966662010    0.2995520951E-02    0.4798621084E-02    0.6986592412E-02    0.9537041300E-02    0.1251156959E-01    0.1617723192E-01    0.2104726969E-01    0.2781152680E-01    0.3722557139E-01    0.4999939707E-01    0.6669853705E-01    0.8767178959E-01    0.1130208404E+00    0.1426136653E+00    0.1761280140E+00    0.2131095398E+00
        0.4343054463    0.2692230737E-02    0.4326517879E-02    0.6318344979E-02    0.8649950146E-02    0.1139539849E-01    0.1485546880E-01    0.1960755865E-01    0.2644199317E-01    0.3625251916E-01    0.4991391823E-01    0.6815882490E-01    0.9147759849E-01    0.1200674539E+00    0.1538378277E+00    0.1924568709E+00    0.2354195326E+00
        0.4755162407    0.2493682506E-02    0.4002230582E-02    0.5836751702E-02    0.7981925436E-02    0.1052657828E-01    0.1381211418E-01    0.1849166180E-01    0.2547478409E-01    0.3582236122E-01    0.5061207748E-01    0.7078502633E-01    0.9701012875E-01    0.1296069910E+00    0.1685407914E+00    0.2134722705E+00    0.2638380443E+00
        0.5206374847    0.2311336096E-02    0.3708903320E-02    0.5406399045E-02    0.7390699001E-02    0.9766597596E-02    0.1292022019E-01    0.1759018677E-01    0.2482561831E-01    0.3588900639E-01    0.5210725056E-01    0.7468003758E-01    0.1044994014E+00    0.1420395338E+00    0.1873385465E+00    0.2400527497E+00    0.2995520019E+00
        0.5700402368    0.2159198915E-02    0.3464092603E-02    0.5046101103E-02    0.6894449682E-02    0.9132213020E-02    0.1219595953E-01    0.1692217732E-01    0.2452462242E-01    0.3650945093E-01    0.5450870532E-01    0.8004065767E-01    0.1142733737E+00    0.1578737159E+00    0.2109731699E+00    0.2732275876E+00    0.3439310010E+00
        0.6241307649    0.2041647095E-02    0.3271379308E-02    0.4757396617E-02    0.6492470959E-02    0.8621289894E-02    0.1163772898E-01    0.1649089707E-01    0.2458941554E-01    0.3773362711E-01    0.5792724060E-01    0.8707770746E-01    0.1266908181E+00    0.1776702301E+00    0.2402645446E+00    0.3141342321E+00    0.3984880645E+00
        0.6833538873    0.1950511078E-02    0.3120043347E-02    0.4528145905E-02    0.6172549493E-02    0.8222649780E-02    0.1123683206E-01    0.1629405441E-01    0.2503398859E-01    0.3961115594E-01    0.6247881711E-01    0.9601512043E-01    0.1421339640E+00    0.2020256908E+00    0.2760828618E+00    0.3639768328E+00    0.4648217930E+00
        0.7481966305    0.1882980315E-02    0.3005898134E-02    0.4353097723E-02    0.5928730001E-02    0.7929884931E-02    0.1098751682E-01    0.1633086684E-01    0.2587348672E-01    0.4219395920E-01    0.6828426780E-01    0.1070850511E+00    0.1609963748E+00    0.2315499272E+00    0.3193115656E+00    0.4239709844E+00    0.5445392425E+00
        0.8191922345    0.1836990216E-02    0.2925737159E-02    0.4228118658E-02    0.5755973319E-02    0.7736970730E-02    0.1088391934E-01    0.1660045439E-01    0.2712376222E-01    0.4553605154E-01    0.7546751701E-01    0.1205216737E+00    0.1836685214E+00    0.2668388328E+00    0.3708026042E+00    0.4952764286E+00    0.6391612861E+00
        0.8969245379    0.1810118919E-02    0.2876146312E-02    0.4148925954E-02    0.5648790949E-02    0.7636907179E-02    0.1091879856E-01    0.1710043120E-01    0.2879900657E-01    0.4968855574E-01    0.8414525344E-01    0.1365416799E+00    0.2105043488E+00    0.3084216135E+00    0.4312986453E+00    0.5788884315E+00    0.7499774223E+00
        0.9820327791    0.1800299676E-02    0.2854222911E-02    0.4111649828E-02    0.5601729981E-02    0.7622411877E-02    0.1108459068E-01    0.1782808350E-01    0.3091225620E-01    0.5469792633E-01    0.9442022896E-01    0.1553289803E+00    0.2417928755E+00    0.3567142186E+00    0.5013629222E+00    0.6755384068E+00    0.8779113564E+00
        1.0752168532    0.1805500317E-02    0.2857212217E-02    0.4112392499E-02    0.5609011868E-02    0.7685791636E-02    0.1137335507E-01    0.1877984032E-01    0.3347333007E-01    0.6060053189E-01    0.1063697727E+00    0.1770136813E+00    0.2777236859E+00    0.4119671557E+00    0.5813050227E+00    0.7855931085E+00    0.1023388648E+01
        1.1772430677    0.1824117295E-02    0.2882682333E-02    0.4147289616E-02    0.5664757174E-02    0.7819401288E-02    0.1177723000E-01    0.1995126475E-01    0.3648752846E-01    0.6741865595E-01    0.1200371635E+00    0.2016566875E+00    0.3183627430E+00    0.4742307424E+00    0.6711339250E+00    0.9089935847E+00    0.1186259083E+01
        1.2889504441    0.1854610778E-02    0.2928250880E-02    0.4212445606E-02    0.5763201810E-02    0.8015979418E-02    0.1228862416E-01    0.2133677531E-01    0.3995431683E-01    0.7515732027E-01    0.1354258764E+00    0.2292412892E+00    0.3636421959E+00    0.5433449217E+00    0.7705501096E+00    0.1045251761E+01    0.1365799121E+01
        1.4112576178    0.1895620297E-02    0.2991568499E-02    0.4303964856E-02    0.5898793764E-02    0.8268646998E-02    0.1289996421E-01    0.2292895593E-01    0.4386593205E-01    0.8380217708E-01    0.1524977103E+00    0.2596740974E+00    0.4133685457E+00    0.6189606411E+00    0.8789870259E+00    0.1193518942E+01    0.1560813647E+01
        1.5451703927    0.1945889220E-02    0.3070332162E-02    0.4418137923E-02    0.6066433776E-02    0.8571093192E-02    0.1360382067E-01    0.2471867890E-01    0.4820782790E-01    0.9332154408E-01    0.1711795260E+00    0.2928020504E+00    0.4672579357E+00    0.7006033456E+00    0.9957138202E+00    0.1352739099E+01    0.1769850701E+01
        1.6917900122    0.2004284388E-02    0.3162418557E-02    0.4551679485E-02    0.6261712031E-02    0.8917809111E-02    0.1439324017E-01    0.2669583490E-01    0.5296076645E-01    0.1036723669E+00    0.1913780057E+00    0.3284436272E+00    0.5249938669E+00    0.7877689568E+00    0.1119982365E+01    0.1521860261E+01    0.1991490766E+01
        1.8523222157    0.2069679632E-02    0.3265798167E-02    0.4701574936E-02    0.6480623347E-02    0.9303684882E-02    0.1526129354E-01    0.2884917636E-01    0.5810218847E-01    0.1148061052E+00    0.2129953263E+00    0.3664216756E+00    0.5862859880E+00    0.8800182580E+00    0.1251167448E+01    0.1700031430E+01    0.2224612426E+01
        2.0280871538    0.2141088899E-02    0.3378749400E-02    0.4865327384E-02    0.6719864760E-02    0.9724435287E-02    0.1620186819E-01    0.3116820185E-01    0.6361097238E-01    0.1266796655E+00    0.2359508588E+00    0.4066008881E+00    0.6509279087E+00    0.9770588486E+00    0.1388876315E+01    0.1886743721E+01    0.2468570822E+01
        2.2205302450    0.2217622910E-02    0.3499790884E-02    0.5040816658E-02    0.6976634620E-02    0.1017637843E-01    0.1720960525E-01    0.3364383292E-01    0.6947013879E-01    0.1392619416E+00    0.2601928607E+00    0.4489041939E+00    0.7188153552E+00    0.1078759876E+01    0.1532953544E+01    0.2081819110E+01    0.2723165694E+01
        2.4312340620    0.2286661843E-02    0.3608979313E-02    0.5199365218E-02    0.7211821614E-02    0.1060592280E-01    0.1820656568E-01    0.3615583919E-01    0.7549171516E-01    0.1522675648E+00    0.2853089466E+00    0.4927656193E+00    0.7892064777E+00    0.1184185826E+01    0.1682256683E+01    0.2283899604E+01    0.2986819749E+01
        2.6619313461    0.2373164379E-02    0.3745703392E-02    0.5397669005E-02    0.7502973341E-02    0.1111962704E-01    0.1934798955E-01    0.3894428909E-01    0.8205252167E-01    0.1662724272E+00    0.3121392153E+00    0.5393499614E+00    0.8636413510E+00    0.1295290731E+01    0.1839181606E+01    0.2495843150E+01    0.3262869643E+01
        2.9145192568    0.2462428378E-02    0.3886763389E-02    0.5602370121E-02    0.7804631537E-02    0.1165552086E-01    0.2054500041E-01    0.4187498563E-01    0.8894710896E-01    0.1809677487E+00    0.3402337322E+00    0.5880222765E+00    0.9412506612E+00    0.1410918161E+01    0.2002232019E+01    0.2715764753E+01    0.3549000496E+01
        3.1910749729    0.2553844117E-02    0.4031202626E-02    0.5812113482E-02    0.8115049424E-02    0.1221155836E-01    0.2179572488E-01    0.4494740663E-01    0.9617716595E-01    0.1963544673E+00    0.3695808980E+00    0.6387340155E+00    0.1021911185E+01    0.1530821541E+01    0.2170982528E+01    0.2943002590E+01    0.3844258661E+01
        3.4938727747    0.2647312763E-02    0.4178870047E-02    0.6026705193E-02    0.8434093477E-02    0.1278804005E-01    0.2310196314E-01    0.4816658351E-01    0.1037510827E+00    0.2124376663E+00    0.4001631493E+00    0.6914095873E+00    0.1105438308E+01    0.1654643945E+01    0.2344832837E+01    0.3176638598E+01    0.4147334238E+01
        3.8254027466    0.2742524634E-02    0.4329281192E-02    0.6245473837E-02    0.8761001444E-02    0.1338448587E-01    0.2446440563E-01    0.5153517005E-01    0.1116708712E+00    0.2292066754E+00    0.4319298990E+00    0.7459136418E+00    0.1191550935E+01    0.1781885357E+01    0.2522983273E+01    0.3415489219E+01    0.4456575038E+01
        4.1883912545    0.2839410476E-02    0.4482330640E-02    0.6468296669E-02    0.9095789562E-02    0.1400155919E-01    0.2588536175E-01    0.5505754374E-01    0.1199387606E+00    0.2466462387E+00    0.4648164960E+00    0.8020819590E+00    0.1279918944E+01    0.1911971516E+01    0.2704529927E+01    0.3658231993E+01    0.4770150415E+01
        4.5858233661    0.2937915392E-02    0.4637935281E-02    0.6695086627E-02    0.9438547402E-02    0.1464006069E-01    0.2736720856E-01    0.5873739980E-01    0.1285538271E+00    0.2647325867E+00    0.4987407745E+00    0.8597200241E+00    0.1370165636E+01    0.2044262191E+01    0.2888480693E+01    0.3903431280E+01    0.5086088639E+01
        5.0209673996    0.3037596079E-02    0.4795398639E-02    0.6924876886E-02    0.9788172296E-02    0.1529912041E-01    0.2890963086E-01    0.6257345273E-01    0.1375055976E+00    0.2834246522E+00    0.5335920123E+00    0.9185903314E+00    0.1461854453E+01    0.2178038741E+01    0.3073745299E+01    0.4149532342E+01    0.5402276418E+01
        5.4974018001    0.3138521951E-02    0.4954833428E-02    0.7157870228E-02    0.1014519146E-01    0.1598017661E-01    0.3051571207E-01    0.6656940455E-01    0.1467904986E+00    0.3026902910E+00    0.5692706571E+00    0.9784695714E+00    0.1554567670E+01    0.2312608408E+01    0.3259269274E+01    0.4395028965E+01    0.5716663865E+01
        6.0190445678    0.3241603954E-02    0.5117680780E-02    0.7396188880E-02    0.1051281098E-01    0.1668852826E-01    0.3219449321E-01    0.7073842827E-01    0.1564196607E+00    0.3225192838E+00    0.6057087720E+00    0.1039178946E+01    0.1647949032E+01    0.2447361744E+01    0.3444108803E+01    0.4638558732E+01    0.6027383614E+01
        6.5901854779    0.3347562197E-02    0.5285080668E-02    0.7641527944E-02    0.1089368624E-01    0.1742880009E-01    0.3395415582E-01    0.7509243348E-01    0.1664022218E+00    0.3428986763E+00    0.6428358287E+00    0.1100539349E+01    0.1741647635E+01    0.2581704659E+01    0.3627350493E+01    0.4878810268E+01    0.6332645973E+01
        7.2155213579    0.3456991369E-02    0.5457975238E-02    0.7895304843E-02    0.1129013060E-01    0.1820525074E-01    0.3580254383E-01    0.7964306329E-01    0.1767473271E+00    0.3638167275E+00    0.6805861078E+00    0.1162384306E+01    0.1835338903E+01    0.2715089941E+01    0.3808155546E+01    0.5114581272E+01    0.6630811029E+01
        7.9001947124    0.3570003673E-02    0.5636545187E-02    0.8157847062E-02    0.1170298949E-01    0.1902016151E-01    0.3774469387E-01    0.8439780529E-01    0.1874582104E+00    0.3852544727E+00    0.7188875562E+00    0.1224546495E+01    0.1928709972E+01    0.2847003584E+01    0.3985749581E+01    0.5344775090E+01    0.6920394033E+01
        8.6498360130    0.3686715241E-02    0.5820977714E-02    0.8429499698E-02    0.1213317679E-01    0.1987604678E-01    0.3978631348E-01    0.8936583178E-01    0.1985420240E+00    0.4072015429E+00    0.7576855893E+00    0.1286891361E+01    0.2021504473E+01    0.2977023135E+01    0.4159496906E+01    0.5568495115E+01    0.7200185569E+01
        9.4706100008    0.3807246214E-02    0.6011466718E-02    0.8710626800E-02    0.1258168285E-01    0.2077569031E-01    0.4193391019E-01    0.9455840037E-01    0.2100109496E+00    0.4296587919E+00    0.7969483486E+00    0.1349325748E+01    0.2113535065E+01    0.3104831693E+01    0.4328917560E+01    0.5785058250E+01    0.7469268898E+01
       10.3692663829    0.3931720829E-02    0.6208213041E-02    0.9001612835E-02    0.1304958294E-01    0.2172218160E-01    0.4419491345E-01    0.9998918602E-01    0.2218829901E+00    0.4526400142E+00    0.8366706373E+00    0.1411804968E+01    0.2204697105E+01    0.3230237913E+01    0.4493711856E+01    0.5994032599E+01    0.7727039547E+01
       11.3531953391    0.4060267519E-02    0.6411424713E-02    0.9302864283E-02    0.1353804582E-01    0.2271895274E-01    0.4657780429E-01    0.1056746389E+00    0.2341826491E+00    0.4761732767E+00    0.8768746409E+00    0.1474336636E+01    0.2294967982E+01    0.3353190713E+01    0.4653769324E+01    0.6195262183E+01    0.7973265623E+01
       12.4304882957    0.4193019026E-02    0.6621317230E-02    0.9614811349E-02    0.1404834260E-01    0.2376981268E-01    0.4909223548E-01    0.1116343423E+00    0.2469419860E+00    0.5003023644E+00    0.9176130829E+00    0.1536979538E+01    0.2384414785E+01    0.3473755212E+01    0.4809193712E+01    0.6388819485E+01    0.8208093752E+01
       13.6100044661    0.4330112519E-02    0.6838113854E-02    0.9937909813E-02    0.1458185606E-01    0.2487898089E-01    0.5174911174E-01    0.1178912374E+00    0.2602011583E+00    0.5250879299E+00    0.9589742133E+00    0.1599846160E+01    0.2473198714E+01    0.3592134891E+01    0.4960240297E+01    0.6575103301E+01    0.8431888707E+01
       14.9014437053    0.4471689723E-02    0.7062045927E-02    0.1027264301E-01    0.1514009054E-01    0.2605112592E-01    0.5456071332E-01    0.1244718185E+00    0.2740077815E+00    0.5506096565E+00    0.1001071561E+01    0.1663123257E+01    0.2561547116E+01    0.3708707070E+01    0.5107353068E+01    0.6754695490E+01    0.8645533319E+01
       16.3154262774    0.4617897054E-02    0.7293353213E-02    0.1061952396E-01    0.1572468181E-01    0.2729140561E-01    0.5754082238E-01    0.1314062432E+00    0.2884194318E+00    0.5769595377E+00    0.1044061878E+01    0.1727016096E+01    0.2649831522E+01    0.3823867544E+01    0.5251274446E+01    0.6928395598E+01    0.8850069053E+01
       17.8635801925    0.4768885763E-02    0.7532284260E-02    0.1097909757E-01    0.1633740698E-01    0.2860549127E-01    0.6070475719E-01    0.1387292452E+00    0.3035008626E+00    0.6042537176E+00    0.1088119950E+01    0.1791821188E+01    0.2738405004E+01    0.3938312447E+01    0.5392583619E+01    0.7097506997E+01    0.9046729754E+01
       19.5586368304    0.4924812086E-02    0.7779096786E-02    0.1135194314E-01    0.1698019588E-01    0.2999960673E-01    0.6406955936E-01    0.1464788067E+00    0.3193274986E+00    0.6326242144E+00    0.1133454024E+01    0.1857874928E+01    0.2827771045E+01    0.4052619317E+01    0.5532528531E+01    0.7262702425E+01    0.9237758687E+01
       21.4145356385    0.5085837398E-02    0.8034058081E-02    0.1173867678E-01    0.1765514387E-01    0.3148058024E-01    0.6765378470E-01    0.1546976163E+00    0.3359841564E+00    0.6622055190E+00    0.1180342486E+01    0.1925466867E+01    0.2918621511E+01    0.4167449576E+01    0.5672086984E+01    0.7426043952E+01    0.9423600436E+01
       23.4465387640    0.5252128381E-02    0.8297445439E-02    0.1213995404E-01    0.1836452053E-01    0.3305585726E-01    0.7147817323E-01    0.1634332731E+00    0.3535561170E+00    0.6931853694E+00    0.1228973883E+01    0.1995184182E+01    0.3011184599E+01    0.4284310258E+01    0.5811636889E+01    0.7589461123E+01    0.9607239409E+01
       25.6713565631    0.5423857189E-02    0.8569546602E-02    0.1255647268E-01    0.1911078437E-01    0.3473358576E-01    0.7556513721E-01    0.1727352962E+00    0.3721541449E+00    0.7257192239E+00    0.1279686663E+01    0.2067347420E+01    0.3106480446E+01    0.4403138697E+01    0.5954368340E+01    0.7751804416E+01    0.9792927826E+01
       28.1072850208    0.5601201627E-02    0.8850660222E-02    0.1298897534E-01    0.1989659200E-01    0.3652254560E-01    0.7993877211E-01    0.1826614413E+00    0.3918867598E+00    0.7599696971E+00    0.1332916019E+01    0.2142158616E+01    0.3205555363E+01    0.4525021449E+01    0.6099858957E+01    0.7919435337E+01    0.9975447781E+01
       30.7743562090    0.5784345334E-02    0.9141096345E-02    0.1343825229E-01    0.2072481480E-01    0.3843233295E-01    0.8462588692E-01    0.1932730186E+00    0.4128423082E+00    0.7962725860E+00    0.1388575625E+01    0.2221098042E+01    0.3307296105E+01    0.4653457370E+01    0.6247872406E+01    0.8091615917E+01    0.1016699597E+02
       33.6945030221    0.5973477972E-02    0.9441176894E-02    0.1390514397E-01    0.2159854508E-01    0.4047333068E-01    0.8965520880E-01    0.2046237051E+00    0.4352116492E+00    0.8346132258E+00    0.1447637988E+01    0.2303131484E+01    0.3415789741E+01    0.4783508385E+01    0.6407638354E+01    0.8264431087E+01    0.1036571652E+02
       36.8917395444    0.6168795421E-02    0.9751236161E-02    0.1439054356E-01    0.2252111092E-01    0.4265660761E-01    0.9505514360E-01    0.2168055737E+00    0.4590407025E+00    0.8754256264E+00    0.1509971747E+01    0.2390128589E+01    0.3528179854E+01    0.4924363284E+01    0.6566193448E+01    0.8457642001E+01    0.1056204294E+02
       40.3923585315    0.6370499983E-02    0.1007162128E-01    0.1489539883E-01    0.2349607932E-01    0.4499419369E-01    0.1008640268E+00    0.2298600447E+00    0.4845167728E+00    0.9189701027E+00    0.1575735710E+01    0.2482712284E+01    0.3646864354E+01    0.5070090668E+01    0.6741955991E+01    0.8643889820E+01    0.1079137215E+02
       44.2251476316    0.6578800591E-02    0.1040269271E-01    0.1542071376E-01    0.2452729288E-01    0.4749928201E-01    0.1071074436E+00    0.2438888970E+00    0.5118510031E+00    0.9649924809E+00    0.1646735842E+01    0.2578801856E+01    0.3775295433E+01    0.5223279171E+01    0.6922844429E+01    0.8857984681E+01    0.1100382476E+02
       48.4216261230    0.6793913027E-02    0.1074482463E-01    0.1596754853E-01    0.2561878398E-01    0.5018471141E-01    0.1138351150E+00    0.2589786107E+00    0.5409335909E+00    0.1014859631E+01    0.1720384563E+01    0.2684668498E+01    0.3905735090E+01    0.5392277461E+01    0.7113565072E+01    0.9074367038E+01    0.1126143584E+02
       53.0163041156    0.7016060143E-02    0.1109840529E-01    0.1653702001E-01    0.2677494201E-01    0.5306702250E-01    0.1210743307E+00    0.2751572921E+00    0.5724225752E+00    0.1067044580E+01    0.1801462729E+01    0.2792061325E+01    0.4053125503E+01    0.5560121248E+01    0.7326614099E+01    0.9307357023E+01    0.1151198245E+02
       58.0469663481    0.7245472092E-02    0.1146383733E-01    0.1713029736E-01    0.2800022135E-01    0.5615858911E-01    0.1288744359E+00    0.2926413401E+00    0.6057291549E+00    0.1124146663E+01    0.1884919929E+01    0.2912610960E+01    0.4199241427E+01    0.5755007103E+01    0.7534978838E+01    0.9566083338E+01    0.1179503198E+02
       63.5549829136    0.7482386568E-02    0.1184153786E-01    0.1774860225E-01    0.2929948480E-01    0.5947979617E-01    0.1372794917E+00    0.3113161551E+00    0.6419862020E+00    0.1183768070E+01    0.1977141278E+01    0.3034843803E+01    0.4367018385E+01    0.5943878600E+01    0.7782579631E+01    0.9819834894E+01    0.1209856676E+02
       69.5856494710    0.7727049045E-02    0.1223193848E-01    0.1839319665E-01    0.3067757901E-01    0.6304214152E-01    0.1463195192E+00    0.3315595635E+00    0.6802460118E+00    0.1248908249E+01    0.2072539347E+01    0.3171058269E+01    0.4534192129E+01    0.6166335485E+01    0.8017960593E+01    0.1012370600E+02    0.1240624004E+02
       76.1885597370    0.7979713034E-02    0.1263548499E-01    0.1906537957E-01    0.3213963586E-01    0.6686888398E-01    0.1560703623E+00    0.3531141446E+00    0.7218374478E+00    0.1317151641E+01    0.2176680512E+01    0.3310755167E+01    0.4722661758E+01    0.6383075765E+01    0.8302189977E+01    0.1041057174E+02    0.1276669778E+02
       83.4180133251    0.8240640335E-02    0.1305263681E-01    0.1976646422E-01    0.3369077726E-01    0.7097127430E-01    0.1665311870E+00    0.3764754334E+00    0.7657431426E+00    0.1391051255E+01    0.2285584676E+01    0.3463341093E+01    0.4913556806E+01    0.6632104178E+01    0.8572321348E+01    0.1076235647E+02    0.1311331351E+02
       91.3334622825    0.8510101301E-02    0.1348386613E-01    0.2049776579E-01    0.3533595499E-01    0.7537278490E-01    0.1778117812E+00    0.4012967617E+00    0.8132260668E+00    0.1469006731E+01    0.2402755765E+01    0.3622738394E+01    0.5123527806E+01    0.6879324558E+01    0.8890539805E+01    0.1109086017E+02    0.1353498540E+02
      100.0000000000    0.8788375112E-02    0.1392965644E-01    0.2126057091E-01    0.3708019172E-01    0.8008411943E-01    0.1898742470E+00    0.4281200756E+00    0.8634564124E+00    0.1552613930E+01    0.2526734098E+01    0.3793686279E+01    0.5341450585E+01    0.7155710756E+01    0.9197966756E+01    0.1148634936E+02    0.1393076727E+02
