               #####        0.2000000000        0.2533333333        0.3066666667        0.3600000000        0.4133333333        0.4666666667        0.5200000000        0.5733333333        0.6266666667        0.6800000000        0.7333333333        0.7866666667        0.8400000000        0.8933333333        0.9466666667        1.0000000000
        0.0010000000    0.1040626232E-07    0.1656031904E-07    0.2397289911E-07    0.3248727904E-07    0.4190813391E-07    0.5201316811E-07    0.6256939559E-07    0.7334981894E-07    0.8414821139E-07    0.9478891627E-07    0.1051321932E-06    0.1150740579E-06    0.1245435910E-06    0.1334984213E-06    0.1419189068E-06    0.1498028336E-06
        0.0010948890    0.1456382590E-07    0.2317658316E-07    0.3355067569E-07    0.4546676499E-07    0.5865148892E-07    0.7279373918E-07    0.8756744586E-07    0.1026549204E-06    0.1177675431E-06    0.1326594780E-06    0.1471351550E-06    0.1610490452E-06    0.1743018955E-06    0.1868344061E-06    0.1986190875E-06    0.2096528415E-06
        0.0011987818    0.2034015961E-07    0.3236892597E-07    0.4685761223E-07    0.6349988534E-07    0.8191396172E-07    0.1016653406E-06    0.1222986257E-06    0.1433701258E-06    0.1644767484E-06    0.1852751536E-06    0.2054922036E-06    0.2249246497E-06    0.2434338726E-06    0.2609370531E-06    0.2773957985E-06    0.2928057819E-06
        0.0013125330    0.2835756239E-07    0.4512766168E-07    0.6532729859E-07    0.8852939381E-07    0.1142016776E-06    0.1417383838E-06    0.1705046138E-06    0.1998817886E-06    0.2293079300E-06    0.2583043649E-06    0.2864902937E-06    0.3135823540E-06    0.3393872873E-06    0.3637896299E-06    0.3867358561E-06    0.4082199334E-06
        0.0014370779    0.3947990149E-07    0.6282753158E-07    0.9094982564E-07    0.1232521961E-06    0.1589936076E-06    0.1973307014E-06    0.2373795607E-06    0.2782789884E-06    0.3192465881E-06    0.3596159424E-06    0.3988568953E-06    0.4365749443E-06    0.4725010316E-06    0.5064744065E-06    0.5384205496E-06    0.5683310623E-06
        0.0015734408    0.5490148033E-07    0.8736912654E-07    0.1264765101E-06    0.1713967861E-06    0.2210994572E-06    0.2744117332E-06    0.3301044224E-06    0.3869799278E-06    0.4439502345E-06    0.5000886093E-06    0.5546578074E-06    0.6071092260E-06    0.6570687083E-06    0.7043127115E-06    0.7487376073E-06    0.7903317167E-06
        0.0017227429    0.7627438255E-07    0.1213815399E-06    0.1757132571E-06    0.2381208017E-06    0.3071725084E-06    0.3812390245E-06    0.4586126391E-06    0.5376295354E-06    0.6167781382E-06    0.6947709404E-06    0.7705836908E-06    0.8434542174E-06    0.9128627058E-06    0.9784985887E-06    0.1040217896E-05    0.1098004403E-05
        0.0018862122    0.1058859506E-06    0.1685048035E-06    0.2439294182E-06    0.3305650954E-06    0.4264243629E-06    0.5292453129E-06    0.6366572589E-06    0.7463504489E-06    0.8562264758E-06    0.9644979903E-06    0.1069743101E-05    0.1170903741E-05    0.1267258291E-05    0.1358375615E-05    0.1444055850E-05    0.1524276471E-05
        0.0020651929    0.1468859572E-06    0.2337514037E-06    0.3383811259E-06    0.4585629409E-06    0.5915398094E-06    0.7341739910E-06    0.8831768466E-06    0.1035344265E-05    0.1187765314E-05    0.1337960565E-05    0.1483957554E-05    0.1624288522E-05    0.1757952432E-05    0.1884351207E-05    0.2003207595E-05    0.2114490351E-05
        0.0022611570    0.2036110155E-06    0.3240225417E-06    0.4690586390E-06    0.6356528112E-06    0.8199832942E-06    0.1017700599E-05    0.1224246064E-05    0.1435178195E-05    0.1646461902E-05    0.1854660233E-05    0.2057038991E-05    0.2251563586E-05    0.2436846397E-05    0.2612058378E-05    0.2776815209E-05    0.2931073579E-05
        0.0024757158    0.2820203971E-06    0.4488016859E-06    0.6496903367E-06    0.8804389599E-06    0.1135754053E-05    0.1409611162E-05    0.1695696107E-05    0.1987856996E-05    0.2280504841E-05    0.2568879137E-05    0.2849192757E-05    0.3118627603E-05    0.3375261685E-05    0.3617946701E-05    0.3846150328E-05    0.4059812582E-05
        0.0027106339    0.3903051402E-06    0.6211238950E-06    0.8991459238E-06    0.1218493000E-05    0.1571839123E-05    0.1950846682E-05    0.2346777090E-05    0.2751116361E-05    0.3156129543E-05    0.3555228275E-05    0.3943171314E-05    0.4316058519E-05    0.4671229930E-05    0.5007096342E-05    0.5322921045E-05    0.5618621028E-05
        0.0029678432    0.5396788522E-06    0.8588342861E-06    0.1243258206E-05    0.1684822715E-05    0.2173398082E-05    0.2697455793E-05    0.3244912906E-05    0.3803997027E-05    0.4364012939E-05    0.4915850831E-05    0.5452263572E-05    0.5967858390E-05    0.6458957330E-05    0.6923362986E-05    0.7360056702E-05    0.7768923706E-05
        0.0032494587    0.7454300380E-06    0.1186262691E-05    0.1717247341E-05    0.2327157334E-05    0.3002001004E-05    0.3725854601E-05    0.4482028566E-05    0.5254262281E-05    0.6027782967E-05    0.6790007693E-05    0.7530926356E-05    0.8243090191E-05    0.8921419030E-05    0.9562877718E-05    0.1016605924E-04    0.1073080509E-04
        0.0035577965    0.1028427722E-05    0.1636619672E-05    0.2369189353E-05    0.3210647950E-05    0.4141691947E-05    0.5140352216E-05    0.6183603070E-05    0.7249010596E-05    0.8316193566E-05    0.9367791970E-05    0.1038999540E-04    0.1137252719E-04    0.1230837853E-04    0.1319336198E-04    0.1402553640E-04    0.1480468311E-04
        0.0038953921    0.1416987162E-05    0.2254965592E-05    0.3264314190E-05    0.4423692119E-05    0.5706502622E-05    0.7082476159E-05    0.8519887426E-05    0.9987826457E-05    0.1145821151E-04    0.1290712354E-04    0.1431553425E-04    0.1566928424E-04    0.1695871660E-04    0.1817806186E-04    0.1932464547E-04    0.2039816620E-04
        0.0042650218    0.1949584501E-05    0.3102530652E-05    0.4491259483E-05    0.6086408766E-05    0.7851384910E-05    0.9744540974E-05    0.1172222706E-04    0.1374191502E-04    0.1576496796E-04    0.1775847635E-04    0.1969625968E-04    0.2155883647E-04    0.2333292011E-04    0.2501057262E-04    0.2658811421E-04    0.2806513054E-04
        0.0046697254    0.2677942707E-05    0.4261625810E-05    0.6169179667E-05    0.8360272264E-05    0.1078463872E-04    0.1338507276E-04    0.1610161678E-04    0.1887585397E-04    0.2165471252E-04    0.2439298775E-04    0.2705471804E-04    0.2961314361E-04    0.3205001402E-04    0.3435442578E-04    0.3652132441E-04    0.3855014097E-04
        0.0051128308    0.3671405022E-05    0.5842602606E-05    0.8457821144E-05    0.1146176600E-04    0.1478552494E-04    0.1835066900E-04    0.2207499712E-04    0.2587842051E-04    0.2968817826E-04    0.3344229524E-04    0.3709146856E-04    0.4059901094E-04    0.4393990143E-04    0.4709919171E-04    0.5006995238E-04    0.5285140370E-04
        0.0055979820    0.5023256096E-05    0.7993912506E-05    0.1157208436E-04    0.1568211647E-04    0.2022972222E-04    0.2510759363E-04    0.3020326158E-04    0.3540714685E-04    0.4061969624E-04    0.4575611400E-04    0.5074894292E-04    0.5554798682E-04    0.6011901186E-04    0.6444156586E-04    0.6850616824E-04    0.7231175269E-04
        0.0061291687    0.6857426921E-05    0.1091277703E-04    0.1579747010E-04    0.2140822573E-04    0.2761632953E-04    0.3427529047E-04    0.4123157164E-04    0.4833558096E-04    0.5545141324E-04    0.6246330951E-04    0.6927918072E-04    0.7583050196E-04    0.8207053952E-04    0.8797137393E-04    0.9352006344E-04    0.9871515338E-04
        0.0067107592    0.9338139820E-05    0.1486053662E-04    0.2151229881E-04    0.2915278237E-04    0.3760670907E-04    0.4667459208E-04    0.5614734933E-04    0.6582127032E-04    0.7551128267E-04    0.8505974885E-04    0.9434126477E-04    0.1032625158E-03    0.1117598622E-03    0.1197952855E-03    0.1273511633E-03    0.1344255163E-03
        0.0073475362    0.1268171021E-04    0.2018143180E-04    0.2921489864E-04    0.3959110608E-04    0.5107201530E-04    0.6338670885E-04    0.7625123777E-04    0.8938894726E-04    0.1025484942E-03    0.1155157945E-03    0.1281205404E-03    0.1402360044E-03    0.1517757612E-03    0.1626881811E-03    0.1729493339E-03    0.1825565347E-03
        0.0080447363    0.1717065845E-04    0.2732506051E-04    0.3955611527E-04    0.5360520416E-04    0.6915002724E-04    0.8582376464E-04    0.1032419509E-03    0.1210299957E-03    0.1388475799E-03    0.1564048341E-03    0.1734711629E-03    0.1898749801E-03    0.2054992691E-03    0.2202741286E-03    0.2341671607E-03    0.2471747357E-03
        0.0088080930    0.2317155074E-04    0.3687476996E-04    0.5338041274E-04    0.7233947035E-04    0.9331699928E-04    0.1158179715E-03    0.1393235444E-03    0.1633282000E-03    0.1873726693E-03    0.2110657675E-03    0.2340963034E-03    0.2562327221E-03    0.2773171137E-03    0.2972551532E-03    0.3160031263E-03    0.3335561440E-03
        0.0096438838    0.3115557193E-04    0.4958039582E-04    0.7177326776E-04    0.9726491255E-04    0.1254705138E-03    0.1557244584E-03    0.1873291096E-03    0.2196047440E-03    0.2519338233E-03    0.2837903578E-03    0.3147559223E-03    0.3445191740E-03    0.3728677978E-03    0.3996749780E-03    0.4248819490E-03    0.4484821535E-03
        0.0105589819    0.4171987109E-04    0.6639224160E-04    0.9611037752E-04    0.1302458659E-03    0.1680155790E-03    0.2085281790E-03    0.2508494384E-03    0.2940691108E-03    0.3373602210E-03    0.3800183935E-03    0.4214833021E-03    0.4613380251E-03    0.4992982586E-03    0.5351942004E-03    0.5689471746E-03    0.6005484260E-03
        0.0115609128    0.5561566930E-04    0.8850580499E-04    0.1281224006E-03    0.1736277175E-03    0.2239777760E-03    0.2779843151E-03    0.3344018834E-03    0.3920169855E-03    0.4497271309E-03    0.5065932763E-03    0.5618684253E-03    0.6149967710E-03    0.6655993163E-03    0.7134497216E-03    0.7584431289E-03    0.8005679067E-03
        0.0126579159    0.7376903723E-04    0.1173947983E-03    0.1699426814E-03    0.2303014596E-03    0.2970863550E-03    0.3687211683E-03    0.4435538218E-03    0.5199746093E-03    0.5965210644E-03    0.6719475433E-03    0.7452631702E-03    0.8157306991E-03    0.8828474410E-03    0.9463132225E-03    0.1005989010E-02    0.1061859450E-02
        0.0138590124    0.9730741507E-04    0.1548534395E-03    0.2241686268E-03    0.3037871035E-03    0.3918821720E-03    0.4863745589E-03    0.5850848659E-03    0.6858895624E-03    0.7868593430E-03    0.8863509521E-03    0.9830572535E-03    0.1076005729E-02    0.1164533317E-02    0.1248244144E-02    0.1326954899E-02    0.1400645460E-02
        0.0151740797    0.1275028759E-03    0.2029061115E-03    0.2937308428E-03    0.3980562001E-03    0.5134885386E-03    0.6373031366E-03    0.7666440193E-03    0.8987283766E-03    0.1031027901E-02    0.1161389171E-02    0.1288099284E-02    0.1409883891E-02    0.1525874224E-02    0.1635551696E-02    0.1738676259E-02    0.1835221765E-02
        0.0166139325    0.1660449077E-03    0.2642414063E-03    0.3825213696E-03    0.5183830489E-03    0.6687090341E-03    0.8299505627E-03    0.9983878593E-03    0.1170396377E-02    0.1342683028E-02    0.1512443061E-02    0.1677445577E-02    0.1836030960E-02    0.1987067941E-02    0.2129881419E-02    0.2264159052E-02    0.2389867169E-02
        0.0181904113    0.2150379925E-03    0.3422081807E-03    0.4953878224E-03    0.6713365105E-03    0.8660165681E-03    0.1074831401E-02    0.1292962843E-02    0.1515716012E-02    0.1738825369E-02    0.1958658042E-02    0.2172324626E-02    0.2377675850E-02    0.2573246940E-02    0.2758164105E-02    0.2932023372E-02    0.3094781831E-02
        0.0199164806    0.2753946674E-03    0.4382587265E-03    0.6344328420E-03    0.8597663068E-03    0.1109087442E-02    0.1376508305E-02    0.1655857026E-02    0.1941119551E-02    0.2226831809E-02    0.2508340356E-02    0.2781944378E-02    0.3044891385E-02    0.3295305936E-02    0.3532069797E-02    0.3754666450E-02    0.3963042067E-02
        0.0218063349    0.3494222111E-03    0.5560644073E-03    0.8049706263E-03    0.1090873027E-02    0.1407208490E-02    0.1746504386E-02    0.2100927627E-02    0.2462845307E-02    0.2825322599E-02    0.3182453866E-02    0.3529542959E-02    0.3863097715E-02    0.4180739441E-02    0.4481050740E-02    0.4763377710E-02    0.5027653935E-02
        0.0238755154    0.4377730501E-03    0.6966636929E-03    0.1008505121E-02    0.1366695455E-02    0.1763010254E-02    0.2188084455E-02    0.2632101026E-02    0.3085493599E-02    0.3539570750E-02    0.3986931474E-02    0.4421691292E-02    0.4839475280E-02    0.5237304573E-02    0.5613405527E-02    0.5966961085E-02    0.6297890915E-02
        0.0261410384    0.5429888287E-03    0.8641008415E-03    0.1250890455E-02    0.1695165834E-02    0.2186723006E-02    0.2713941474E-02    0.3264639604E-02    0.3826946471E-02    0.4390076946E-02    0.4944848006E-02    0.5483959537E-02    0.6001985540E-02    0.6495233227E-02    0.6961506018E-02    0.7399793854E-02    0.7810001559E-02
        0.0286215345    0.6675345541E-03    0.1062298343E-02    0.1537805050E-02    0.2083978988E-02    0.2688271489E-02    0.3336389764E-02    0.4013350355E-02    0.4704551470E-02    0.5396726983E-02    0.6078582700E-02    0.6741142073E-02    0.7377735186E-02    0.7983825316E-02    0.8556717130E-02    0.9095173945E-02    0.9599085495E-02
        0.0313374022    0.8109138693E-03    0.1290469395E-02    0.1868116338E-02    0.2531609322E-02    0.3265699880E-02    0.4053016353E-02    0.4875346312E-02    0.5714939856E-02    0.6555670236E-02    0.7383809208E-02    0.8188447922E-02    0.8961483358E-02    0.9697407463E-02    0.1039295215E-01    0.1104662126E-01    0.1165828977E-01
        0.0343109759    0.9749988467E-03    0.1551597681E-02    0.2246152980E-02    0.3043936564E-02    0.3926611143E-02    0.4873279330E-02    0.5862029345E-02    0.6871502755E-02    0.7882292486E-02    0.8877878872E-02    0.9845137324E-02    0.1077432197E-01    0.1165881215E-01    0.1249468503E-01    0.1328014818E-01    0.1401506235E-01
        0.0375667089    0.1165164362E-02    0.1854241760E-02    0.2684315759E-02    0.3637781938E-02    0.4692725513E-02    0.5824160879E-02    0.7005884163E-02    0.8212347482E-02    0.9420333295E-02    0.1061007881E-01    0.1176588526E-01    0.1287609852E-01    0.1393280645E-01    0.1493132761E-01    0.1586952629E-01    0.1674724949E-01
        0.0411313750    0.1387959700E-02    0.2208832890E-02    0.3197724297E-02    0.4333662904E-02    0.5590547561E-02    0.6938601743E-02    0.8346587913E-02    0.9784040797E-02    0.1122326708E-01    0.1264069341E-01    0.1401759621E-01    0.1534007897E-01    0.1659871256E-01    0.1778792579E-01    0.1890517920E-01    0.1995030603E-01
        0.0450342886    0.1656627922E-02    0.2636450667E-02    0.3816907872E-02    0.5172970458E-02    0.6673493869E-02    0.8282921784E-02    0.9963940279E-02    0.1168014386E-01    0.1339842933E-01    0.1509061702E-01    0.1673432734E-01    0.1831295396E-01    0.1981523584E-01    0.2123452941E-01    0.2256780735E-01    0.2381488996E-01
        0.0493075457    0.1994189338E-02    0.3173714981E-02    0.4594861963E-02    0.6227491427E-02    0.8034117085E-02    0.9971909619E-02    0.1199590944E-01    0.1406223666E-01    0.1613098207E-01    0.1816817496E-01    0.2014684417E-01    0.2204698453E-01    0.2385504226E-01    0.2556303770E-01    0.2716733774E-01    0.2866775761E-01
        0.0539862877    0.2429008511E-02    0.3865719082E-02    0.5596798169E-02    0.7585485882E-02    0.9786099411E-02    0.1214641110E-01    0.1461159170E-01    0.1712812213E-01    0.1964732627E-01    0.2212778759E-01    0.2453664520E-01    0.2684954633E-01    0.2905001722E-01    0.3112839099E-01    0.3308027880E-01    0.3490551624E-01
        0.0591089906    0.2986685714E-02    0.4753119717E-02    0.6881447922E-02    0.9326338665E-02    0.1203153826E-01    0.1493270967E-01    0.1796233186E-01    0.2105451329E-01    0.2414934850E-01    0.2719591130E-01    0.3015384481E-01    0.3299328579E-01    0.3569408234E-01    0.3824446781E-01    0.4063913070E-01    0.4287797987E-01
        0.0647177816    0.3680525231E-02    0.5856978171E-02    0.8479139550E-02    0.1149088706E-01    0.1482272986E-01    0.1839518790E-01    0.2212491171E-01    0.2593061758E-01    0.2973846685E-01    0.3348577511E-01    0.3712295459E-01    0.4061338676E-01    0.4393244091E-01    0.4706582728E-01    0.5000714602E-01    0.5275645815E-01
        0.0708587849    0.4483168893E-02    0.7133752314E-02    0.1032688617E-01    0.1399384787E-01    0.1804979248E-01    0.2239768385E-01    0.2693586772E-01    0.3156529193E-01    0.3619605848E-01    0.4075196037E-01    0.4517281593E-01    0.4941426363E-01    0.5344654854E-01    0.5725250747E-01    0.6082448431E-01    0.6416273664E-01
        0.0775825017    0.5329593834E-02    0.8480212020E-02    0.1227576643E-01    0.1663425530E-01    0.2145479091E-01    0.2662195141E-01    0.3201492866E-01    0.3751605513E-01    0.4301856320E-01    0.4843199994E-01    0.5368496881E-01    0.5872483998E-01    0.6351631763E-01    0.6803906514E-01    0.7228391357E-01    0.7625120432E-01
        0.0849442250    0.6098002206E-02    0.9703430912E-02    0.1404820368E-01    0.1903873326E-01    0.2456028970E-01    0.3048137520E-01    0.3666430649E-01    0.4297478975E-01    0.4929071070E-01    0.5550838394E-01    0.6154571309E-01    0.6734188802E-01    0.7285585817E-01    0.7806372188E-01    0.8295424805E-01    0.8752735499E-01
        0.0930044946    0.6764950340E-02    0.1076699161E-01    0.1559322818E-01    0.2114110344E-01    0.2728535476E-01    0.3388180191E-01    0.4077908840E-01    0.4782889355E-01    0.5489550878E-01    0.6186291504E-01    0.6863846582E-01    0.7515275692E-01    0.8135823750E-01    0.8722655912E-01    0.9274345085E-01    0.9790757031E-01
        0.1018295948    0.7458200850E-02    0.1187422042E-01    0.1720547878E-01    0.2334127813E-01    0.3014705427E-01    0.3746686525E-01    0.4513614108E-01    0.5299221080E-01    0.6088460748E-01    0.6868320938E-01    0.7628275195E-01    0.8360315492E-01    0.9058852354E-01    0.9720459423E-01    0.1034328666E+00    0.1092700020E+00
        0.1114920997    0.8523186245E-02    0.1357196692E-01    0.1967207024E-01    0.2669896934E-01    0.3450265722E-01    0.4290819542E-01    0.5172993802E-01    0.6078255317E-01    0.6989258315E-01    0.7890838820E-01    0.8770602918E-01    0.9619026051E-01    0.1042939459E+00    0.1119754183E+00    0.1192113701E+00    0.1259968192E+00
        0.1220714697    0.1023775122E-01    0.1629775488E-01    0.2361911592E-01    0.3205157148E-01    0.4141696502E-01    0.5150697329E-01    0.6209984118E-01    0.7297256495E-01    0.8391490873E-01    0.9474242517E-01    0.1053043356E+00    0.1154850968E+00    0.1252038408E+00    0.1344110551E+00    0.1430793221E+00    0.1512038044E+00
        0.1336547051    0.1230355090E-01    0.1957830408E-01    0.2836526330E-01    0.3848250724E-01    0.4971840068E-01    0.6182411334E-01    0.7453320992E-01    0.8757545996E-01    0.1006947975E+00    0.1136669071E+00    0.1263095823E+00    0.1384845382E+00    0.1500963560E+00    0.1610879349E+00    0.1714283597E+00    0.1811140890E+00
        0.1463370617    0.1393800081E-01    0.2218200532E-01    0.3215292347E-01    0.4365085787E-01    0.5644669064E-01    0.7026428888E-01    0.8480166876E-01    0.9974660259E-01    0.1148000828E+00    0.1296997509E+00    0.1442329516E+00    0.1582386473E+00    0.1716058726E+00    0.1842681441E+00    0.1961885848E+00    0.2073623962E+00
        0.1602228341    0.1487780255E-01    0.2370300081E-01    0.3441879549E-01    0.4683153440E-01    0.6071983547E-01    0.7579975677E-01    0.9174697605E-01    0.1082157022E+00    0.1248694462E+00    0.1414108847E+00    0.1575974057E+00    0.1732432337E+00    0.1882179987E+00    0.2024408845E+00    0.2158636078E+00    0.2284748807E+00
        0.1754262130    0.1639314964E-01    0.2613989746E-01    0.3801964876E-01    0.5183796940E-01    0.6737104947E-01    0.8430919026E-01    0.1022861398E+00    0.1209059592E+00    0.1397827279E+00    0.1585759782E+00    0.1770072390E+00    0.1948614871E+00    0.2119856802E+00    0.2282826306E+00    0.2436913443E+00    0.2581939736E+00
        0.1920722248    0.1934223326E-01    0.3082713070E-01    0.4483840745E-01    0.6114477671E-01    0.7948002999E-01    0.9946336497E-01    0.1206483686E+00    0.1425618139E+00    0.1647509865E+00    0.1868219927E+00    0.2084550256E+00    0.2294037096E+00    0.2494929264E+00    0.2686117919E+00    0.2866900568E+00    0.3037080908E+00
        0.2102977595    0.2198977788E-01    0.3505420941E-01    0.5104037413E-01    0.6968985577E-01    0.9070112669E-01    0.1136265590E+00    0.1379481353E+00    0.1631244129E+00    0.1886408361E+00    0.2140497939E+00    0.2389858011E+00    0.2631645614E+00    0.2863816665E+00    0.3085056632E+00    0.3294506690E+00    0.3491901429E+00
        0.2302526962    0.2339587195E-01    0.3738446575E-01    0.5464397303E-01    0.7492984867E-01    0.9794373948E-01    0.1232077539E+00    0.1501648019E+00    0.1782252266E+00    0.2068177493E+00    0.2354344476E+00    0.2636504335E+00    0.2911265169E+00    0.3176114893E+00    0.3429369348E+00    0.3669867055E+00    0.3897151193E+00
        0.2521011363    0.2627291590E-01    0.4202218954E-01    0.6155080670E-01    0.8457132344E-01    0.1107444484E+00    0.1395284553E+00    0.1703033750E+00    0.2024103627E+00    0.2352033055E+00    0.2681006763E+00    0.3006099757E+00    0.3323330893E+00    0.3629713006E+00    0.3923209435E+00    0.4202380072E+00    0.4466616446E+00
        0.2760227522    0.2969535631E-01    0.4752899820E-01    0.6973414038E-01    0.9594815581E-01    0.1257843812E+00    0.1586378844E+00    0.1938244998E+00    0.2306087436E+00    0.2682590791E+00    0.3061097532E+00    0.3435911285E+00    0.3802379147E+00    0.4156971307E+00    0.4497246522E+00    0.4821440556E+00    0.5128766159E+00
        0.3022142655    0.3189018048E-01    0.5122036446E-01    0.7552180263E-01    0.1044032483E+00    0.1374961286E+00    0.1741815610E+00    0.2137338594E+00    0.2553403101E+00    0.2981675749E+00    0.3414402514E+00    0.3844822283E+00    0.4267314557E+00    0.4677534300E+00    0.5072400918E+00    0.5449628385E+00    0.5808098593E+00
        0.3308910644    0.3568077890E-01    0.5738733988E-01    0.8480186909E-01    0.1174398862E+00    0.1549293304E+00    0.1966128675E+00    0.2417012834E+00    0.2892874371E+00    0.3384247917E+00    0.3882220457E+00    0.4378934725E+00    0.4867784682E+00    0.5343600212E+00    0.5802657718E+00    0.6242138321E+00    0.6660595872E+00
        0.3622889751    0.3877449801E-01    0.6258201334E-01    0.9290088194E-01    0.1292041502E+00    0.1711754047E+00    0.2181471368E+00    0.2692714519E+00    0.3235339483E+00    0.3798497924E+00    0.4371799975E+00    0.4945952613E+00    0.5513035464E+00    0.6066759763E+00    0.6602513444E+00    0.7116739928E+00    0.7607515033E+00
        0.3966662010    0.4262014505E-01    0.6897685492E-01    0.1027642143E+00    0.1434054291E+00    0.1906523409E+00    0.2438248505E+00    0.3020106666E+00    0.3640784825E+00    0.4287915088E+00    0.4949466804E+00    0.5614529567E+00    0.6273679721E+00    0.6919329953E+00    0.7545821033E+00    0.8148712508E+00    0.8725495113E+00
        0.4343054463    0.4632072428E-01    0.7526223609E-01    0.1126893870E+00    0.1580188284E+00    0.2111117811E+00    0.2712906843E+00    0.3375772496E+00    0.4087057383E+00    0.4832577478E+00    0.5598299914E+00    0.6371315339E+00    0.7140326865E+00    0.7896116956E+00    0.8631700591E+00    0.9341515656E+00    0.1002229492E+01
        0.4755162407    0.5057472129E-01    0.8246579375E-01    0.1240507772E+00    0.1747509262E+00    0.2345650686E+00    0.3028329909E+00    0.3785168926E+00    0.4602099208E+00    0.5462926509E+00    0.6351332958E+00    0.7252075120E+00    0.8151628220E+00    0.9038805097E+00    0.9904994515E+00    0.1074324308E+01    0.1154932211E+01
        0.5206374847    0.5484453280E-01    0.8984272203E-01    0.1359472604E+00    0.1926268643E+00    0.2600672859E+00    0.3376497890E+00    0.4242801922E+00    0.5183912711E+00    0.6181256959E+00    0.7215762345E+00    0.8269341355E+00    0.9325734895E+00    0.1037132256E+01    0.1139546959E+01    0.1238948629E+01    0.1334792564E+01
        0.5700402368    0.5946706608E-01    0.9789505097E-01    0.1490666192E+00    0.2125322808E+00    0.2887227676E+00    0.3770964096E+00    0.4765170269E+00    0.5852453959E+00    0.7011521320E+00    0.8220057600E+00    0.9456566228E+00    0.1070146879E+01    0.1193816028E+01    0.1315349935E+01    0.1433663404E+01    0.1548057565E+01
        0.6241307649    0.6436565758E-01    0.1065468712E+00    0.1633794902E+00    0.2345477925E+00    0.3208054551E+00    0.4217354770E+00    0.5361780184E+00    0.6622065195E+00    0.7973758722E+00    0.9390686251E+00    0.1084723326E+01    0.1231977283E+01    0.1378803115E+01    0.1523576235E+01    0.1664942775E+01    0.1802009785E+01
        0.6833538873    0.6952213593E-01    0.1158148437E+00    0.1789919013E+00    0.2589420168E+00    0.3568408028E+00    0.4724565067E+00    0.6046292304E+00    0.7512270764E+00    0.9094363648E+00    0.1076178506E+01    0.1248393719E+01    0.1423225352E+01    0.1598195453E+01    0.1771295781E+01    0.1940839742E+01    0.2105691357E+01
        0.7481966305    0.7500979885E-01    0.1258385019E+00    0.1961642809E+00    0.2861729616E+00    0.3975896760E+00    0.5304489085E+00    0.6836250832E+00    0.8547626349E+00    0.1040616623E+01    0.1237556006E+01    0.1441916739E+01    0.1650238916E+01    0.1859491402E+01    0.2067192652E+01    0.2271245250E+01    0.2470210425E+01
        0.8191922345    0.8083335786E-01    0.1366770059E+00    0.2150878282E+00    0.3166707922E+00    0.4438605772E+00    0.5970600493E+00    0.7752214494E+00    0.9757434851E+00    0.1194873064E+01    0.1428314613E+01    0.1671670107E+01    0.1920743063E+01    0.2171824487E+01    0.2421851021E+01    0.2668220561E+01    0.2909119796E+01
        0.8969245379    0.8701978188E-01    0.1484292755E+00    0.2360259789E+00    0.3509913388E+00    0.4966696690E+00    0.6739610506E+00    0.8819504581E+00    0.1117763839E+01    0.1377044960E+01    0.1654695695E+01    0.1945425211E+01    0.2244138314E+01    0.2546297603E+01    0.2848127777E+01    0.3146410538E+01    0.3438873186E+01
        0.9820327791    0.9361013206E-01    0.1612229951E+00    0.2593039401E+00    0.3898127935E+00    0.5572535944E+00    0.7631849385E+00    0.1006891597E+01    0.1285191028E+01    0.1593004473E+01    0.1924260337E+01    0.2272580705E+01    0.2631775635E+01    0.2996299227E+01    0.3361510204E+01    0.3723443751E+01    0.4079269451E+01
        1.0752168532    0.1006454025E+00    0.1752021396E+00    0.2853049143E+00    0.4339492150E+00    0.6271089242E+00    0.8671993173E+00    0.1153782594E+01    0.1483317081E+01    0.1849849356E+01    0.2246122236E+01    0.2664434068E+01    0.3097265137E+01    0.3537848315E+01    0.3980496961E+01    0.4420350555E+01    0.4853909856E+01
        1.1772430677    0.1081716117E+00    0.1905366059E+00    0.3144883498E+00    0.4843838294E+00    0.7080483102E+00    0.9889923957E+00    0.1327139864E+01    0.1718515059E+01    0.2156093938E+01    0.2631170387E+01    0.3134432390E+01    0.3656751684E+01    0.4189892435E+01    0.4726917927E+01    0.5261905495E+01    0.5790565575E+01
        1.2889504441    0.1162463959E+00    0.2074335847E+00    0.3474123013E+00    0.5423114402E+00    0.8022725106E+00    0.1132181620E+01    0.1532406403E+01    0.1998424334E+01    0.2521886463E+01    0.3092311306E+01    0.3698432090E+01    0.4329185745E+01    0.4974585267E+01    0.5626216112E+01    0.6276913913E+01    0.6921471550E+01
        1.4112576178    0.1249358049E+00    0.2261381929E+00    0.3847456700E+00    0.6091716991E+00    0.9124329225E+00    0.1301109486E+01    0.1776079043E+01    0.2332101906E+01    0.2959173349E+01    0.3644633783E+01    0.4374852488E+01    0.5136456315E+01    0.5917392428E+01    0.6707523190E+01    0.7498257312E+01    0.8283344702E+01
        1.5451703927    0.1343106139E+00    0.2469395978E+00    0.4272914994E+00    0.6866984338E+00    0.1041714149E+01    0.1500960425E+01    0.2065852538E+01    0.2730179470E+01    0.3481851143E+01    0.4305537182E+01    0.5184764055E+01    0.6103426381E+01    0.7047065615E+01    0.8003567940E+01    0.8962735727E+01    0.9917163151E+01
        1.6917900122    0.1444702305E+00    0.2702000898E+00    0.4760345180E+00    0.7770003929E+00    0.1193956619E+01    0.1737922728E+01    0.2410806490E+01    0.3205052747E+01    0.4105932391E+01    0.5094849213E+01    0.6151937485E+01    0.7257897835E+01    0.8395513275E+01    0.9550447350E+01    0.1071073830E+02    0.1186773852E+02
        1.8523222157    0.1555240491E+00    0.2963448444E+00    0.5321476219E+00    0.8825906759E+00    0.1373707405E+01    0.2019246302E+01    0.2821443129E+01    0.3770865453E+01    0.4849441848E+01    0.6034605190E+01    0.7302483847E+01    0.8630097693E+01    0.9997124496E+01    0.1138678484E+02    0.1278523670E+02    0.1418254792E+02
        2.0280871538    0.1676056914E+00    0.3258905041E+00    0.5970487192E+00    0.1006482421E+01    0.1586351836E+01    0.2353388450E+01    0.3309810785E+01    0.4443568597E+01    0.5732372954E+01    0.7148871183E+01    0.8664523350E+01    0.1025217975E+02    0.1188809726E+02    0.1355288303E+02    0.1523076330E+02    0.1691053940E+02
        2.2205302450    0.1808744911E+00    0.3594562148E+00    0.6724337872E+00    0.1152248280E+01    0.1838184310E+01    0.2750059106E+01    0.3889473949E+01    0.5240766090E+01    0.6776369537E+01    0.8463235700E+01    0.1026747322E+02    0.1215730392E+02    0.1410531027E+02    0.1608939141E+02    0.1809187916E+02    0.2010040287E+02
        2.4312340620    0.1956174265E+00    0.3979561048E+00    0.7606051551E+00    0.1324512646E+01    0.2137064728E+01    0.3221012577E+01    0.4576396988E+01    0.6182649050E+01    0.8005680788E+01    0.1000576865E+02    0.1214300428E+02    0.1438058985E+02    0.1668727481E+02    0.1903825646E+02    0.2141412004E+02    0.2380150511E+02
        2.6619313461    0.2118576033E+00    0.4419215359E+00    0.8633854836E+00    0.1527330465E+01    0.2490111623E+01    0.3776905933E+01    0.5384846583E+01    0.7286867574E+01    0.9440976810E+01    0.1179979473E+02    0.1431681260E+02    0.1694994140E+02    0.1966407170E+02    0.2243182819E+02    0.2523232611E+02    0.2805148619E+02
        2.9145192568    0.2299880009E+00    0.4926286636E+00    0.9839549991E+00    0.1766895614E+01    0.2907395178E+01    0.4432041175E+01    0.6333223419E+01    0.8575483992E+01    0.1110745011E+02    0.1387316131E+02    0.1681905949E+02    0.1989764926E+02    0.2307009277E+02    0.2630670418E+02    0.2958554190E+02    0.3289215950E+02
        3.1910749729    0.2503123002E+00    0.5513060063E+00    0.1125574065E+01    0.2049606374E+01    0.3399148104E+01    0.5200550976E+01    0.7439117471E+01    0.1006886794E+02    0.1302758167E+02    0.1624994387E+02    0.1967510178E+02    0.2325023545E+02    0.2693308529E+02    0.3069205064E+02    0.3450468429E+02    0.3835658303E+02
        3.4938727747    0.2733227383E+00    0.6196477354E+00    0.1292424951E+01    0.2383268193E+01    0.3977326597E+01    0.6098319208E+01    0.8721624663E+01    0.1178847781E+02    0.1522446657E+02    0.1895438695E+02    0.2291010165E+02    0.2703376574E+02    0.3128018497E+02    0.3561636066E+02    0.4002002345E+02    0.4447725135E+02
        3.8254027466    0.2993877611E+00    0.6992567591E+00    0.1488661756E+01    0.2775571766E+01    0.4653339731E+01    0.7139860042E+01    0.1019737021E+02    0.1375209362E+02    0.1771635305E+02    0.2200484868E+02    0.2654246723E+02    0.3126686583E+02    0.3613057870E+02    0.4109982682E+02    0.4615332719E+02    0.5127806536E+02
        4.1883912545    0.3290606522E+00    0.7922162396E+00    0.1719331115E+01    0.3235382132E+01    0.5439730776E+01    0.8340469314E+01    0.1188325734E+02    0.1597729552E+02    0.2052095127E+02    0.2541899842E+02    0.3058996416E+02    0.3596775047E+02    0.4150344587E+02    0.4716318560E+02    0.5292760296E+02    0.5878496672E+02
        4.5858233661    0.3630493373E+00    0.9010485340E+00    0.1990261790E+01    0.3772461224E+01    0.6349683169E+01    0.9715561773E+01    0.1379574442E+02    0.1848078730E+02    0.2365487398E+02    0.2921341082E+02    0.3506948167E+02    0.4115417499E+02    0.4741811235E+02    0.5382809474E+02    0.6036772592E+02    0.6702684648E+02
        5.0209673996    0.4021411723E+00    0.1028573575E+01    0.2307752643E+01    0.4396872093E+01    0.7396117116E+01    0.1127954313E+02    0.1594960659E+02    0.2127712560E+02    0.2713236220E+02    0.3340228981E+02    0.3999575423E+02    0.4684216173E+02    0.5389279870E+02    0.6111592507E+02    0.6849929803E+02    0.7603449690E+02
        5.4974018001    0.4472608054E+00    0.1178006640E+01    0.2678651507E+01    0.5118992519E+01    0.8591702854E+01    0.1304596017E+02    0.1835832977E+02    0.2437938908E+02    0.3096620793E+02    0.3799861238E+02    0.4538270861E+02    0.5304754681E+02    0.6094636982E+02    0.6904971483E+02    0.7735079616E+02    0.8584294428E+02
        6.0190445678    0.4995272195E+00    0.1353049054E+01    0.3110416221E+01    0.5949532426E+01    0.9948940599E+01    0.1502777331E+02    0.2103462713E+02    0.2779990976E+02    0.3516864723E+02    0.4301515131E+02    0.5124461383E+02    0.5978726646E+02    0.6859975872E+02    0.7765571589E+02    0.8695519360E+02    0.9649310162E+02
        6.5901854779    0.5604135679E+00    0.1558178952E+01    0.3611530546E+01    0.6900136415E+01    0.1148110354E+02    0.1723874381E+02    0.2399226018E+02    0.3155245830E+02    0.3975385469E+02    0.4846726831E+02    0.5759918910E+02    0.6708278534E+02    0.7687968502E+02    0.8696734054E+02    0.9735402368E+02    0.1080358540E+03
        7.2155213579    0.6310728702E+00    0.1797242257E+01    0.4188919241E+01    0.7979432147E+01    0.1319685952E+02    0.1968655756E+02    0.2723755809E+02    0.3564209505E+02    0.4472615365E+02    0.5435958240E+02    0.6445284036E+02    0.7494396907E+02    0.8580116377E+02    0.9700626466E+02    0.1085769840E+03    0.1205101079E+03
        7.9001947124    0.7133255094E+00    0.2075371522E+01    0.4851264197E+01    0.9198181576E+01    0.1510759967E+02    0.2238244084E+02    0.3078129452E+02    0.4007927245E+02    0.5009634278E+02    0.6070452216E+02    0.7182137526E+02    0.8339179984E+02    0.9539197132E+02    0.1078083756E+03    0.1206690911E+03    0.1339709670E+03
        8.6498360130    0.8092081879E+00    0.2398021806E+01    0.5607264233E+01    0.1056669274E+02    0.1722390506E+02    0.2533652686E+02    0.3463285205E+02    0.4487282000E+02    0.5587361837E+02    0.6751329766E+02    0.7972002985E+02    0.9244734366E+02    0.1056803712E+03    0.1194101109E+03    0.1336755635E+03    0.1484731981E+03
        9.4706100008    0.9208353671E+00    0.2770601021E+01    0.6464966301E+01    0.1209390109E+02    0.1955433133E+02    0.2855624573E+02    0.3879819714E+02    0.5002759577E+02    0.6206303208E+02    0.7479320419E+02    0.8816047713E+02    0.1021282093E+03    0.1166907866E+03    0.1318432463E+03    0.1476358288E+03    0.1640646489E+03
       10.3692663829    0.1050719645E+01    0.3199058558E+01    0.7432833068E+01    0.1378907688E+02    0.2210776082E+02    0.3204928704E+02    0.4328350104E+02    0.5554888979E+02    0.6867076313E+02    0.8255366242E+02    0.9715731543E+02    0.1124551447E+03    0.1284503527E+03    0.1451415041E+03    0.1625905680E+03    0.1807940703E+03
       11.3531953391    0.1201563720E+01    0.3689390112E+01    0.8518907622E+01    0.1566060497E+02    0.2489167666E+02    0.3582132374E+02    0.4809240221E+02    0.6143938470E+02    0.7570083005E+02    0.9080246922E+02    0.1067234833E+03    0.1234464325E+03    0.1409825092E+03    0.1593338223E+03    0.1785753141E+03    0.1987054259E+03
       12.4304882957    0.1376603214E+01    0.4248309732E+01    0.9732050713E+01    0.1771785091E+02    0.2791464065E+02    0.3987914690E+02    0.5322993810E+02    0.6770401796E+02    0.8316078177E+02    0.9955189958E+02    0.1168763939E+03    0.1351241700E+03    0.1543140330E+03    0.1744527951E+03    0.1956307432E+03    0.2178500295E+03
       13.6100044661    0.1579280403E+01    0.4882528967E+01    0.1108070147E+02    0.1996926301E+02    0.3118363914E+02    0.4422730570E+02    0.5869864810E+02    0.7434565523E+02    0.9105670532E+02    0.1088125817E+03    0.1276306466E+03    0.1475064995E+03    0.1684677001E+03    0.1905282383E+03    0.2137969076E+03    0.2382809200E+03
       14.9014437053    0.1812220527E+01    0.5596567176E+01    0.1256908340E+02    0.2241674077E+02    0.3469651710E+02    0.4885870481E+02    0.6448754181E+02    0.8135246152E+02    0.9937860058E+02    0.1185765424E+03    0.1389793199E+03    0.1605882597E+03    0.1834428830E+03    0.2075674279E+03    0.2330920517E+03    0.2600294700E+03
       16.3154262774    0.2079463068E+01    0.6397475879E+01    0.1420551125E+02    0.2506793219E+02    0.3845856231E+02    0.5377570429E+02    0.7059786226E+02    0.8872805308E+02    0.1081342105E+03    0.1288546132E+03    0.1509359659E+03    0.1743882346E+03    0.1992673692E+03    0.2256101048E+03    0.2535693751E+03    0.2831632049E+03
       17.8635801925    0.2385066800E+01    0.7291890769E+01    0.1599718367E+02    0.2792841821E+02    0.4247196383E+02    0.5897696884E+02    0.7702745396E+02    0.9647302712E+02    0.1173272884E+03    0.1396523030E+03    0.1635094863E+03    0.1889228227E+03    0.2159682747E+03    0.2446953964E+03    0.2752793204E+03    0.3077433355E+03
       19.5586368304    0.2732876039E+01    0.8285548617E+01    0.1794934866E+02    0.3100050834E+02    0.4673433285E+02    0.6445592105E+02    0.8376916255E+02    0.1045826876E+03    0.1269545853E+03    0.1509675322E+03    0.1767029982E+03    0.2042043187E+03    0.2335679751E+03    0.2648547321E+03    0.2982594051E+03    0.3338119441E+03
       21.4145356385    0.3127086940E+01    0.9384493154E+01    0.2006738439E+02    0.3428630978E+02    0.5124293063E+02    0.7020633926E+02    0.9081760738E+02    0.1130542614E+03    0.1370142319E+03    0.1628015774E+03    0.1905259622E+03    0.2202518777E+03    0.2520931228E+03    0.2861186392E+03    0.3225410079E+03    0.3614019615E+03
       23.4465387640    0.3572005568E+01    0.1059456735E+02    0.2235590758E+02    0.3778646249E+02    0.5599315561E+02    0.7622076953E+02    0.9816708358E+02    0.1218838355E+03    0.1475033120E+03    0.1751574200E+03    0.2049906155E+03    0.2370846254E+03    0.2715645872E+03    0.3085064086E+03    0.3481448028E+03    0.3905435967E+03
       25.6713565631    0.4072434862E+01    0.1192221230E+02    0.2482012843E+02    0.4150215647E+02    0.6098141054E+02    0.8249434448E+02    0.1058156242E+03    0.1310708885E+03    0.1584244917E+03    0.1880466797E+03    0.2201163570E+03    0.2547240059E+03    0.2920008018E+03    0.3320384116E+03    0.3751052494E+03    0.4212935413E+03
       28.1072850208    0.4632898511E+01    0.1337284400E+02    0.2746311188E+02    0.4543130289E+02    0.6620035411E+02    0.8901909499E+02    0.1137575967E+03    0.1406103051E+03    0.1697781639E+03    0.2014782251E+03    0.2359145474E+03    0.2731769156E+03    0.3134105819E+03    0.3567373579E+03    0.4034681667E+03    0.4537142989E+03
       30.7743562090    0.5257884183E+01    0.1495136273E+02    0.3028672459E+02    0.4957008079E+02    0.7164128178E+02    0.9578694220E+02    0.1219866349E+03    0.1504971799E+03    0.1815674001E+03    0.2154602155E+03    0.2523897135E+03    0.2924462244E+03    0.3358120224E+03    0.3826422342E+03    0.4332778947E+03    0.4878478809E+03
       33.6945030221    0.5951845894E+01    0.1666213235E+02    0.3329168764E+02    0.5391325173E+02    0.7729494612E+02    0.1027905005E+03    0.1304963457E+03    0.1607293643E+03    0.1937977446E+03    0.2299982075E+03    0.2695415193E+03    0.3125456821E+03    0.3592344169E+03    0.4097854091E+03    0.4645519577E+03    0.5236982008E+03
       36.8917395444    0.6719154774E+01    0.1850881545E+02    0.3647731923E+02    0.5845405669E+02    0.8315190018E+02    0.1100230786E+03    0.1392812924E+03    0.1713082696E+03    0.2064761078E+03    0.2450922952E+03    0.2873778912E+03    0.3334986679E+03    0.3837015022E+03    0.4381674634E+03    0.4972922406E+03    0.5612861111E+03
       40.3923585315    0.7564053935E+01    0.2049423413E+02    0.3984117954E+02    0.6318378172E+02    0.8920223962E+02    0.1174781211E+03    0.1483375878E+03    0.1822387021E+03    0.2196072604E+03    0.2607441137E+03    0.3059187151E+03    0.3553252527E+03    0.4092101114E+03    0.4677936186E+03    0.5315219103E+03    0.6006638050E+03
       44.2251476316    0.8490616031E+01    0.2262036390E+02    0.4337897690E+02    0.6809139896E+02    0.9543494601E+02    0.1251476563E+03    0.1576623336E+03    0.1935267746E+03    0.2331902806E+03    0.2769681651E+03    0.3251817528E+03    0.3780270994E+03    0.4357664809E+03    0.4986918533E+03    0.5672836241E+03    0.6418244099E+03
       48.4216261230    0.9502688595E+01    0.2488843741E+02    0.4708506612E+02    0.7316428125E+02    0.1018378998E+03    0.1330210220E+03    0.1672535027E+03    0.2051718574E+03    0.2472271724E+03    0.2937781096E+03    0.3451761588E+03    0.4015975427E+03    0.4634072844E+03    0.5308765516E+03    0.6045622222E+03    0.6847937411E+03
       53.0163041156    0.1060381189E+02    0.2729895960E+02    0.5095320368E+02    0.7839005711E+02    0.1083996129E+03    0.1410879793E+03    0.1771075743E+03    0.2171681705E+03    0.2617196478E+03    0.3111824408E+03    0.3658834479E+03    0.4260738947E+03    0.4921088357E+03    0.5643626838E+03    0.6433512552E+03    0.7295982528E+03
       58.0469663481    0.1179711564E+02    0.2985141308E+02    0.5497663628E+02    0.8375821394E+02    0.1151125190E+03    0.1493425723E+03    0.1872236337E+03    0.2295096407E+03    0.2766707907E+03    0.3291680332E+03    0.3873071966E+03    0.4514380122E+03    0.5218860419E+03    0.5991048387E+03    0.6837311111E+03    0.7761536501E+03
       63.5549829136    0.1308524890E+02    0.3254377569E+02    0.5914684253E+02    0.8925943928E+02    0.1219725456E+03    0.1577864371E+03    0.1976089863E+03    0.2421936575E+03    0.2920976401E+03    0.3477032839E+03    0.4094802861E+03    0.4776308332E+03    0.5527511972E+03    0.6351131024E+03    0.7255745043E+03    0.8246092459E+03
       69.5856494710    0.1447035661E+02    0.3537265613E+02    0.6345226444E+02    0.9488155493E+02    0.1289736109E+03    0.1664286938E+03    0.2082621992E+03    0.2552563543E+03    0.3079734516E+03    0.3668546466E+03    0.4323169255E+03    0.5047611371E+03    0.5845627354E+03    0.6724556838E+03    0.7688618203E+03    0.8747955852E+03
       76.1885597370    0.1595396536E+02    0.3833410393E+02    0.6788039271E+02    0.1006097619E+03    0.1361052550E+03    0.1752637769E+03    0.2191905157E+03    0.2687038954E+03    0.3243226118E+03    0.3866093953E+03    0.4558901296E+03    0.5327154409E+03    0.6175184408E+03    0.7108741682E+03    0.8138075682E+03    0.9265894517E+03
       83.4180133251    0.1753676629E+02    0.4142322972E+02    0.7242096808E+02    0.1064350481E+03    0.1433551223E+03    0.1842845196E+03    0.2303981093E+03    0.2824906039E+03    0.3412053544E+03    0.4068860768E+03    0.4802778177E+03    0.5614846292E+03    0.6515314804E+03    0.7506491716E+03    0.8599900195E+03    0.9804471283E+03
       91.3334622825    0.1921856741E+02    0.4463281783E+02    0.7706226916E+02    0.1123521485E+03    0.1507271492E+03    0.1935062963E+03    0.2418514683E+03    0.2966780450E+03    0.3584663630E+03    0.4278566104E+03    0.5052000313E+03    0.5913184530E+03    0.6863717090E+03    0.7917856460E+03    0.9077175642E+03    0.1035751174E+04
      100.0000000000    0.2099831283E+02    0.4795427739E+02    0.8178816709E+02    0.1183518632E+03    0.1582328322E+03    0.2029102464E+03    0.2536204515E+03    0.3112150230E+03    0.3762201778E+03    0.4493116918E+03    0.5309347269E+03    0.6217284896E+03    0.7225460566E+03    0.8337131830E+03    0.9571737528E+03    0.1092737628E+04
