               #####        0.2000000000        0.2533333333        0.3066666667        0.3600000000        0.4133333333        0.4666666667        0.5200000000        0.5733333333        0.6266666667        0.6800000000        0.7333333333        0.7866666667        0.8400000000        0.8933333333        0.9466666667        1.0000000000
        0.0010000000    0.1369088324E-07    0.2182459304E-07    0.3167267622E-07    0.4306617433E-07    0.5578913357E-07    0.6958759827E-07    0.8418457232E-07    0.9929703608E-07    0.1146535810E-06    0.1300082792E-06    0.1451507812E-06    0.1599106441E-06    0.1741578649E-06    0.1878004905E-06    0.2007794753E-06    0.2130630332E-06
        0.0010948890    0.1954970369E-07    0.3116411990E-07    0.4522655143E-07    0.6149573640E-07    0.7966330666E-07    0.9936662980E-07    0.1202101732E-06    0.1417898030E-06    0.1637179653E-06    0.1856434907E-06    0.2072660140E-06    0.2283421537E-06    0.2486862738E-06    0.2681670711E-06    0.2867002325E-06    0.3042403686E-06
        0.0011987818    0.2790216626E-07    0.4447875368E-07    0.6454925237E-07    0.8776932318E-07    0.1136988500E-06    0.1418202685E-06    0.1715690578E-06    0.2023684211E-06    0.2336652250E-06    0.2649582661E-06    0.2958188500E-06    0.3258996130E-06    0.3549356074E-06    0.3827394317E-06    0.4091907506E-06    0.4342247813E-06
        0.0013125330    0.3980100533E-07    0.6344665483E-07    0.9207618909E-07    0.1251984260E-06    0.1621855626E-06    0.2022993200E-06    0.2447344384E-06    0.2886681468E-06    0.3333114293E-06    0.3779493449E-06    0.4219703838E-06    0.4648790492E-06    0.5062974073E-06    0.5459581396E-06    0.5836895939E-06    0.6193993587E-06
        0.0014370779    0.5674218164E-07    0.9045252959E-07    0.1312681376E-06    0.1784887534E-06    0.2312193516E-06    0.2884074074E-06    0.3489049046E-06    0.4115388625E-06    0.4751844234E-06    0.5388223343E-06    0.6015807983E-06    0.6627534124E-06    0.7218013765E-06    0.7783435890E-06    0.8321353346E-06    0.8830448636E-06
        0.0015734408    0.8083843754E-07    0.1288642937E-06    0.1870127449E-06    0.2542861680E-06    0.3294094544E-06    0.4108831120E-06    0.4970716058E-06    0.5863038350E-06    0.6769772581E-06    0.7676397844E-06    0.8570493985E-06    0.9441997154E-06    0.1028323127E-05    0.1108876694E-05    0.1185511778E-05    0.1258040675E-05
        0.0017227429    0.1150840491E-06    0.1834551131E-06    0.2662370098E-06    0.3620094931E-06    0.4689572796E-06    0.5849456470E-06    0.7076461986E-06    0.8346799055E-06    0.9637653416E-06    0.1092835268E-05    0.1220121514E-05    0.1344191362E-05    0.1463952021E-05    0.1578630547E-05    0.1687730608E-05    0.1790984974E-05
        0.0018862122    0.1637058274E-06    0.2609629336E-06    0.3787192950E-06    0.5149546264E-06    0.6670867068E-06    0.8320789169E-06    0.1006619138E-05    0.1187323228E-05    0.1370945883E-05    0.1554546481E-05    0.1735609820E-05    0.1912097874E-05    0.2082456164E-05    0.2245585182E-05    0.2400778904E-05    0.2547657183E-05
        0.0020651929    0.2326600951E-06    0.3708827103E-06    0.5382390384E-06    0.7318578334E-06    0.9480692210E-06    0.1182557533E-05    0.1430615559E-05    0.1687433729E-05    0.1948399795E-05    0.2209334519E-05    0.2466663280E-05    0.2717489621E-05    0.2959604304E-05    0.3191444702E-05    0.3412007405E-05    0.3620752124E-05
        0.0022611570    0.3303102072E-06    0.5265464399E-06    0.7641441388E-06    0.1039026962E-05    0.1345984748E-05    0.1678890492E-05    0.2031061317E-05    0.2395669023E-05    0.2766165550E-05    0.3136617594E-05    0.3501950226E-05    0.3858051317E-05    0.4201784392E-05    0.4530930972E-05    0.4844066507E-05    0.5140423898E-05
        0.0024757158    0.4684124193E-06    0.7466947320E-06    0.1083631678E-05    0.1473442603E-05    0.1908738982E-05    0.2380832122E-05    0.2880245045E-05    0.3397294696E-05    0.3922695287E-05    0.4448032812E-05    0.4966110533E-05    0.5471097052E-05    0.5958544543E-05    0.6425306990E-05    0.6869364237E-05    0.7289628399E-05
        0.0027106339    0.6634460682E-06    0.1057597244E-05    0.1534825176E-05    0.2086942310E-05    0.2703483748E-05    0.3372143071E-05    0.4079497359E-05    0.4811831814E-05    0.5555994319E-05    0.6300067527E-05    0.7033858191E-05    0.7749106898E-05    0.8439513885E-05    0.9100623228E-05    0.9729573637E-05    0.1032482415E-04
        0.0029678432    0.9384125633E-06    0.1495920447E-05    0.2170936406E-05    0.2951879532E-05    0.3823947731E-05    0.4769734164E-05    0.5770252761E-05    0.6806104609E-05    0.7858686685E-05    0.8911142492E-05    0.9949054195E-05    0.1096073927E-04    0.1193728702E-04    0.1287239477E-04    0.1376201536E-04    0.1460396900E-04
        0.0032494587    0.1325252608E-05    0.2112580914E-05    0.3065857420E-05    0.4168727239E-05    0.5400286431E-05    0.6735952569E-05    0.8148912996E-05    0.9611772035E-05    0.1109825800E-04    0.1258456569E-04    0.1405033388E-04    0.1547906421E-04    0.1685817277E-04    0.1817875876E-04    0.1943510668E-04    0.2062413787E-04
        0.0035577965    0.1868641211E-05    0.2978794928E-05    0.4322939982E-05    0.5878015538E-05    0.7614546480E-05    0.9497870932E-05    0.1149018234E-04    0.1355285211E-04    0.1564883648E-04    0.1774456957E-04    0.1981134154E-04    0.2182588933E-04    0.2377046933E-04    0.2563253124E-04    0.2740401603E-04    0.2908058225E-04
        0.0038953921    0.2629928719E-05    0.4192360877E-05    0.6084112804E-05    0.8272728624E-05    0.1071672499E-04    0.1336731871E-04    0.1617130079E-04    0.1907430530E-04    0.2202419685E-04    0.2497373483E-04    0.2788251306E-04    0.3071779115E-04    0.3345459683E-04    0.3607526681E-04    0.3856845881E-04    0.4092806193E-04
        0.0042650218    0.3694133748E-05    0.5888806655E-05    0.8546059078E-05    0.1162030178E-04    0.1505326508E-04    0.1877642555E-04    0.2271504308E-04    0.2679275251E-04    0.3093632189E-04    0.3507939471E-04    0.3916521452E-04    0.4314779262E-04    0.4699205180E-04    0.5067318141E-04    0.5417524952E-04    0.5748967118E-04
        0.0046697254    0.5177537881E-05    0.8253496341E-05    0.1197778614E-04    0.1628651130E-04    0.2109800349E-04    0.2631622318E-04    0.3183641786E-04    0.3755155746E-04    0.4335900338E-04    0.4916575339E-04    0.5489226034E-04    0.6047406873E-04    0.6586201607E-04    0.7102132902E-04    0.7592967811E-04    0.8057502904E-04
        0.0051128308    0.7239696189E-05    0.1154077614E-04    0.1674841075E-04    0.2277325485E-04    0.2950111231E-04    0.3679769197E-04    0.4451651944E-04    0.5250793576E-04    0.6062842262E-04    0.6874793632E-04    0.7675524729E-04    0.8456022848E-04    0.9209413692E-04    0.9930834974E-04    0.1061716440E-03    0.1126671889E-03
        0.0055979820    0.1009699218E-04    0.1609558224E-04    0.2335851726E-04    0.3176118990E-04    0.4114433390E-04    0.5132065704E-04    0.6208587564E-04    0.7323126475E-04    0.8455666384E-04    0.9588070520E-04    0.1070482608E-03    0.1179336339E-03    0.1284409512E-03    0.1385024005E-03    0.1480744361E-03    0.1571335794E-03
        0.0061291687    0.1404220325E-04    0.2238463006E-04    0.3248542050E-04    0.4417127883E-04    0.5722070791E-04    0.7137323412E-04    0.8634475336E-04    0.1018449853E-03    0.1175955607E-03    0.1333442465E-03    0.1488753024E-03    0.1640139189E-03    0.1786267634E-03    0.1926195281E-03    0.2059316532E-03    0.2185304774E-03
        0.0067107592    0.1946971326E-04    0.3103660549E-04    0.4504149284E-04    0.6124409750E-04    0.7933730963E-04    0.9895997783E-04    0.1197181871E-03    0.1412094593E-03    0.1630478320E-03    0.1848835816E-03    0.2064175827E-03    0.2274074612E-03    0.2476683515E-03    0.2670694964E-03    0.2855269296E-03    0.3029953516E-03
        0.0073475362    0.2690278033E-04    0.4288563231E-04    0.6223724554E-04    0.8462560849E-04    0.1096263623E-03    0.1367404750E-03    0.1654236425E-03    0.1951197299E-03    0.2252954239E-03    0.2554674864E-03    0.2852225954E-03    0.3142258478E-03    0.3422218038E-03    0.3690297893E-03    0.3945337831E-03    0.4186711685E-03
        0.0080447363    0.3703776958E-04    0.5904178339E-04    0.8568365704E-04    0.1165062988E-03    0.1509254794E-03    0.1882541645E-03    0.2277429938E-03    0.2686263195E-03    0.3101699157E-03    0.3517084978E-03    0.3926730388E-03    0.4326024735E-03    0.4711451369E-03    0.5080522952E-03    0.5431642221E-03    0.5763946745E-03
        0.0088080930    0.5078340518E-04    0.8095365212E-04    0.1174829786E-03    0.1597446501E-03    0.2069376091E-03    0.2581198394E-03    0.3122638687E-03    0.3683198950E-03    0.4252812024E-03    0.4822356063E-03    0.5384029057E-03    0.5931509312E-03    0.6459975156E-03    0.6966016231E-03    0.7447442540E-03    0.7903070987E-03
        0.0096438838    0.6932155635E-04    0.1105052508E-03    0.1603693561E-03    0.2180583439E-03    0.2824787248E-03    0.3523445937E-03    0.4262533953E-03    0.5027720974E-03    0.5805264873E-03    0.6582713978E-03    0.7349418307E-03    0.8096748615E-03    0.8818123263E-03    0.9508887127E-03    0.1016605086E-02    0.1078799853E-02
        0.0105589819    0.9415943290E-04    0.1500992093E-03    0.2178295596E-03    0.2961884022E-03    0.3836904285E-03    0.4785889701E-03    0.5789789155E-03    0.6829137629E-03    0.7885269161E-03    0.8941270722E-03    0.9982676626E-03    0.1099776603E-02    0.1197759938E-02    0.1291585393E-02    0.1380846945E-02    0.1465324952E-02
        0.0115609128    0.1272010348E-03    0.2027706783E-03    0.2942682945E-03    0.4001239804E-03    0.5183311740E-03    0.6465302364E-03    0.7821474904E-03    0.9225533571E-03    0.1065226221E-02    0.1207881292E-02    0.1348564414E-02    0.1485692248E-02    0.1618057194E-02    0.1744805156E-02    0.1865387671E-02    0.1979507783E-02
        0.0126579159    0.1707876862E-03    0.2722519652E-03    0.3951020375E-03    0.5372300103E-03    0.6959416913E-03    0.8680688179E-03    0.1050155751E-02    0.1238671812E-02    0.1430231306E-02    0.1621766547E-02    0.1810653808E-02    0.1994767267E-02    0.2172485604E-02    0.2342662140E-02    0.2504560534E-02    0.2657781684E-02
        0.0138590124    0.2277686758E-03    0.3630850818E-03    0.5269222635E-03    0.7164689729E-03    0.9281320246E-03    0.1157685982E-02    0.1400522157E-02    0.1651931817E-02    0.1907399630E-02    0.2162834430E-02    0.2414737181E-02    0.2660272916E-02    0.2897279514E-02    0.3124227865E-02    0.3340136059E-02    0.3544471223E-02
        0.0151740797    0.3013153648E-03    0.4803254705E-03    0.6970655788E-03    0.9478165449E-03    0.1227824751E-02    0.1531500146E-02    0.1852745686E-02    0.2185332017E-02    0.2523285718E-02    0.2861194588E-02    0.3194429847E-02    0.3519241285E-02    0.3832768846E-02    0.4132989902E-02    0.4418605662E-02    0.4688910205E-02
        0.0166139325    0.3958747921E-03    0.6310617729E-03    0.9158186089E-03    0.1245258599E-02    0.1613135853E-02    0.2012105538E-02    0.2434156774E-02    0.2871104977E-02    0.3315101993E-02    0.3759037219E-02    0.4196829523E-02    0.4623552202E-02    0.5035448154E-02    0.5429860542E-02    0.5805083424E-02    0.6160187912E-02
        0.0181904113    0.5156807595E-03    0.8220424817E-03    0.1192973924E-02    0.1622108536E-02    0.2101309126E-02    0.2621006990E-02    0.3170765959E-02    0.3739923891E-02    0.4318257284E-02    0.4896503821E-02    0.5466742595E-02    0.6022556800E-02    0.6559053370E-02    0.7072772542E-02    0.7561493065E-02    0.8024002885E-02
        0.0199164806    0.6630328422E-03    0.1056933072E-02    0.1533850452E-02    0.2085597650E-02    0.2701710556E-02    0.3369884511E-02    0.4076699776E-02    0.4808446559E-02    0.5551979693E-02    0.6295390556E-02    0.7028495876E-02    0.7743046756E-02    0.8432753739E-02    0.9093170333E-02    0.9721442190E-02    0.1031600769E-01
        0.0218063349    0.8418158486E-03    0.1341924645E-02    0.1947429919E-02    0.2647933653E-02    0.3430146840E-02    0.4278443716E-02    0.5175783290E-02    0.6104757232E-02    0.7048675300E-02    0.7992418500E-02    0.8923059561E-02    0.9830128056E-02    0.1070564187E-01    0.1154395897E-01    0.1234145835E-01    0.1309615255E-01
        0.0238755154    0.1051883667E-02    0.1676783610E-02    0.2433371979E-02    0.3308651354E-02    0.4286011427E-02    0.5345922119E-02    0.6467085763E-02    0.7627747139E-02    0.8807050185E-02    0.9986104190E-02    0.1114875890E-01    0.1228193535E-01    0.1337566466E-01    0.1442290226E-01    0.1541912822E-01    0.1636185155E-01
        0.0261410384    0.1296725329E-02    0.2067067237E-02    0.2999733253E-02    0.4078692051E-02    0.5283457772E-02    0.6589945528E-02    0.7971892992E-02    0.9402476462E-02    0.1085598406E-01    0.1230913027E-01    0.1374201102E-01    0.1513851081E-01    0.1648634947E-01    0.1777685225E-01    0.1900445552E-01    0.2016607756E-01
        0.0286215345    0.1573997574E-02    0.2509037172E-02    0.3641082930E-02    0.4950661969E-02    0.6412893324E-02    0.7998528083E-02    0.9675676877E-02    0.1141177324E-01    0.1317560568E-01    0.1493891351E-01    0.1667754549E-01    0.1837195271E-01    0.2000724384E-01    0.2157290451E-01    0.2306219480E-01    0.2447135730E-01
        0.0313374022    0.1873388861E-02    0.2986259928E-02    0.4333578896E-02    0.5892152270E-02    0.7632347975E-02    0.9519335487E-02    0.1151514449E-01    0.1358100411E-01    0.1567976316E-01    0.1777778996E-01    0.1984635057E-01    0.2186219380E-01    0.2380761486E-01    0.2567011928E-01    0.2744170221E-01    0.2911786224E-01
        0.0343109759    0.2183288602E-02    0.3480236106E-02    0.5050389372E-02    0.6866702096E-02    0.8894621177E-02    0.1109353423E-01    0.1341917187E-01    0.1582633707E-01    0.1827172811E-01    0.2071615360E-01    0.2312613813E-01    0.2547460201E-01    0.2774093311E-01    0.2991059257E-01    0.3197426982E-01    0.3392666682E-01
        0.0375667089    0.2494001261E-02    0.3975520960E-02    0.5769118729E-02    0.7843887156E-02    0.1016033859E-01    0.1267206071E-01    0.1532846417E-01    0.1807790445E-01    0.2087090983E-01    0.2366271342E-01    0.2641508682E-01    0.2909711478E-01    0.3168527418E-01    0.3416298074E-01    0.3651961666E-01    0.3874904213E-01
        0.0411313750    0.2794229594E-02    0.4454124864E-02    0.6463692672E-02    0.8788303783E-02    0.1138370778E-01    0.1419788915E-01    0.1717414940E-01    0.2025460965E-01    0.2338383190E-01    0.2651165857E-01    0.2959526730E-01    0.3260003687E-01    0.3549963258E-01    0.3827549502E-01    0.4091574094E-01    0.4341334785E-01
        0.0450342886    0.3070367740E-02    0.4894394947E-02    0.7102750186E-02    0.9657405960E-02    0.1250975028E-01    0.1560262529E-01    0.1887371697E-01    0.2225940964E-01    0.2569877138E-01    0.2913667875E-01    0.3252607632E-01    0.3582892700E-01    0.3901630291E-01    0.4206782043E-01    0.4497041941E-01    0.4771615258E-01
        0.0493075457    0.3328744771E-02    0.5306420572E-02    0.7700931988E-02    0.1047109612E-01    0.1356423727E-01    0.1691839502E-01    0.2046600281E-01    0.2413807435E-01    0.2786853302E-01    0.3159760580E-01    0.3527427522E-01    0.3885730805E-01    0.4231535003E-01    0.4562630904E-01    0.4877601357E-01    0.5175550598E-01
        0.0539862877    0.3578768382E-02    0.5705175133E-02    0.8279924610E-02    0.1125878992E-01    0.1458516528E-01    0.1819243923E-01    0.2200795632E-01    0.2595752946E-01    0.2997010623E-01    0.3398142494E-01    0.3793665186E-01    0.4179148255E-01    0.4551223631E-01    0.4907518565E-01    0.5246508780E-01    0.5567183536E-01
        0.0591089906    0.3826862619E-02    0.6100856131E-02    0.8854448404E-02    0.1204037457E-01    0.1559810500E-01    0.1945638772E-01    0.2353749891E-01    0.2776208652E-01    0.3205417564E-01    0.3634508511E-01    0.4057624419E-01    0.4470035848E-01    0.4868149586E-01    0.5249435595E-01    0.5612266104E-01    0.5955495932E-01
        0.0647177816    0.4105039950E-02    0.6544272411E-02    0.9497844409E-02    0.1291494627E-01    0.1673051251E-01    0.2086797457E-01    0.2524385495E-01    0.2977299655E-01    0.3437395281E-01    0.3897319049E-01    0.4350809239E-01    0.4792817683E-01    0.5219515497E-01    0.5628211734E-01    0.6017174783E-01    0.6385097314E-01
        0.0708587849    0.4407862259E-02    0.7026581426E-02    0.1019697068E-01    0.1386414344E-01    0.1795788495E-01    0.2239566699E-01    0.2708764735E-01    0.3194234050E-01    0.3687243212E-01    0.4179928149E-01    0.4665610160E-01    0.5138920545E-01    0.5595800199E-01    0.6033406849E-01    0.6449914299E-01    0.6843821440E-01
        0.0775825017    0.4645828039E-02    0.7405481765E-02    0.1074596727E-01    0.1460908000E-01    0.1892043534E-01    0.2359272059E-01    0.2853104932E-01    0.3363900830E-01    0.3882481632E-01    0.4400604994E-01    0.4911293080E-01    0.5408955157E-01    0.5889378429E-01    0.6349623406E-01    0.6787800595E-01    0.7202181016E-01
        0.0849442250    0.4642906087E-02    0.7401940619E-02    0.1074266467E-01    0.1460728112E-01    0.1892174872E-01    0.2359904076E-01    0.2854453635E-01    0.3366211239E-01    0.3886032952E-01    0.4405714875E-01    0.4918317524E-01    0.5418282175E-01    0.5901415942E-01    0.6364783649E-01    0.6806472702E-01    0.7224478106E-01
        0.0930044946    0.4390313675E-02    0.7003116847E-02    0.1017045511E-01    0.1383933871E-01    0.1794125087E-01    0.2239511222E-01    0.2711232944E-01    0.3200255963E-01    0.3697959124E-01    0.4196582974E-01    0.4689537802E-01    0.5171513793E-01    0.5638468014E-01    0.6087525495E-01    0.6516746600E-01    0.6923766236E-01
        0.1018295948    0.4171709554E-02    0.6659282382E-02    0.9679414412E-02    0.1318383179E-01    0.1710930363E-01    0.2138032520E-01    0.2591386393E-01    0.3062484276E-01    0.3543175570E-01    0.4026094034E-01    0.4504949776E-01    0.4974632428E-01    0.5431199700E-01    0.5871788253E-01    0.6294381179E-01    0.6696135096E-01
        0.1114920997    0.4367607368E-02    0.6971527875E-02    0.1013221867E-01    0.1379859143E-01    0.1790391369E-01    0.2236883792E-01    0.2710659552E-01    0.3202887485E-01    0.3705168041E-01    0.4209962419E-01    0.4710869926E-01    0.5202706866E-01    0.5681472564E-01    0.6144245104E-01    0.6588916924E-01    0.7012035151E-01
        0.1220714697    0.4936588314E-02    0.7871508633E-02    0.1142563423E-01    0.1553696368E-01    0.2012622104E-01    0.2510101200E-01    0.3036229227E-01    0.3581128399E-01    0.4135594426E-01    0.4691530536E-01    0.5242190811E-01    0.5782201997E-01    0.6307474056E-01    0.6815053249E-01    0.7302793538E-01    0.7766490642E-01
        0.1336547051    0.5434808785E-02    0.8657389002E-02    0.1255114352E-01    0.1704342559E-01    0.2204316239E-01    0.2744630052E-01    0.3314358562E-01    0.3902837712E-01    0.4500342008E-01    0.5098486901E-01    0.5690406683E-01    0.6270701742E-01    0.6835290602E-01    0.7381228096E-01    0.7906318643E-01    0.8405416618E-01
        0.1463370617    0.5308839369E-02    0.8461524444E-02    0.1227502961E-01    0.1668013248E-01    0.2158976725E-01    0.2690464173E-01    0.3252103131E-01    0.3833828680E-01    0.4426497307E-01    0.5022214012E-01    0.5614448718E-01    0.6197954413E-01    0.6768624739E-01    0.7323343627E-01    0.7859600612E-01    0.8371026455E-01
        0.1602228341    0.4883156722E-02    0.7799703560E-02    0.1134307456E-01    0.1545649696E-01    0.2006644776E-01    0.2508764248E-01    0.3043000302E-01    0.3600515351E-01    0.4173150937E-01    0.4753679149E-01    0.5335891974E-01    0.5914545066E-01    0.6485276889E-01    0.7044535773E-01    0.7589228525E-01    0.8111498586E-01
        0.1754262130    0.5050413494E-02    0.8067569809E-02    0.1173309508E-01    0.1598800498E-01    0.2075680461E-01    0.2595338623E-01    0.3148841762E-01    0.3727547839E-01    0.4323526164E-01    0.4929714346E-01    0.5539947762E-01    0.6148885909E-01    0.6751948646E-01    0.7345278569E-01    0.7925368087E-01    0.8482729317E-01
        0.1920722248    0.5758667483E-02    0.9173777539E-02    0.1329813714E-01    0.1805361584E-01    0.2334642115E-01    0.2907578764E-01    0.3514283170E-01    0.4145642757E-01    0.4793607516E-01    0.5451186262E-01    0.6112349373E-01    0.6771873144E-01    0.7425237474E-01    0.8068580064E-01    0.8698252341E-01    0.9303011820E-01
        0.2102977595    0.5834989097E-02    0.9298423616E-02    0.1348318690E-01    0.1831154048E-01    0.2369193457E-01    0.2952833304E-01    0.3572832714E-01    0.4220736339E-01    0.4889008223E-01    0.5570944334E-01    0.6260560887E-01    0.6952465349E-01    0.7641800860E-01    0.8324253666E-01    0.8995584424E-01    0.9642450968E-01
        0.2302526962    0.5632349948E-02    0.8999768249E-02    0.1309006930E-01    0.1783796798E-01    0.2316568519E-01    0.2899129729E-01    0.3523486216E-01    0.4182079274E-01    0.4867838932E-01    0.5574117159E-01    0.6294650245E-01    0.7023516388E-01    0.7755163022E-01    0.8484488181E-01    0.9206354078E-01    0.9904969622E-01
        0.2521011363    0.6226098950E-02    0.9920977878E-02    0.1438299969E-01    0.1953135916E-01    0.2527747116E-01    0.3153462938E-01    0.3822295398E-01    0.4526974212E-01    0.5260830362E-01    0.6017601879E-01    0.6791307484E-01    0.7576149060E-01    0.8366522385E-01    0.9157114384E-01    0.9942345490E-01    0.1070380099E+00
        0.2760227522    0.6514424044E-02    0.1037632512E-01    0.1503580969E-01    0.2040987977E-01    0.2641218356E-01    0.3296173578E-01    0.3998552828E-01    0.4741706494E-01    0.5519427485E-01    0.6325709637E-01    0.7154600024E-01    0.8000099840E-01    0.8856198134E-01    0.9717012687E-01    0.1057617222E+00    0.1141216540E+00
        0.3022142655    0.6645788342E-02    0.1060163776E-01    0.1538836512E-01    0.2093037325E-01    0.2715148709E-01    0.3398122879E-01    0.4135512793E-01    0.4921236748E-01    0.5749369763E-01    0.6613920166E-01    0.7508701418E-01    0.8427252725E-01    0.9362905045E-01    0.1030896931E+00    0.1125804597E+00    0.1218501947E+00
        0.3308910644    0.7242432366E-02    0.1151915489E-01    0.1666565385E-01    0.2259672105E-01    0.2923497322E-01    0.3651492487E-01    0.4438056589E-01    0.5278088948E-01    0.6166609600E-01    0.7098386441E-01    0.8067697901E-01    0.9068194218E-01    0.1009296313E+00    0.1113476709E+00    0.1218527555E+00    0.1321524435E+00
        0.3622889751    0.7483458743E-02    0.1191930374E-01    0.1727332586E-01    0.2347000030E-01    0.3044394444E-01    0.3814077742E-01    0.4651335204E-01    0.5551724144E-01    0.6510708944E-01    0.7523268575E-01    0.8583622113E-01    0.9685058467E-01    0.1082000499E+00    0.1198030734E+00    0.1315635715E+00    0.1431407193E+00
        0.3966662010    0.8061994104E-02    0.1280995988E-01    0.1852019797E-01    0.2511654652E-01    0.3254085950E-01    0.4075038912E-01    0.4971173929E-01    0.5939466922E-01    0.6976675606E-01    0.8078773093E-01    0.9240538078E-01    0.1045531162E+00    0.1171507127E+00    0.1301078304E+00    0.1433143415E+00    0.1563726583E+00
        0.4343054463    0.8485895941E-02    0.1348698495E-01    0.1951075999E-01    0.2649085384E-01    0.3438169288E-01    0.4315341443E-01    0.5278549325E-01    0.6326035982E-01    0.7455713298E-01    0.8664438432E-01    0.9947453281E-01    0.1129804189E+00    0.1270758888E+00    0.1416599448E+00    0.1566058232E+00    0.1714497651E+00
        0.4755162407    0.9055778877E-02    0.1437256394E-01    0.2077138911E-01    0.2819459393E-01    0.3661057370E-01    0.4600646370E-01    0.5638091885E-01    0.6773629991E-01    0.8007016694E-01    0.9336551614E-01    0.1075831683E+00    0.1226572230E+00    0.1384956293E+00    0.1549852737E+00    0.1719797893E+00    0.1889375788E+00
        0.5206374847    0.9631229107E-02    0.1527251017E-01    0.2206548917E-01    0.2996493069E-01    0.3895584819E-01    0.4904539670E-01    0.6025532029E-01    0.7261238160E-01    0.8613701365E-01    0.1008304228E+00    0.1166644932E+00    0.1335758227E+00    0.1514661988E+00    0.1702087479E+00    0.1896342766E+00    0.2091101435E+00
        0.5700402368    0.1022865954E-01    0.1621145033E-01    0.2342600198E-01    0.3184189343E-01    0.4146328254E-01    0.5232146927E-01    0.6446695242E-01    0.7795732589E-01    0.9284220717E-01    0.1091464129E+00    0.1268567793E+00    0.1459144192E+00    0.1662150219E+00    0.1876162337E+00    0.2099223403E+00    0.2323942439E+00
        0.6241307649    0.1087231237E-01    0.1722068581E-01    0.2488831153E-01    0.3386192346E-01    0.4416920174E-01    0.5587241671E-01    0.6905913895E-01    0.8382648855E-01    0.1002614087E+00    0.1184191336E+00    0.1383063240E+00    0.1598711737E+00    0.1830034566E+00    0.2075433529E+00    0.2332642675E+00    0.2593026222E+00
        0.6833538873    0.1154531315E-01    0.1827939458E-01    0.2643001628E-01    0.3600376670E-01    0.4705705152E-01    0.5969087598E-01    0.7403928470E-01    0.9024898457E-01    0.1084539848E+00    0.1287483593E+00    0.1511648357E+00    0.1756621803E+00    0.2021248286E+00    0.2303733891E+00    0.2601453865E+00    0.2904318605E+00
        0.7481966305    0.1224638144E-01    0.1938703595E-01    0.2805152190E-01    0.3826960646E-01    0.5013309500E-01    0.6379127921E-01    0.7943614355E-01    0.9727634889E-01    0.1175050670E+00    0.1402657556E+00    0.1656250824E+00    0.1935568605E+00    0.2239410633E+00    0.2565763097E+00    0.2911583473E+00    0.3265084969E+00
        0.8191922345    0.1297626886E-01    0.2054497643E-01    0.2975454773E-01    0.4066249062E-01    0.5340455204E-01    0.6819003953E-01    0.8528288830E-01    0.1049689059E+00    0.1275153525E+00    0.1531281002E+00    0.1819174855E+00    0.2138779024E+00    0.2488859855E+00    0.2867154802E+00    0.3270133302E+00    0.3684028094E+00
        0.8969245379    0.1373409951E-01    0.2175262354E-01    0.3153898825E-01    0.4318444156E-01    0.5687914804E-01    0.7290662647E-01    0.9161982929E-01    0.1134003267E+00    0.1386077815E+00    0.1675264357E+00    0.2003221506E+00    0.2370165887E+00    0.2774843397E+00    0.3214707257E+00    0.3685654365E+00    0.4171607250E+00
        0.9820327791    0.1452049237E-01    0.2301063756E-01    0.3340585298E-01    0.4583893961E-01    0.6056725564E-01    0.7796571598E-01    0.9849704022E-01    0.1226612474E+00    0.1509326974E+00    0.1836933458E+00    0.2211788356E+00    0.2634459902E+00    0.3103686733E+00    0.3616592720E+00    0.4168399601E+00    0.4740335797E+00
        1.0752168532    0.1533488307E-01    0.2431844439E-01    0.3535536471E-01    0.4862965554E-01    0.6448125007E-01    0.8339723704E-01    0.1059752938E+00    0.1328614410E+00    0.1646717417E+00    0.2019091509E+00    0.2448960398E+00    0.2937334887E+00    0.3482957228E+00    0.4082563005E+00    0.4730572972E+00    0.5405074585E+00
        1.1772430677    0.1617820777E-01    0.2567656505E-01    0.3738882103E-01    0.5156207427E-01    0.6863729897E-01    0.8923878174E-01    0.1141296015E+00    0.1441350950E+00    0.1800455754E+00    0.2225128166E+00    0.2719657933E+00    0.3285600116E+00    0.3921704920E+00    0.4624240979E+00    0.5386672462E+00    0.6183425859E+00
        1.2889504441    0.1704992842E-01    0.2708468565E-01    0.3950776306E-01    0.5464351683E-01    0.7305611959E-01    0.9553724048E-01    0.1230521395E+00    0.1566456702E+00    0.1973214513E+00    0.2459130368E+00    0.3029789459E+00    0.3687400420E+00    0.4430712851E+00    0.5255422095E+00    0.6153842196E+00    0.7096134083E+00
        1.4112576178    0.1794992927E-01    0.2854270874E-01    0.4171407471E-01    0.5788260902E-01    0.7776224642E-01    0.1023483418E+00    0.1328526571E+00    0.1705879240E+00    0.2168176771E+00    0.2725959147E+00    0.3386366811E+00    0.4152373420E+00    0.5022697641E+00    0.5992317437E+00    0.7052155546E+00    0.8167406033E+00
        1.5451703927    0.1887792625E-01    0.3005049040E-01    0.4401015562E-01    0.6128997035E-01    0.8278542205E-01    0.1097391686E+00    0.1436628147E+00    0.1861949662E+00    0.2389143426E+00    0.3031402062E+00    0.3797708751E+00    0.4691907152E+00    0.5712621013E+00    0.6853916653E+00    0.8105025511E+00    0.9425363986E+00
        1.6917900122    0.1983416316E-01    0.3160892540E-01    0.4640055578E-01    0.6488062661E-01    0.8816419596E-01    0.1177936153E+00    0.1556444388E+00    0.2037504294E+00    0.2640705256E+00    0.3382404831E+00    0.4273737921E+00    0.5319504187E+00    0.6518119512E+00    0.7862479282E+00    0.9339752384E+00    0.1090264375E+01
        1.8523222157    0.2081805218E-01    0.3321821149E-01    0.4888958707E-01    0.6867096151E-01    0.9394245348E-01    0.1266090043E+00    0.1689869970E+00    0.2235877115E+00    0.2928261344E+00    0.3787121172E+00    0.4826063388E+00    0.6050894090E+00    0.7459641102E+00    0.9043688238E+00    0.1078768675E+01    0.1263656164E+01
        2.0280871538    0.2182957342E-01    0.3487949321E-01    0.5148365662E-01    0.7268216911E-01    0.1001746082E+00    0.1363039568E+00    0.1839193809E+00    0.2461070184E+00    0.3258253852E+00    0.4255219300E+00    0.5468360774E+00    0.6904484246E+00    0.8560960524E+00    0.1042722215E+01    0.1248485137E+01    0.1466977906E+01
        2.2205302450    0.2286864157E-01    0.3659419511E-01    0.5419048892E-01    0.7693954507E-01    0.1069254591E+00    0.1470196682E+00    0.2007137340E+00    0.2717829082E+00    0.3638289055E+00    0.4798051302E+00    0.6216586629E+00    0.7901611299E+00    0.9849457667E+00    0.1204705054E+01    0.1447224451E+01    0.1705060834E+01
        2.4312340620    0.2392018971E-01    0.3834021399E-01    0.5698446544E-01    0.8142489358E-01    0.1142074501E+00    0.1588396566E+00    0.2195851021E+00    0.3010408568E+00    0.4075636883E+00    0.5426846295E+00    0.7086822763E+00    0.9063996049E+00    0.1135314790E+01    0.1393801216E+01    0.1679194838E+01    0.1982865914E+01
        2.6619313461    0.2501141100E-01    0.4016308022E-01    0.5993989771E-01    0.8626140625E-01    0.1222286565E+00    0.1721147276E+00    0.2411092570E+00    0.3347847506E+00    0.4583765791E+00    0.6160651735E+00    0.8104746761E+00    0.1042484000E+01    0.1311347630E+01    0.1615035578E+01    0.1950344231E+01    0.2307286960E+01
        2.9145192568    0.2613243049E-01    0.4204972241E-01    0.6304703759E-01    0.9145995878E-01    0.1310557232E+00    0.1870268047E+00    0.2656694230E+00    0.3737064909E+00    0.5173854948E+00    0.7016049656E+00    0.9293355599E+00    0.1201438749E+01    0.1516858461E+01    0.1873061542E+01    0.2266202906E+01    0.2684754473E+01
        3.1910749729    0.2727756999E-01    0.4399421637E-01    0.6630812474E-01    0.9705220116E-01    0.1407921448E+00    0.2038221185E+00    0.2937551581E+00    0.4186613827E+00    0.5859411707E+00    0.8012721241E+00    0.1067954506E+01    0.1386757316E+01    0.1756206671E+01    0.2173150167E+01    0.2632987698E+01    0.3122451339E+01
        3.4938727747    0.2845277717E-01    0.4600971343E-01    0.6975533524E-01    0.1031167593E+00    0.1516160087E+00    0.2228647409E+00    0.3260361538E+00    0.4707658777E+00    0.6657511088E+00    0.9174957609E+00    0.1229589250E+01    0.1602607352E+01    0.2034528497E+01    0.2521447897E+01    0.3057885371E+01    0.3628620154E+01
        3.8254027466    0.2965301899E-01    0.4809247710E-01    0.7339832156E-01    0.1097068726E+00    0.1636838891E+00    0.2445120696E+00    0.3632031598E+00    0.5311958737E+00    0.7586256702E+00    0.1052849881E+01    0.1417678194E+01    0.1853364191E+01    0.2357185721E+01    0.2924336429E+01    0.3548321340E+01    0.4211742962E+01
        4.1883912545    0.3088399418E-01    0.5025666485E-01    0.7727582991E-01    0.1169239086E+00    0.1772330893E+00    0.2692540571E+00    0.4061526059E+00    0.6014239330E+00    0.8667733901E+00    0.1210410893E+01    0.1636263293E+01    0.2144101640E+01    0.2730326303E+01    0.3389064526E+01    0.4112663185E+01    0.4881313203E+01
        4.5858233661    0.3214060536E-01    0.5250003566E-01    0.8140553913E-01    0.1248478583E+00    0.1924886375E+00    0.2975911265E+00    0.4558274645E+00    0.6830125793E+00    0.9925348098E+00    0.1393420408E+01    0.1889571884E+01    0.2480085093E+01    0.3160283223E+01    0.3923048893E+01    0.4759421586E+01    0.5646939535E+01
        5.0209673996    0.3342866710E-01    0.5483886265E-01    0.8583633132E-01    0.1336128478E+00    0.2097700328E+00    0.3301813523E+00    0.5134134625E+00    0.7778663463E+00    0.1138695536E+01    0.1605663548E+01    0.2182463981E+01    0.2867291065E+01    0.3654168819E+01    0.4534545125E+01    0.5497998635E+01    0.6519167769E+01
        5.4974018001    0.3474803918E-01    0.5728109632E-01    0.9060915958E-01    0.1433532109E+00    0.2294193493E+00    0.3677454427E+00    0.5802125897E+00    0.8880627305E+00    0.1308262796E+01    0.1851180461E+01    0.2520070276E+01    0.3311965486E+01    0.4219349196E+01    0.5232035573E+01    0.6337987876E+01    0.7508695750E+01
        6.0190445678    0.3609890168E-01    0.5983661280E-01    0.9577294900E-01    0.1542277793E+00    0.2518374462E+00    0.4111175956E+00    0.6577089448E+00    0.1015931261E+01    0.1504555446E+01    0.2134365697E+01    0.2907900325E+01    0.3820740846E+01    0.4863570777E+01    0.6024365769E+01    0.7289320816E+01    0.8626528983E+01
        6.5901854779    0.3748357104E-01    0.6252039820E-01    0.1013902857E+00    0.1664302105E+00    0.2775014603E+00    0.4612710609E+00    0.7476003047E+00    0.1164087061E+01    0.1731235596E+01    0.2459995232E+01    0.3351863630E+01    0.4400650906E+01    0.5594968620E+01    0.6920746458E+01    0.8362262748E+01    0.9883969785E+01
        7.2155213579    0.3890234659E-01    0.6534612364E-01    0.1075287046E+00    0.1801784330E+00    0.3069522238E+00    0.5193004906E+00    0.8517688657E+00    0.1335382016E+01    0.1992233289E+01    0.2833119835E+01    0.3858128766E+01    0.5058953930E+01    0.6421852911E+01    0.7930502965E+01    0.9567124894E+01    0.1129229332E+02
        7.9001947124    0.4036096383E-01    0.6833856865E-01    0.1142807454E+00    0.1957466367E+00    0.3408428487E+00    0.5864894842E+00    0.9723672806E+00    0.1533008092E+01    0.2291867000E+01    0.3259203991E+01    0.4433282642E+01    0.5803314201E+01    0.7352914259E+01    0.9063305239E+01    0.1091451958E+02    0.1286302591E+02
        8.6498360130    0.4185772950E-01    0.7151308449E-01    0.1217337891E+00    0.2134227674E+00    0.3798782622E+00    0.6642215026E+00    0.1111686749E+01    0.1760308781E+01    0.2634587530E+01    0.3743794545E+01    0.5083918732E+01    0.6641306479E+01    0.8396642317E+01    0.1032849956E+02    0.1241460480E+02    0.1460710626E+02
        9.4706100008    0.4340069770E-01    0.7490402356E-01    0.1300151881E+00    0.2335786019E+00    0.4249191094E+00    0.7541242866E+00    0.1272347121E+01    0.2021020819E+01    0.3025278527E+01    0.4292887428E+01    0.5817076479E+01    0.7580933103E+01    0.9561924046E+01    0.1173579004E+02    0.1407784963E+02    0.1653572973E+02
       10.3692663829    0.4498746237E-01    0.7853216653E-01    0.1392433205E+00    0.2565979639E+00    0.4768750412E+00    0.8579096248E+00    0.1457062345E+01    0.2318947091E+01    0.3468822845E+01    0.4912377198E+01    0.6639566645E+01    0.8629820042E+01    0.1085710727E+02    0.1329416800E+02    0.1591382936E+02    0.1865901619E+02
       11.3531953391    0.4663099871E-01    0.8244779056E-01    0.1495967040E+00    0.2829848773E+00    0.5368658316E+00    0.9775999903E+00    0.1668945526E+01    0.2658354505E+01    0.3970607770E+01    0.5608682453E+01    0.7558727055E+01    0.9796110282E+01    0.1229103643E+02    0.1501309282E+02    0.1793255187E+02    0.2098747288E+02
       12.4304882957    0.4832918075E-01    0.8668099290E-01    0.1612375246E+00    0.3132471844E+00    0.6060427882E+00    0.1115258363E+01    0.1911117804E+01    0.3043437173E+01    0.4535822965E+01    0.6387863505E+01    0.8581348853E+01    0.1108719098E+02    0.1387157601E+02    0.1690080922E+02    0.2014256909E+02    0.2352991165E+02
       13.6100044661    0.5008634738E-01    0.9127791410E-01    0.1743704058E+00    0.3479884272E+00    0.6857233635E+00    0.1273174516E+01    0.2186957580E+01    0.3478641915E+01    0.5169875311E+01    0.7256137629E+01    0.9714300735E+01    0.1251043292E+02    0.1560646933E+02    0.1896532806E+02    0.2255208028E+02    0.2629466787E+02
       14.9014437053    0.5192273082E-01    0.9631782624E-01    0.1892733989E+00    0.3879601595E+00    0.7774691520E+00    0.1453971531E+01    0.2500240318E+01    0.3968847795E+01    0.5878614381E+01    0.8220155457E+01    0.1096485997E+02    0.1407357879E+02    0.1750378595E+02    0.2121493405E+02    0.2516950061E+02    0.2929022430E+02
       16.3154262774    0.5382837104E-01    0.1018360689E+00    0.2061732814E+00    0.4338601376E+00    0.8827636016E+00    0.1660114862E+01    0.2854435057E+01    0.4518413190E+01    0.6667100266E+01    0.9285466606E+01    0.1233885943E+02    0.1578256102E+02    0.1956940489E+02    0.2365533193E+02    0.2800027303E+02    0.3252171163E+02
       17.8635801925    0.5583277070E-01    0.1079431824E+00    0.2254442319E+00    0.4866539259E+00    0.1003508029E+01    0.1894639913E+01    0.3253722080E+01    0.5132537220E+01    0.7541353603E+01    0.1045869344E+02    0.1384331090E+02    0.1764459273E+02    0.2181058326E+02    0.2629370031E+02    0.3105140300E+02    0.3599589648E+02
       19.5586368304    0.5793012609E-01    0.1146982995E+00    0.2473984804E+00    0.5472298492E+00    0.1141469257E+01    0.2160316783E+01    0.3701805447E+01    0.5815660532E+01    0.8506296287E+01    0.1174497486E+02    0.1548332640E+02    0.1966454966E+02    0.2423179220E+02    0.2913397430E+02    0.3432620104E+02    0.3971540546E+02
       21.4145356385    0.6015316470E-01    0.1222375531E+00    0.2725050581E+00    0.6167584584E+00    0.1298839934E+01    0.2460477945E+01    0.4203073644E+01    0.6573016975E+01    0.9567741858E+01    0.1315043276E+02    0.1726508785E+02    0.2184846259E+02    0.2683874140E+02    0.3218141356E+02    0.3782937761E+02    0.4368434324E+02
       23.4465387640    0.6254302442E-01    0.1307250174E+00    0.3013117718E+00    0.6965632738E+00    0.1478026467E+01    0.2798691586E+01    0.4762129779E+01    0.7409996077E+01    0.1073157073E+02    0.1468114576E+02    0.1919461003E+02    0.2420206517E+02    0.2963670804E+02    0.3544071281E+02    0.4156494781E+02    0.4790596664E+02
       25.6713565631    0.6511472453E-01    0.1402923040E+00    0.3343386577E+00    0.7879317553E+00    0.1681333356E+01    0.3178278131E+01    0.5383105027E+01    0.8331224836E+01    0.1200255889E+02    0.1634171016E+02    0.2127602708E+02    0.2672879639E+02    0.3262826849E+02    0.3891344046E+02    0.4553340745E+02    0.5237962119E+02
       28.1072850208    0.6789182895E-01    0.1511004458E+00    0.3721848936E+00    0.8922887994E+00    0.1911230178E+01    0.3602702165E+01    0.6070206561E+01    0.9341299410E+01    0.1338531694E+02    0.1813640683E+02    0.2351299706E+02    0.2943146896E+02    0.3581520209E+02    0.4260025184E+02    0.4973414514E+02    0.5710346653E+02
       30.7743562090    0.7090121106E-01    0.1633320675E+00    0.4155149456E+00    0.1011166242E+01    0.2170292988E+01    0.4075477244E+01    0.6827579616E+01    0.1044460085E+02    0.1488405916E+02    0.2006892177E+02    0.2590838549E+02    0.3231189236E+02    0.3919811330E+02    0.4650039335E+02    0.5416505325E+02    0.6207384879E+02
       33.6945030221    0.7417341554E-01    0.1771933011E+00    0.4650608346E+00    0.1146198913E+01    0.2461188616E+01    0.4600135849E+01    0.7659262498E+01    0.1164523700E+02    0.1650253500E+02    0.2214227682E+02    0.2846418927E+02    0.3537081685E+02    0.4277634982E+02    0.5061170592E+02    0.5882236686E+02    0.6728548633E+02
       36.8917395444    0.7774302257E-01    0.1929155966E+00    0.5216234418E+00    0.1299118620E+01    0.2786656212E+01    0.5180196245E+01    0.8569138755E+01    0.1294698178E+02    0.1824396155E+02    0.2435875792E+02    0.3118146709E+02    0.3860788605E+02    0.4654794157E+02    0.5493060986E+02    0.6370069811E+02    0.7273128658E+02
       40.3923585315    0.8164900037E-01    0.2107573329E+00    0.5860726398E+00    0.1471745848E+01    0.3149485779E+01    0.5819126081E+01    0.9560886775E+01    0.1435321512E+02    0.2011095757E+02    0.2671984198E+02    0.3406029749E+02    0.4202152855E+02    0.5050966703E+02    0.5945190976E+02    0.6879326872E+02    0.7840223230E+02
       44.2251476316    0.8593502755E-01    0.2310051092E+00    0.6593460092E+00    0.1665978930E+01    0.3552493391E+01    0.6520302331E+01    0.1063792710E+02    0.1586686294E+02    0.2210547934E+02    0.2922616032E+02    0.3709968294E+02    0.4560902341E+02    0.5465681433E+02    0.6416917314E+02    0.7409124049E+02    0.8428834265E+02
       48.4216261230    0.9064975996E-01    0.2539745703E+00    0.7424458690E+00    0.1883780384E+01    0.3998492794E+01    0.7286967419E+01    0.1180336577E+02    0.1749033337E+02    0.2422877312E+02    0.3187742223E+02    0.4029758549E+02    0.4936638832E+02    0.5898340926E+02    0.6907427710E+02    0.7958480643E+02    0.9037679302E+02
       53.0163041156    0.9584700940E-01    0.2800105846E+00    0.8364342972E+00    0.2127160012E+01    0.4490263132E+01    0.8122181707E+01    0.1305993554E+02    0.1922545817E+02    0.2648129608E+02    0.3467239134E+02    0.4365088058E+02    0.5328834897E+02    0.6348232120E+02    0.7415758424E+02    0.8526250652E+02    0.9665452102E+02
       58.0469663481    0.1015857916E+00    0.3094865564E+00    0.9424257503E+00    0.2398154238E+01    0.5030512319E+01    0.9028773131E+01    0.1440993897E+02    0.2107342473E+02    0.2886267618E+02    0.3760885812E+02    0.4715518142E+02    0.5736871880E+02    0.6814446237E+02    0.7940912909E+02    0.9111053608E+02    0.1031071988E+03
       63.5549829136    0.1079301892E+00    0.3428026073E+00    0.1061576801E+01    0.2698801012E+01    0.5621835232E+01    0.1000928258E+02    0.1585518645E+02    0.2303473340E+02    0.3137168900E+02    0.4068349017E+02    0.5080524993E+02    0.6159941979E+02    0.7296079698E+02    0.8481530636E+02    0.9711710752E+02    0.1097162215E+03
       69.5856494710    0.1149489611E+00    0.3803823062E+00    0.1195072406E+01    0.3031109446E+01    0.6266665579E+01    0.1106590257E+02    0.1739693876E+02    0.2510914734E+02    0.3400614806E+02    0.4389211811E+02    0.5459431833E+02    0.6597208845E+02    0.7791923510E+02    0.9036499194E+02    0.1032631503E+03    0.1164700936E+03
       76.1885597370    0.1227148131E+00    0.4226675646E+00    0.1344107969E+01    0.3397023222E+01    0.6967220786E+01    0.1220041160E+02    0.1903583315E+02    0.2729559700E+02    0.3676302740E+02    0.4722933190E+02    0.5851485662E+02    0.7047665344E+02    0.8300818355E+02    0.9604207090E+02    0.1095371395E+03    0.1233428950E+03
       83.4180133251    0.1313032263E+00    0.4701112386E+00    0.1509866335E+01    0.3798376691E+01    0.7725438853E+01    0.1341409643E+02    0.2077180239E+02    0.2959219692E+02    0.3963820366E+02    0.5068867408E+02    0.6255850768E+02    0.7510134777E+02    0.8821541872E+02    0.1018314980E+03    0.1159190818E+03    0.1303261881E+03
       91.3334622825    0.1407907195E+00    0.5231669016E+00    0.1693488615E+01    0.4236842198E+01    0.8542906073E+01    0.1470767442E+02    0.2260402470E+02    0.3199605950E+02    0.4262647450E+02    0.5426309793E+02    0.6671424026E+02    0.7983650374E+02    0.9352317235E+02    0.1077213575E+03    0.1223906430E+03    0.1373958296E+03
      100.0000000000    0.1512524050E+00    0.5822751682E+00    0.1896037583E+01    0.4713866707E+01    0.9420774666E+01    0.1608120650E+02    0.2453078570E+02    0.3450330056E+02    0.4572192396E+02    0.5794297433E+02    0.7097343514E+02    0.8466459789E+02    0.9892381053E+02    0.1136852300E+03    0.1289441367E+03    0.1445321892E+03
