               #####        0.2000000000        0.2533333333        0.3066666667        0.3600000000        0.4133333333        0.4666666667        0.5200000000        0.5733333333        0.6266666667        0.6800000000        0.7333333333        0.7866666667        0.8400000000        0.8933333333        0.9466666667        1.0000000000
        0.0010000000    0.1369187328E-07    0.2182617340E-07    0.3167497249E-07    0.4306929985E-07    0.5579318554E-07    0.6959265460E-07    0.8419068966E-07    0.9930424917E-07    0.1146619036E-06    0.1300177058E-06    0.1451612902E-06    0.1599222009E-06    0.1741704252E-06    0.1878140032E-06    0.2007938859E-06    0.2130782884E-06
        0.0010948890    0.1955141194E-07    0.3116684665E-07    0.4523051326E-07    0.6150112883E-07    0.7967029732E-07    0.9937535300E-07    0.1202207265E-06    0.1418022460E-06    0.1637323214E-06    0.1856597503E-06    0.2072841392E-06    0.2283620845E-06    0.2487079333E-06    0.2681903711E-06    0.2867250782E-06    0.3042666678E-06
        0.0011987818    0.2790556323E-07    0.4448417484E-07    0.6455712764E-07    0.8778004048E-07    0.1137127420E-06    0.1418376021E-06    0.1715900271E-06    0.2023931454E-06    0.2336937521E-06    0.2649905785E-06    0.2958548750E-06    0.3259392334E-06    0.3549786730E-06    0.3827857698E-06    0.4092401755E-06    0.4342771101E-06
        0.0013125330    0.3980674236E-07    0.6345581038E-07    0.9208948918E-07    0.1252165257E-06    0.1622090235E-06    0.2023285923E-06    0.2447698490E-06    0.2887098962E-06    0.3333595963E-06    0.3780038982E-06    0.4220311983E-06    0.4649459249E-06    0.5063700884E-06    0.5460363323E-06    0.5837729827E-06    0.6194876327E-06
        0.0014370779    0.5675214617E-07    0.9046843101E-07    0.1312912365E-06    0.1785201869E-06    0.2312600945E-06    0.2884582405E-06    0.3489663945E-06    0.4116113559E-06    0.4752680552E-06    0.5389170479E-06    0.6016863742E-06    0.6628695011E-06    0.7219275316E-06    0.7784792985E-06    0.8322800487E-06    0.8831980398E-06
        0.0015734408    0.8085572109E-07    0.1288918737E-06    0.1870528070E-06    0.2543406836E-06    0.3294801130E-06    0.4109712657E-06    0.4971782352E-06    0.5864295382E-06    0.6771222654E-06    0.7678039935E-06    0.8572324244E-06    0.9444009474E-06    0.1028541787E-05    0.1109111889E-05    0.1185762552E-05    0.1258306083E-05
        0.0017227429    0.1151129202E-06    0.1835011837E-06    0.2663039309E-06    0.3621005571E-06    0.4690753066E-06    0.5850928921E-06    0.7078242932E-06    0.8348898394E-06    0.9640074876E-06    0.1093109441E-05    0.1220427055E-05    0.1344527234E-05    0.1464316909E-05    0.1579022945E-05    0.1688148905E-05    0.1791427577E-05
        0.0018862122    0.1637555398E-06    0.2610422587E-06    0.3788345169E-06    0.5151114112E-06    0.6672899056E-06    0.8323324057E-06    0.1006925716E-05    0.1187684588E-05    0.1371362653E-05    0.1555018323E-05    0.1736135583E-05    0.1912675755E-05    0.2083083879E-05    0.2246260124E-05    0.2401498283E-05    0.2548418240E-05
        0.0020651929    0.2327425369E-06    0.3710142610E-06    0.5384301195E-06    0.7321178385E-06    0.9484061878E-06    0.1182977875E-05    0.1431123894E-05    0.1688032831E-05    0.1949090658E-05    0.2210116535E-05    0.2467534480E-05    0.2718446956E-05    0.2960643927E-05    0.3192562234E-05    0.3413198171E-05    0.3622011501E-05
        0.0022611570    0.3304528124E-06    0.5267739826E-06    0.7644746376E-06    0.1039476654E-05    0.1346567519E-05    0.1679617413E-05    0.2031940346E-05    0.2396704914E-05    0.2767359980E-05    0.3137969455E-05    0.3503456059E-05    0.3859705792E-05    0.4203580802E-05    0.4532861695E-05    0.4846123410E-05    0.5142598939E-05
        0.0024757158    0.4686562229E-06    0.7470837360E-06    0.1084196676E-05    0.1474211335E-05    0.1909735159E-05    0.2382074624E-05    0.2881747413E-05    0.3399064973E-05    0.3924736233E-05    0.4450342418E-05    0.4968682756E-05    0.5473922651E-05    0.5961611926E-05    0.6428603013E-05    0.6872874895E-05    0.7293339837E-05
        0.0027106339    0.6638353128E-06    0.1058218327E-05    0.1535727270E-05    0.2088169692E-05    0.2705074221E-05    0.3374126662E-05    0.4081895490E-05    0.4814657041E-05    0.5559250681E-05    0.6303751373E-05    0.7037959389E-05    0.7753610185E-05    0.8444400250E-05    0.9105871209E-05    0.9735160441E-05    0.1033072731E-04
        0.0029678432    0.9390941850E-06    0.1497007988E-05    0.2172515915E-05    0.2954028466E-05    0.3826732183E-05    0.4773206581E-05    0.5774450488E-05    0.6811049436E-05    0.7864385456E-05    0.8917588574E-05    0.9956229594E-05    0.1096861702E-04    0.1194583360E-04    0.1288157240E-04    0.1377178395E-04    0.1461428899E-04
        0.0032494587    0.1326484308E-05    0.2114545953E-05    0.3068711149E-05    0.4172609451E-05    0.5405316375E-05    0.6742224835E-05    0.8156494902E-05    0.9620702815E-05    0.1110854991E-04    0.1259620668E-04    0.1406329139E-04    0.1549328952E-04    0.1687360536E-04    0.1819533043E-04    0.1945274509E-04    0.2064277139E-04
        0.0035577965    0.1870626321E-05    0.2981961985E-05    0.4327539339E-05    0.5884272347E-05    0.7622652547E-05    0.9507977972E-05    0.1150239768E-04    0.1356723734E-04    0.1566540929E-04    0.1776330807E-04    0.1983219061E-04    0.2184876766E-04    0.2379527668E-04    0.2565915512E-04    0.2743233754E-04    0.2911048402E-04
        0.0038953921    0.2633246259E-05    0.4197653589E-05    0.6091798909E-05    0.8283184033E-05    0.1073026958E-04    0.1338420492E-04    0.1619170635E-04    0.1909833095E-04    0.2205186945E-04    0.2500501472E-04    0.2791730476E-04    0.3075595536E-04    0.3349596266E-04    0.3611964320E-04    0.3861564429E-04    0.4097785785E-04
        0.0042650218    0.3699607358E-05    0.5897538980E-05    0.8558739872E-05    0.1163755061E-04    0.1507560842E-04    0.1880427771E-04    0.2274869403E-04    0.2683236404E-04    0.3098193277E-04    0.3513093314E-04    0.3922251604E-04    0.4321062034E-04    0.4706011684E-04    0.5074616209E-04    0.5425280766E-04    0.5757147400E-04
        0.0046697254    0.5186895126E-05    0.8268423770E-05    0.1199946212E-04    0.1631599367E-04    0.2113619021E-04    0.2636381951E-04    0.3189391534E-04    0.3761922737E-04    0.4343690565E-04    0.4925375817E-04    0.5499007895E-04    0.6058128860E-04    0.6597813612E-04    0.7114579268E-04    0.7606190143E-04    0.8071443749E-04
        0.0051128308    0.7255107359E-05    0.1156536081E-04    0.1678410870E-04    0.2282180607E-04    0.2956399140E-04    0.3687605324E-04    0.4461116176E-04    0.5261929153E-04    0.6075657280E-04    0.6889264655E-04    0.7691602000E-04    0.8473636158E-04    0.9228478310E-04    0.9951257184E-04    0.1063884620E-03    0.1128956406E-03
        0.0055979820    0.1012302945E-04    0.1613711657E-04    0.2341882362E-04    0.3184320389E-04    0.4125053996E-04    0.5145299489E-04    0.6224568019E-04    0.7341924738E-04    0.8477293817E-04    0.9612484915E-04    0.1073194059E-03    0.1182305656E-03    0.1287622109E-03    0.1388463799E-03    0.1484394573E-03    0.1575179968E-03
        0.0061291687    0.1408524987E-04    0.2245329561E-04    0.3258511588E-04    0.4430684989E-04    0.5739624843E-04    0.7159192873E-04    0.8660877668E-04    0.1021554704E-03    0.1179526427E-03    0.1337471673E-03    0.1493225611E-03    0.1645034416E-03    0.1791560744E-03    0.1931859090E-03    0.2065322772E-03    0.2191625776E-03
        0.0067107592    0.1953981625E-04    0.3114842743E-04    0.4520383971E-04    0.6146484728E-04    0.7962310276E-04    0.9931595677E-04    0.1201478284E-03    0.1417145214E-03    0.1636284278E-03    0.1855383534E-03    0.2071439534E-03    0.2282019179E-03    0.2485267305E-03    0.2679872480E-03    0.2864993411E-03    0.3040178233E-03
        0.0073475362    0.2701811870E-04    0.4306960381E-04    0.6250432708E-04    0.8498873754E-04    0.1100964205E-03    0.1373258522E-03    0.1661299563E-03    0.1959497372E-03    0.2262491442E-03    0.2565424959E-03    0.2864144504E-03    0.3155285611E-03    0.3436283239E-03    0.3705324450E-03    0.3961246555E-03    0.4203425472E-03
        0.0080447363    0.3722696004E-04    0.5934354325E-04    0.8612171293E-04    0.1171018298E-03    0.1516962570E-03    0.1892138257E-03    0.2289005712E-03    0.2699860954E-03    0.3117316280E-03    0.3534678359E-03    0.3946223539E-03    0.4347315793E-03    0.4734421133E-03    0.5105042320E-03    0.5457578399E-03    0.5791170757E-03
        0.0088080930    0.5109370393E-04    0.8144856213E-04    0.1182013796E-03    0.1607212049E-03    0.2082013322E-03    0.2596928838E-03    0.3141607406E-03    0.3705472109E-03    0.4278380366E-03    0.4851143238E-03    0.5415903569E-03    0.5966297956E-03    0.6497476500E-03    0.7006013061E-03    0.7489712218E-03    0.7947397809E-03
        0.0096438838    0.6982704416E-04    0.1113114473E-03    0.1615395368E-03    0.2196488455E-03    0.2845365749E-03    0.3549054963E-03    0.4293404257E-03    0.5063952994E-03    0.5846834566E-03    0.6629486758E-03    0.7401169032E-03    0.8153184037E-03    0.8878904540E-03    0.9573650535E-03    0.1023442499E-02    0.1085962452E-02
        0.0105589819    0.9497917553E-04    0.1514065657E-03    0.2197270478E-03    0.2987671716E-03    0.3870263477E-03    0.4827392942E-03    0.5839801226E-03    0.6887808896E-03    0.7952545305E-03    0.9016916004E-03    0.1006630718E-02    0.1108888727E-02    0.1207564345E-02    0.1302021402E-02    0.1391852828E-02    0.1476841236E-02
        0.0115609128    0.1285352072E-03    0.2048984084E-03    0.2973562979E-03    0.4043202955E-03    0.5237586923E-03    0.6532811765E-03    0.7902798061E-03    0.9320896365E-03    0.1076155314E-02    0.1220162196E-02    0.1362131830E-02    0.1500462818E-02    0.1633935734E-02    0.1761690370E-02    0.1883176857E-02    0.1998102234E-02
        0.0126579159    0.1729457484E-03    0.2756935189E-03    0.4000964965E-03    0.5440162699E-03    0.7047174841E-03    0.8789816036E-03    0.1063296787E-02    0.1254074342E-02    0.1447873279E-02    0.1641577074E-02    0.1832522392E-02    0.2018554152E-02    0.2198032100E-02    0.2369800071E-02    0.2533119981E-02    0.2687599773E-02
        0.0138590124    0.2312651958E-03    0.3686609410E-03    0.5350135658E-03    0.7274619062E-03    0.9423453531E-03    0.1175356031E-02    0.1421793036E-02    0.1676852453E-02    0.1935928302E-02    0.2194849504E-02    0.2450052432E-02    0.2698654686E-02    0.2938463806E-02    0.3167935935E-02    0.3386087168E-02    0.3592396895E-02
        0.0151740797    0.3069541081E-03    0.4893172567E-03    0.7101131196E-03    0.9655413340E-03    0.1250738412E-02    0.1559979815E-02    0.1887017970E-02    0.2225468174E-02    0.2569209174E-02    0.2912698698E-02    0.3251203187E-02    0.3580895941E-02    0.3898868554E-02    0.4203075645E-02    0.4492216527E-02    0.4765606407E-02
        0.0166139325    0.4048643538E-03    0.6453963816E-03    0.9366173845E-03    0.1273509810E-02    0.1649650474E-02    0.2057477284E-02    0.2488736061E-02    0.2934991204E-02    0.3388155965E-02    0.3840910307E-02    0.4287005070E-02    0.4721391776E-02    0.5140237425E-02    0.5540850901E-02    0.5921525745E-02    0.6281369400E-02
        0.0181904113    0.5301421703E-03    0.8451010862E-03    0.1226427875E-02    0.1667543597E-02    0.2160023128E-02    0.2693944801E-02    0.3258477224E-02    0.3842550762E-02    0.4435555134E-02    0.5027889313E-02    0.5611361692E-02    0.6179360528E-02    0.6726872769E-02    0.7250386455E-02    0.7747682852E-02    0.8217611419E-02
        0.0199164806    0.6862138989E-03    0.1093893624E-02    0.1587470489E-02    0.2158414565E-02    0.2795797069E-02    0.3486743595E-02    0.4217196544E-02    0.4972788933E-02    0.5739752665E-02    0.6505634807E-02    0.7259818569E-02    0.7993744631E-02    0.8700934524E-02    0.9376862211E-02    0.1001868176E-01    0.1062493365E-01
        0.0218063349    0.8792308087E-03    0.1401577516E-02    0.2033965917E-02    0.2765443300E-02    0.3581968692E-02    0.4466994760E-02    0.5402449510E-02    0.6369863505E-02    0.7351542211E-02    0.8331490917E-02    0.9296086883E-02    0.1023436379E-01    0.1113803983E-01    0.1200134962E-01    0.1282068983E-01    0.1359423903E-01
        0.0238755154    0.1111675982E-02    0.1772112703E-02    0.2571660303E-02    0.3496434748E-02    0.4528624165E-02    0.5647226502E-02    0.6829298481E-02    0.8051393023E-02    0.9291055185E-02    0.1052800279E-01    0.1174498337E-01    0.1292813482E-01    0.1406701762E-01    0.1515439653E-01    0.1618578374E-01    0.1715895229E-01
        0.0261410384    0.1391789403E-02    0.2218629948E-02    0.3219595857E-02    0.4377248404E-02    0.5669195662E-02    0.7069019517E-02    0.8547851948E-02    0.1007619408E-01    0.1162581041E-01    0.1317122388E-01    0.1469079895E-01    0.1616719369E-01    0.1758739408E-01    0.1894243100E-01    0.2022679430E-01    0.2143781437E-01
        0.0286215345    0.1725065387E-02    0.2749888352E-02    0.3990477673E-02    0.5425134485E-02    0.7025966710E-02    0.8760044095E-02    0.1059137210E-01    0.1248317695E-01    0.1440028596E-01    0.1631100573E-01    0.1818847863E-01    0.2001124205E-01    0.2176326030E-01    0.2343355803E-01    0.2501547231E-01    0.2650587236E-01
        0.0313374022    0.2112383963E-02    0.3367310331E-02    0.4886395221E-02    0.6642955310E-02    0.8602643773E-02    0.1072487390E-01    0.1296526700E-01    0.1527849631E-01    0.1762125004E-01    0.1995456676E-01    0.2224551519E-01    0.2446787460E-01    0.2660215601E-01    0.2863512940E-01    0.3055887514E-01    0.3236980988E-01
        0.0343109759    0.2558783448E-02    0.4078961830E-02    0.5919102422E-02    0.8046744780E-02    0.1042003072E-01    0.1298944276E-01    0.1570081537E-01    0.1849884702E-01    0.2133075823E-01    0.2414916840E-01    0.2691415296E-01    0.2959405637E-01    0.3216548889E-01    0.3461271883E-01    0.3692647699E-01    0.3910275294E-01
        0.0375667089    0.3079041034E-02    0.4908439003E-02    0.7122895462E-02    0.9683184536E-02    0.1253861187E-01    0.1562912926E-01    0.1888902705E-01    0.2225125664E-01    0.2565192637E-01    0.2903382273E-01    0.3234890765E-01    0.3555927151E-01    0.3863708352E-01    0.4156381110E-01    0.4432871786E-01    0.4692738845E-01
        0.0411313750    0.3697028858E-02    0.5893841445E-02    0.8553119712E-02    0.1162756500E-01    0.1505589267E-01    0.1876541103E-01    0.2267655821E-01    0.2670822696E-01    0.3078328441E-01    0.3483286445E-01    0.3879937725E-01    0.4263760302E-01    0.4631456269E-01    0.4980851570E-01    0.5310707587E-01    0.5620541617E-01
        0.0450342886    0.4446646378E-02    0.7089247239E-02    0.1028828682E-01    0.1398662152E-01    0.1811000624E-01    0.2257026902E-01    0.2727092226E-01    0.3211374820E-01    0.3700558115E-01    0.4186352243E-01    0.4661854244E-01    0.5121670583E-01    0.5561891824E-01    0.5979964478E-01    0.6374455081E-01    0.6744833204E-01
        0.0493075457    0.5389822229E-02    0.8593270922E-02    0.1247125994E-01    0.1695410235E-01    0.2195103800E-01    0.2735422210E-01    0.3304576045E-01    0.3890592416E-01    0.4482151588E-01    0.5069219678E-01    0.5643477836E-01    0.6198456199E-01    0.6729490688E-01    0.7233559979E-01    0.7708989748E-01    0.8155190994E-01
        0.0539862877    0.6603089206E-02    0.1052757740E-01    0.1527791681E-01    0.2076791239E-01    0.2688516055E-01    0.3349620301E-01    0.4045549148E-01    0.4761572422E-01    0.5483819806E-01    0.6200047063E-01    0.6900146367E-01    0.7576290319E-01    0.8222865300E-01    0.8836265405E-01    0.9414520032E-01    0.9956976971E-01
        0.0591089906    0.8145990379E-02    0.1298657401E-01    0.1884426341E-01    0.2561125841E-01    0.3314704483E-01    0.4128520704E-01    0.4984494392E-01    0.5864406965E-01    0.6751177150E-01    0.7629784855E-01    0.8487880125E-01    0.9315939903E-01    0.1010717440E+00    0.1085726836E+00    0.1156390874E+00    0.1222639708E+00
        0.0647177816    0.1003713848E-01    0.1599942763E-01    0.2321169694E-01    0.3153896297E-01    0.4080568583E-01    0.5080480000E-01    0.6131235423E-01    0.7210361070E-01    0.8296858853E-01    0.9372319496E-01    0.1042166222E+00    0.1143331604E+00    0.1239909661E+00    0.1331387922E+00    0.1417499339E+00    0.1498174293E+00
        0.0708587849    0.1218263793E-01    0.1941711595E-01    0.2816532778E-01    0.3826150379E-01    0.4949070344E-01    0.6160031333E-01    0.7431787567E-01    0.8737034318E-01    0.1005027730E+00    0.1134919238E+00    0.1261555449E+00    0.1383546384E+00    0.1499918458E+00    0.1610072468E+00    0.1713705768E+00    0.1810753050E+00
        0.0775825017    0.1440833649E-01    0.2296481731E-01    0.3331193267E-01    0.4525427907E-01    0.5853867758E-01    0.7286741118E-01    0.8791835339E-01    0.1033671915E+00    0.1189100964E+00    0.1342809273E+00    0.1492631990E+00    0.1636928486E+00    0.1774559577E+00    0.1904832981E+00    0.2027405074E+00    0.2142210076E+00
        0.0849442250    0.1643141867E-01    0.2619920678E-01    0.3802281361E-01    0.5168769286E-01    0.6691341894E-01    0.8336594123E-01    0.1006780819E+00    0.1184750958E+00    0.1364032407E+00    0.1541521694E+00    0.1714700515E+00    0.1881665157E+00    0.2041093768E+00    0.2192178883E+00    0.2334509696E+00    0.2467992757E+00
        0.0930044946    0.1825589149E-01    0.2913373047E-01    0.4233146021E-01    0.5763075621E-01    0.7473761347E-01    0.9328938826E-01    0.1128749755E+00    0.1330667739E+00    0.1534584046E+00    0.1736932046E+00    0.1934818436E+00    0.2126046312E+00    0.2309071327E+00    0.2482925321E+00    0.2647083398E+00    0.2801380977E+00
        0.1018295948    0.2033832986E-01    0.3249505646E-01    0.4729125674E-01    0.6451297343E-01    0.8385342436E-01    0.1049122923E+00    0.1272203100E+00    0.1502843879E+00    0.1736370062E+00    0.1968692054E+00    0.2196486670E+00    0.2417204999E+00    0.2629020093E+00    0.2830747960E+00    0.3021702716E+00    0.3201612891E+00
        0.1114920997    0.2361790113E-01    0.3775962384E-01    0.5500811923E-01    0.7513575509E-01    0.9779021374E-01    0.1224917200E+00    0.1486754755E+00    0.1757573209E+00    0.2031928291E+00    0.2305099620E+00    0.2573250484E+00    0.2833413801E+00    0.3083433515E+00    0.3321884807E+00    0.3547913635E+00    0.3761150293E+00
        0.1220714697    0.2845734054E-01    0.4548784403E-01    0.6626442620E-01    0.9050928575E-01    0.1177704751E+00    0.1474349391E+00    0.1788053400E+00    0.2111857403E+00    0.2439421582E+00    0.2765296375E+00    0.3085053339E+00    0.3395252984E+00    0.3693383086E+00    0.3977776814E+00    0.4247428850E+00    0.4501902176E+00
        0.1336547051    0.3378692540E-01    0.5400972009E-01    0.7869988381E-01    0.1075166954E+00    0.1398830646E+00    0.1750385443E+00    0.2121549017E+00    0.2504286647E+00    0.2891345030E+00    0.3276467908E+00    0.3654532094E+00    0.4021522611E+00    0.4374481513E+00    0.4711428930E+00    0.5031153451E+00    0.5333111768E+00
        0.1463370617    0.3767015471E-01    0.6035222937E-01    0.8819506232E-01    0.1208456139E+00    0.1576477944E+00    0.1977493044E+00    0.2402382611E+00    0.2842262265E+00    0.3288951142E+00    0.3735215072E+00    0.4174985329E+00    0.4603392598E+00    0.5016758426E+00    0.5412538193E+00    0.5789093992E+00    0.6145591533E+00
        0.1602228341    0.4051984634E-01    0.6521486561E-01    0.9581801834E-01    0.1320068013E+00    0.1730957887E+00    0.2181930009E+00    0.2663303301E+00    0.3165313352E+00    0.3678614449E+00    0.4194653679E+00    0.4706043746E+00    0.5206697757E+00    0.5691888640E+00    0.6158227606E+00    0.6603421573E+00    0.7026167149E+00
        0.1754262130    0.4570603638E-01    0.7378993730E-01    0.1087687591E+00    0.1502703128E+00    0.1975309920E+00    0.2495837071E+00    0.3053630499E+00    0.3637627938E+00    0.4236975058E+00    0.4841555668E+00    0.5442512611E+00    0.6032460664E+00    0.6605594339E+00    0.7157686784E+00    0.7685815249E+00    0.8188246990E+00
        0.1920722248    0.5390915140E-01    0.8705980179E-01    0.1282887155E+00    0.1770757746E+00    0.2325258069E+00    0.2935517178E+00    0.3589488126E+00    0.4274515519E+00    0.4978093411E+00    0.5688514427E+00    0.6395492522E+00    0.7090411222E+00    0.7766456053E+00    0.8418623666E+00    0.9043407493E+00    0.9638680994E+00
        0.2102977595    0.6010573810E-01    0.9744490838E-01    0.1441039684E+00    0.1995622082E+00    0.2629226906E+00    0.3330452602E+00    0.4086012438E+00    0.4881463013E+00    0.5702215214E+00    0.6534391872E+00    0.7365636848E+00    0.8185465160E+00    0.8985468927E+00    0.9759365147E+00    0.1050264927E+01    0.1121247687E+01
        0.2302526962    0.6494014520E-01    0.1060351176E+00    0.1578960690E+00    0.2201565000E+00    0.2920127106E+00    0.3722962106E+00    0.4595316919E+00    0.5520422057E+00    0.6480881489E+00    0.7459849795E+00    0.8442121722E+00    0.9414642578E+00    0.1036682039E+01    0.1129062205E+01    0.1218018486E+01    0.1303168626E+01
        0.2521011363    0.7414940005E-01    0.1213013302E+00    0.1808780570E+00    0.2525779568E+00    0.3356015835E+00    0.4286898319E+00    0.5301962966E+00    0.6382153545E+00    0.7507448548E+00    0.8658233557E+00    0.9816601772E+00    0.1096699091E+01    0.1209660717E+01    0.1319559142E+01    0.1425660836E+01    0.1527473268E+01
        0.2760227522    0.8269366647E-01    0.1358413459E+00    0.2033768600E+00    0.2852049699E+00    0.3806017043E+00    0.4882425228E+00    0.6062969450E+00    0.7325843815E+00    0.8647696648E+00    0.1000530547E+01    0.1137719452E+01    0.1274447046E+01    0.1409140877E+01    0.1540571337E+01    0.1667808422E+01    0.1790211744E+01
        0.3022142655    0.9044260971E-01    0.1496288565E+00    0.2256393756E+00    0.3187286450E+00    0.4283095758E+00    0.5529937193E+00    0.6907184611E+00    0.8389448370E+00    0.9949027093E+00    0.1155802347E+01    0.1319038222E+01    0.1482297496E+01    0.1643637752E+01    0.1801522712E+01    0.1954775800E+01    0.2102570772E+01
        0.3308910644    0.1015405452E+00    0.1685405769E+00    0.2550835272E+00    0.3617631844E+00    0.4881512057E+00    0.6328469359E+00    0.7936100589E+00    0.9675766557E+00    0.1151542242E+01    0.1342216497E+01    0.1536477329E+01    0.1731514247E+01    0.1924936079E+01    0.2114824160E+01    0.2299687606E+01    0.2478457734E+01
        0.3622889751    0.1111578426E+00    0.1860050620E+00    0.2838765504E+00    0.4058968387E+00    0.5518829312E+00    0.7204107799E+00    0.9089751011E+00    0.1114253760E+01    0.1332456086E+01    0.1559638948E+01    0.1792022694E+01    0.2026173684E+01    0.2259144718E+01    0.2488545319E+01    0.2712498036E+01    0.2929635808E+01
        0.3966662010    0.1233691296E+00    0.2076467403E+00    0.3189070442E+00    0.4589158669E+00    0.6278651526E+00    0.8244193125E+00    0.1045868871E+01    0.1288428236E+01    0.1547653852E+01    0.1818837113E+01    0.2097403491E+01    0.2379151316E+01    0.2660439625E+01    0.2938282871E+01    0.3210313057E+01    0.3474781545E+01
        0.4343054463    0.1354505113E+00    0.2300353848E+00    0.3565172550E+00    0.5175169121E+00    0.7137178037E+00    0.9438922507E+00    0.1205065847E+01    0.1492870898E+01    0.1802056264E+01    0.2126974064E+01    0.2462077732E+01    0.2802226663E+01    0.3142931162E+01    0.3480474637E+01    0.3811885457E+01    0.4134943672E+01
        0.4755162407    0.1493019065E+00    0.2557577679E+00    0.3998983811E+00    0.5854684138E+00    0.8138641858E+00    0.1084095860E+01    0.1392943250E+01    0.1735372448E+01    0.2105163796E+01    0.2495522811E+01    0.2899707538E+01    0.3311418776E+01    0.3725118824E+01    0.4136185685E+01    0.4540900776E+01    0.4936460290E+01
        0.5206374847    0.1641672213E+00    0.2840942247E+00    0.4487247967E+00    0.6632633217E+00    0.9300483705E+00    0.1248427421E+01    0.1614905483E+01    0.2023645653E+01    0.2467247947E+01    0.2937516525E+01    0.3426247925E+01    0.3925726385E+01    0.4429134709E+01    0.4930743185E+01    0.5425921629E+01    0.5911154189E+01
        0.5700402368    0.1804126041E+00    0.3157574614E+00    0.5042911141E+00    0.7531038307E+00    0.1065775271E+01    0.1442125174E+01    0.1878351985E+01    0.2367644274E+01    0.2901155649E+01    0.3468972345E+01    0.4061103771E+01    0.4668106680E+01    0.5281610340E+01    0.5894539788E+01    0.6501163633E+01    0.7097108946E+01
        0.6241307649    0.1983336271E+00    0.3514075081E+00    0.5679380547E+00    0.8574465174E+00    0.1225129747E+01    0.1671437395E+01    0.2192202380E+01    0.2779406288E+01    0.3422414617E+01    0.4109202790E+01    0.4827600125E+01    0.5566068915E+01    0.6314369164E+01    0.7063809723E+01    0.7807347307E+01    0.8539594761E+01
        0.6833538873    0.2180770603E+00    0.3916228828E+00    0.6411019952E+00    0.9791333831E+00    0.1412973570E+01    0.1943863836E+01    0.2567163366E+01    0.3273331663E+01    0.4049510998E+01    0.4881084729E+01    0.5753236254E+01    0.6651909801E+01    0.7564642829E+01    0.8480828449E+01    0.9391886958E+01    0.1029125574E+02
        0.7481966305    0.2399252700E+00    0.4372232992E+00    0.7256433367E+00    0.1121719722E+01    0.1635286665E+01    0.2268527798E+01    0.3016139986E+01    0.3866628719E+01    0.4804357551E+01    0.5811532357E+01    0.6870147450E+01    0.7963152008E+01    0.9075479803E+01    0.1019428981E+02    0.1130924008E+02    0.1241244008E+02
        0.8191922345    0.2642068230E+00    0.4891889216E+00    0.8238089444E+00    0.1289506309E+01    0.1899277497E+01    0.2656352688E+01    0.3554450438E+01    0.4579530966E+01    0.5712475505E+01    0.6931611554E+01    0.8215127190E+01    0.9542458171E+01    0.1089554437E+02    0.1225899024E+02    0.1362048354E+02    0.1497068060E+02
        0.8969245379    0.2913184489E+00    0.5487119470E+00    0.9383350766E+00    0.1487710455E+01    0.2213622533E+01    0.3120349225E+01    0.4200123117E+01    0.5435557319E+01    0.6803171634E+01    0.8276594617E+01    0.9829531293E+01    0.1143736764E+02    0.1307868028E+02    0.1473522135E+02    0.1639254420E+02    0.1803977820E+02
        0.9820327791    0.3217378601E+00    0.6172396277E+00    0.1072542980E+01    0.1722624851E+01    0.2588674702E+01    0.3675833465E+01    0.4974065737E+01    0.6461568184E+01    0.8109423785E+01    0.9885631503E+01    0.1175870777E+02    0.1369947271E+02    0.1568283403E+02    0.1768744856E+02    0.1969664721E+02    0.2169803799E+02
        1.0752168532    0.3560338950E+00    0.6965183356E+00    0.1230436637E+01    0.2001769400E+01    0.3036636822E+01    0.4340557979E+01    0.5900073487E+01    0.7687571723E+01    0.9667422913E+01    0.1180098786E+02    0.1405091353E+02    0.1638301404E+02    0.1876834174E+02    0.2118230725E+02    0.2360604237E+02    0.2602574756E+02
        1.1772430677    0.3949020704E+00    0.7886697739E+00    0.1416842561E+01    0.2334085118E+01    0.3571755079E+01    0.5134815267E+01    0.7004742571E+01    0.9146362560E+01    0.1151588200E+02    0.1406700114E+02    0.1675592171E+02    0.1954315982E+02    0.2239591022E+02    0.2528631570E+02    0.2819347604E+02    0.3110243007E+02
        1.2889504441    0.4391773981E+00    0.8962587275E+00    0.1637540086E+01    0.2730091782E+01    0.4210417254E+01    0.6081359456E+01    0.8317104463E+01    0.1087279300E+02    0.1369491540E+02    0.1672858003E+02    0.1992318109E+02    0.2323387772E+02    0.2662425508E+02    0.3006332404E+02    0.3352848463E+02    0.3700400295E+02
        1.4112576178    0.4898691690E+00    0.1022369314E+01    0.1899382538E+01    0.3201994454E+01    0.4971125118E+01    0.7205108038E+01    0.9867953218E+01    0.1290268346E+02    0.1624455314E+02    0.1982938825E+02    0.2359975824E+02    0.2750572478E+02    0.3150781610E+02    0.3557221205E+02    0.3967511027E+02    0.4380052552E+02
        1.5451703927    0.5481912111E+00    0.1170690702E+01    0.2210419571E+01    0.3763746161E+01    0.5874347394E+01    0.8532646875E+01    0.1168893366E+02    0.1527151368E+02    0.1920312900E+02    0.2341006278E+02    0.2782852673E+02    0.3240413107E+02    0.3709522732E+02    0.4186560452E+02    0.4669088877E+02    0.5155545813E+02
        1.6917900122    0.6156204215E+00    0.1345643105E+01    0.2580052083E+01    0.4431101925E+01    0.6942307263E+01    0.1009164047E+02    0.1381157486E+02    0.1801318979E+02    0.2260596275E+02    0.2750701202E+02    0.3264726251E+02    0.3796892915E+02    0.4342936413E+02    0.4899047685E+02    0.5462801736E+02    0.6032736625E+02
        1.8523222157    0.6939173560E+00    0.1552428917E+01    0.3019031335E+01    0.5221391149E+01    0.8198359980E+01    0.1190976245E+02    0.1626587472E+02    0.2115850158E+02    0.2648395822E+02    0.3215140438E+02    0.3808821391E+02    0.4423462302E+02    0.5054835527E+02    0.5698991148E+02    0.6353582447E+02    0.7017305190E+02
        2.0280871538    0.7852020603E+00    0.1797164148E+01    0.3539536136E+01    0.6153351413E+01    0.9666461339E+01    0.1401385344E+02    0.1907937579E+02    0.2473443720E+02    0.3086347459E+02    0.3736983718E+02    0.4417970314E+02    0.5123295736E+02    0.5848907405E+02    0.6590744027E+02    0.7346588068E+02    0.8115335533E+02
        2.2205302450    0.8919958834E+00    0.2086928465E+01    0.4155069331E+01    0.7246673315E+01    0.1137031466E+02    0.1642885564E+02    0.2227623663E+02    0.2876377219E+02    0.3576673318E+02    0.4318571707E+02    0.5094848783E+02    0.5899616214E+02    0.6729110604E+02    0.7579159174E+02    0.8447700984E+02    0.9333855735E+02
        2.4312340620    0.1017409269E+01    0.2430049508E+01    0.4880676460E+01    0.8522017184E+01    0.1333327996E+02    0.1917794983E+02    0.2587802497E+02    0.3326687301E+02    0.4121480581E+02    0.4962340089E+02    0.5842485667E+02    0.6756273011E+02    0.7700293417E+02    0.8670228901E+02    0.9664178576E+02    0.1068149461E+03
        2.6619313461    0.1164687976E+01    0.2835171914E+01    0.5731190515E+01    0.9998252499E+01    0.1557477768E+02    0.2227853505E+02    0.2989969035E+02    0.3825790374E+02    0.4722404506E+02    0.5670461606E+02    0.6663867953E+02    0.7697274847E+02    0.8767630870E+02    0.9870415831E+02    0.1100388008E+03    0.1216761676E+03
        2.9145192568    0.1338156508E+01    0.3312843475E+01    0.6723475748E+01    0.1169556960E+02    0.1811474788E+02    0.2574854866E+02    0.3435804061E+02    0.4375542534E+02    0.5381845172E+02    0.6446204156E+02    0.7563361962E+02    0.8728230766E+02    0.9938065456E+02    0.1118809074E+03    0.1247671089E+03    0.1380378948E+03
        3.1910749729    0.1542466463E+01    0.3873949058E+01    0.7873676916E+01    0.1363158309E+02    0.2096898274E+02    0.2960136676E+02    0.3926627381E+02    0.4977630541E+02    0.6102245296E+02    0.7293038711E+02    0.8545611193E+02    0.9855029434E+02    0.1121879156E+03    0.1263185547E+03    0.1409281971E+03    0.1560188501E+03
        3.4938727747    0.1783165563E+01    0.4530537311E+01    0.9198355218E+01    0.1582321194E+02    0.2415226551E+02    0.3385040110E+02    0.4463983440E+02    0.5634231439E+02    0.6886753647E+02    0.8215249065E+02    0.9616073928E+02    0.1108432796E+03    0.1261774395E+03    0.1421106961E+03    0.1586318802E+03    0.1757473938E+03
        3.8254027466    0.2066298175E+01    0.5294835208E+01    0.1071285962E+02    0.1828477864E+02    0.2767649145E+02    0.3850715515E+02    0.5049401448E+02    0.6347667915E+02    0.7738714696E+02    0.9217235281E+02    0.1078017918E+03    0.1242263216E+03    0.1414266613E+03    0.1593493636E+03    0.1779873425E+03    0.1973525504E+03
        4.1883912545    0.2398745042E+01    0.6179647956E+01    0.1243205505E+02    0.2102956556E+02    0.3155318316E+02    0.4358442503E+02    0.5684736361E+02    0.7120708338E+02    0.8661885104E+02    0.1030367344E+03    0.1204351479E+03    0.1387658946E+03    0.1580152674E+03    0.1781301954E+03    0.1991088799E+03    0.2209698571E+03
        4.5858233661    0.2787910964E+01    0.7197584605E+01    0.1436933735E+02    0.2406891763E+02    0.3579252674E+02    0.4909491630E+02    0.6371944363E+02    0.7956204237E+02    0.9659935452E+02    0.1147897168E+03    0.1341134224E+03    0.1545259226E+03    0.1760215742E+03    0.1985485348E+03    0.2221111826E+03    0.2467354707E+03
        5.0209673996    0.3241887327E+01    0.8361249437E+01    0.1653728651E+02    0.2741352112E+02    0.4040500129E+02    0.5505294465E+02    0.7113216963E+02    0.8857150065E+02    0.1073649723E+03    0.1274742819E+03    0.1488891105E+03    0.1715717935E+03    0.1955263431E+03    0.2207023835E+03    0.2471110328E+03    0.2747863761E+03
        5.4974018001    0.3769189325E+01    0.9682738372E+01    0.1894725625E+02    0.3107297601E+02    0.4540064539E+02    0.6147322817E+02    0.7910766120E+02    0.9826372420E+02    0.1189488628E+03    0.1411308186E+03    0.1648136488E+03    0.1899686373E+03    0.2166094261E+03    0.2446870181E+03    0.2742196899E+03    0.3052506141E+03
        6.0190445678    0.4378690443E+01    0.1117361272E+02    0.2160965984E+02    0.3505615090E+02    0.5078934858E+02    0.6837096747E+02    0.8766759312E+02    0.1086645518E+03    0.1313817197E+03    0.1557989502E+03    0.1819386540E+03    0.2097808395E+03    0.2393471333E+03    0.2705901688E+03    0.3035365561E+03    0.3382410545E+03
        6.5901854779    0.5079369997E+01    0.1284461441E+02    0.2453372955E+02    0.3937070012E+02    0.5658017684E+02    0.7576068713E+02    0.9683120139E+02    0.1197960190E+03    0.1446917931E+03    0.1715171771E+03    0.2003135534E+03    0.2310671045E+03    0.2638052262E+03    0.2984848227E+03    0.3351448280E+03    0.3738566082E+03
        7.2155213579    0.5880368634E+01    0.1470599876E+02    0.2772807570E+02    0.4402368817E+02    0.6278222700E+02    0.8365676839E+02    0.1066157174E+03    0.1316785248E+03    0.1589077619E+03    0.1883241638E+03    0.2199844345E+03    0.2538774074E+03    0.2900378690E+03    0.3284343518E+03    0.3691244819E+03    0.4122006680E+03
        7.9001947124    0.6790791353E+01    0.1676738890E+02    0.3120037874E+02    0.4902112456E+02    0.6940411211E+02    0.9207215955E+02    0.1170354937E+03    0.1443314210E+03    0.1740580908E+03    0.2062553161E+03    0.2409884269E+03    0.2782498997E+03    0.3180925208E+03    0.3605041695E+03    0.4055640650E+03    0.4533857726E+03
        8.6498360130    0.7819539256E+01    0.1903763272E+02    0.3495703504E+02    0.5436760040E+02    0.7645347138E+02    0.1010171907E+03    0.1281021487E+03    0.1577734851E+03    0.1901689284E+03    0.2253379633E+03    0.2633513553E+03    0.3042181067E+03    0.3480208289E+03    0.3947658861E+03    0.4445516004E+03    0.4975119568E+03
        9.4706100008    0.8975308027E+01    0.2152488296E+02    0.3900315757E+02    0.6006654968E+02    0.8393702824E+02    0.1104995336E+03    0.1398262991E+03    0.1720233216E+03    0.2072614975E+03    0.2455896496E+03    0.2870958711E+03    0.3318225095E+03    0.3798780917E+03    0.4312817103E+03    0.4861509659E+03    0.5446467105E+03
       10.3692663829    0.1026625159E+02    0.2423599663E+02    0.4334164037E+02    0.6611933868E+02    0.9185890504E+02    0.1205229464E+03    0.1522169320E+03    0.1870956597E+03    0.2253465844E+03    0.2670211420E+03    0.3122486001E+03    0.3611022014E+03    0.4137017300E+03    0.4700844018E+03    0.5303992001E+03    0.5948456800E+03
       11.3531953391    0.1170105285E+02    0.2717837289E+02    0.4797593967E+02    0.7252928912E+02    0.1002249672E+03    0.1310940852E+03    0.1652882613E+03    0.2030057970E+03    0.2444347462E+03    0.2896557901E+03    0.3388452053E+03    0.3920865139E+03    0.4495157364E+03    0.5112088129E+03    0.5773557235E+03    0.6481927820E+03
       12.4304882957    0.1328698409E+02    0.3035642222E+02    0.5290504674E+02    0.7929516756E+02    0.1090342335E+03    0.1422139459E+03    0.1790469481E+03    0.2197541437E+03    0.2645304914E+03    0.3135119806E+03    0.3668957051E+03    0.4247756198E+03    0.4873359288E+03    0.5546926424E+03    0.6270669879E+03    0.7047316459E+03
       13.6100044661    0.1503112710E+02    0.3377367323E+02    0.5812693036E+02    0.8641571699E+02    0.1182847431E+03    0.1538855182E+03    0.1934973593E+03    0.2373387950E+03    0.2856466958E+03    0.3385986011E+03    0.3963957609E+03    0.4591831789E+03    0.5271892181E+03    0.6005559734E+03    0.6795440590E+03    0.7644811073E+03
       14.9014437053    0.1694101504E+02    0.3743381418E+02    0.6364041355E+02    0.9389171495E+02    0.1279771636E+03    0.1661167283E+03    0.2086429936E+03    0.2557686211E+03    0.3077991120E+03    0.3649144613E+03    0.4273590330E+03    0.4953343508E+03    0.5690864478E+03    0.6488065520E+03    0.7348165601E+03    0.8274930663E+03
       16.3154262774    0.1902164376E+02    0.4133556872E+02    0.6943823502E+02    0.1017162657E+03    0.1381044310E+03    0.1789049012E+03    0.2244728488E+03    0.2750459125E+03    0.3309743904E+03    0.3924487663E+03    0.4597876135E+03    0.5332073825E+03    0.6130119553E+03    0.6994506799E+03    0.7928863254E+03    0.8937585004E+03
       17.8635801925    0.2127942910E+02    0.4547958516E+02    0.7551743731E+02    0.1098878146E+03    0.1486690995E+03    0.1922536425E+03    0.2409912654E+03    0.2951795985E+03    0.3551688716E+03    0.4212179717E+03    0.4936733690E+03    0.5728078561E+03    0.6589798457E+03    0.7524861549E+03    0.8537554146E+03    0.9632948411E+03
       19.5586368304    0.2371787196E+02    0.4986120870E+02    0.8186936791E+02    0.1183968918E+03    0.1596668501E+03    0.2061521684E+03    0.2581974818E+03    0.3161515369E+03    0.3803780395E+03    0.4512002704E+03    0.5289994137E+03    0.6141207928E+03    0.7069633907E+03    0.8078938989E+03    0.9174106455E+03    0.1036086304E+04
       21.4145356385    0.2634210292E+02    0.5447838446E+02    0.8849110630E+02    0.1272414698E+03    0.1711033823E+03    0.2206005769E+03    0.2761013203E+03    0.3379600026E+03    0.4066077432E+03    0.4823886421E+03    0.5657721510E+03    0.6571351737E+03    0.7569587222E+03    0.8656740609E+03    0.9838405863E+03    0.1112129574E+04
       23.4465387640    0.2915660314E+02    0.5932804507E+02    0.9538016371E+02    0.1364211788E+03    0.1829833472E+03    0.2356067203E+03    0.2947012242E+03    0.3606194797E+03    0.4338470571E+03    0.5147964076E+03    0.6039739651E+03    0.7018563679E+03    0.8089625860E+03    0.9258084023E+03    0.1053053322E+04    0.1191414580E+04
       25.6713565631    0.3216240165E+02    0.6440190080E+02    0.1025282685E+03    0.1459303800E+03    0.1952990120E+03    0.2511729399E+03    0.3139829580E+03    0.3841160005E+03    0.4620892055E+03    0.5483871123E+03    0.6436009025E+03    0.7482381249E+03    0.8629472041E+03    0.9882794732E+03    0.1124981111E+04    0.1273930808E+04
       28.1072850208    0.3535966040E+02    0.6969120813E+02    0.1099275832E+03    0.1557666330E+03    0.2080432901E+03    0.2672950535E+03    0.3339490052E+03    0.4084275510E+03    0.4913181149E+03    0.5831533131E+03    0.6846047129E+03    0.7962886334E+03    0.9188497829E+03    0.1053055390E+04    0.1199630055E+04    0.1359563643E+04
       30.7743562090    0.3874711008E+02    0.7518631160E+02    0.1175696731E+03    0.1659288140E+03    0.2212127605E+03    0.2839616819E+03    0.3545877183E+03    0.4335593429E+03    0.5215019904E+03    0.6190793056E+03    0.7269691289E+03    0.8459365172E+03    0.9767143658E+03    0.1120022242E+04    0.1276964978E+04    0.1448366916E+04
       33.6945030221    0.4232199157E+02    0.8087703529E+02    0.1254460815E+03    0.1764144207E+03    0.2348107005E+03    0.3011657302E+03    0.3758848527E+03    0.4594764370E+03    0.5526512483E+03    0.6560969369E+03    0.7707153273E+03    0.8971331290E+03    0.1036424906E+04    0.1189305990E+04    0.1356771398E+04    0.1540307190E+04
       36.8917395444    0.4608003033E+02    0.8675303724E+02    0.1335489055E+03    0.1872179919E+03    0.2488387137E+03    0.3189046074E+03    0.3978411292E+03    0.4861656670E+03    0.5847248239E+03    0.6942459112E+03    0.8156805811E+03    0.9499964494E+03    0.1097875264E+04    0.1260726731E+04    0.1439327605E+04    0.1635003816E+04
       40.3923585315    0.5001545149E+02    0.9280412036E+02    0.1418721372E+03    0.1983334926E+03    0.2632829519E+03    0.3371786055E+03    0.4204121038E+03    0.5136529797E+03    0.6176479716E+03    0.7335033212E+03    0.8619559898E+03    0.1004217379E+04    0.1161357106E+04    0.1334070526E+04    0.1524355634E+04    0.1732981755E+04
       44.2251476316    0.5412103190E+02    0.9902055518E+02    0.1504124578E+03    0.2097555106E+03    0.2781417443E+03    0.3559568755E+03    0.4436295203E+03    0.5418265509E+03    0.6515615241E+03    0.7736516280E+03    0.9096040121E+03    0.1059920892E+04    0.1226343422E+04    0.1409903509E+04    0.1611495019E+04    0.1833788944E+04
       48.4216261230    0.5838818087E+02    0.1053928714E+03    0.1591672450E+03    0.2214900822E+03    0.2934150451E+03    0.3752352316E+03    0.4674691579E+03    0.5707282665E+03    0.6862512382E+03    0.8150202629E+03    0.9581410384E+03    0.1117352010E+04    0.1292992034E+04    0.1487384817E+04    0.1701696040E+04    0.1936915606E+04
       53.0163041156    0.6280709412E+02    0.1119118838E+03    0.1681365759E+03    0.2335419267E+03    0.3090772786E+03    0.3950544732E+03    0.4918120178E+03    0.6004500395E+03    0.7216856460E+03    0.8573229377E+03    0.1008158340E+04    0.1175644681E+04    0.1361807124E+04    0.1566749104E+04    0.1793647957E+04    0.2043832599E+04
       58.0469663481    0.6736692445E+02    0.1185691154E+03    0.1773177859E+03    0.2458907456E+03    0.3251656137E+03    0.4152927849E+03    0.5168611014E+03    0.6306247647E+03    0.7582361190E+03    0.9003046369E+03    0.1059343342E+04    0.1235725555E+04    0.1431416521E+04    0.1648816250E+04    0.1887771343E+04    0.2152516398E+04
       63.5549829136    0.7205597204E+02    0.1253555012E+03    0.1867020888E+03    0.2585542472E+03    0.3416331931E+03    0.4360157463E+03    0.5424176632E+03    0.6616410866E+03    0.7951906066E+03    0.9447818144E+03    0.1111089414E+04    0.1297248821E+04    0.1503214634E+04    0.1731530080E+04    0.1985247788E+04    0.2263805041E+04
       69.5856494710    0.7686218676E+02    0.1322645223E+03    0.1962975995E+03    0.2715233905E+03    0.3584333595E+03    0.4573111823E+03    0.5683635829E+03    0.6933884322E+03    0.8330496123E+03    0.9896490788E+03    0.1164806933E+04    0.1359165730E+04    0.1576758523E+04    0.1816996495E+04    0.2083104879E+04    0.2379133017E+04
       76.1885597370    0.8177322003E+02    0.1392917988E+03    0.2060957111E+03    0.2847544096E+03    0.3757256652E+03    0.4788260179E+03    0.5951854229E+03    0.7253101097E+03    0.8719801019E+03    0.1035428018E+04    0.1218882894E+04    0.1423685505E+04    0.1650484174E+04    0.1904442794E+04    0.2184545923E+04    0.2494501015E+04
       83.4180133251    0.8677670511E+02    0.1464297105E+03    0.2160926310E+03    0.2983472588E+03    0.3932694046E+03    0.5009650733E+03    0.6221710238E+03    0.7584452391E+03    0.9108457942E+03    0.1082730691E+04    0.1273851420E+04    0.1488433038E+04    0.1727629200E+04    0.1991915370E+04    0.2288004722E+04    0.2614616897E+04
       91.3334622825    0.9186138005E+02    0.1536858231E+03    0.2263373355E+03    0.3121913405E+03    0.4111526777E+03    0.5235675518E+03    0.6497038800E+03    0.7917971321E+03    0.9512674795E+03    0.1129678048E+04    0.1330947036E+04    0.1554149225E+04    0.1804692191E+04    0.2083793010E+04    0.2391502521E+04    0.2736455883E+04
      100.0000000000    0.9701499949E+02    0.1610577526E+03    0.2367547029E+03    0.3262608949E+03    0.4295972606E+03    0.5462042359E+03    0.6781110818E+03    0.8254772877E+03    0.9919959556E+03    0.1178570998E+04    0.1387295175E+04    0.1622646336E+04    0.1883025804E+04    0.2175034786E+04    0.2500529421E+04    0.2858680964E+04
