7.389889999999999816e-05 3.164635368654571721e+02 3.164635368654565468e+02
1.218389999999999968e-04 5.128521605187085015e+02 5.128521605187075920e+02
2.008780000000000103e-04 8.307731013881873423e+02 8.307731013881790432e+02
3.311920000000000098e-04 1.344401975618315191e+03 1.344401975618262668e+03
5.460429999999999624e-04 2.170060990637160103e+03 2.170060990636794486e+03
9.002730000000000454e-04 3.482916958105504818e+03 3.482922530592501516e+03
1.484300000000000029e-03 5.527206656470854796e+03 5.527233468770606123e+03
2.447200000000000070e-03 8.588223602000069150e+03 8.588232333339330580e+03
4.034740000000000201e-03 1.285702596363637167e+04 1.285714154587697521e+04
4.571959999999999913e-03 1.410193080489871500e+04 1.410186842826676366e+04
5.180709999999999829e-03 1.540109651428383404e+04 1.540116370000193274e+04
5.870519999999999732e-03 1.673913055920521583e+04 1.673906086112106277e+04
6.652169999999999785e-03 1.809479668429724916e+04 1.809484036602090055e+04
7.537890000000000215e-03 1.944080445076101751e+04 1.944082429274600145e+04
8.541550000000000184e-03 2.074309803025894871e+04 2.074320974855121312e+04
9.678849999999999260e-03 2.195973960821866058e+04 2.195981088373329840e+04
1.096759999999999922e-02 2.304125457237226146e+04 2.304116249794819305e+04
1.242790000000000041e-02 2.393023082884054384e+04 2.393025892521526475e+04
1.408260000000000067e-02 2.456282942642677153e+04 2.456286396727527244e+04
1.595769999999999827e-02 2.487300256414709656e+04 2.487296140186006596e+04
1.808250000000000135e-02 2.479690879096578283e+04 2.479716219660631759e+04
2.049010000000000067e-02 2.428377496660557517e+04 2.428376985041350417e+04
2.321830000000000074e-02 2.330870261412933178e+04 2.330848389309165213e+04
2.630980000000000124e-02 2.188986253771138217e+04 2.188986226354210885e+04
2.981289999999999982e-02 2.010498144714358932e+04 2.010496345226374615e+04
3.378250000000000003e-02 1.809892940304062722e+04 1.809896416704709554e+04
3.828059999999999796e-02 1.628535684281741487e+04 1.628538238900394026e+04
4.337760000000000227e-02 1.445030575057064743e+04 1.445032206592266812e+04
4.915320000000000106e-02 1.284416452371719606e+04 1.284420097439148594e+04
5.569790000000000157e-02 1.180107419531006417e+04 1.180106854969051710e+04
6.311400000000000343e-02 1.090872632835433069e+04 1.090870752006743351e+04
7.050389999999999435e-02 9.983193738230818781e+03 9.983150793614693612e+03
7.789379999999999915e-02 8.976600484034923284e+03 8.976552187151453836e+03
8.528370000000000395e-02 7.833065230607061494e+03 7.833015165926913141e+03
9.267359999999999487e-02 6.771218108345287874e+03 6.771153028437664034e+03
1.000629999999999992e-01 5.945364322172331413e+03 5.945308311031504672e+03
1.074530000000000068e-01 5.387175012896127555e+03 5.387106564592919312e+03
1.148430000000000006e-01 5.035198103487432491e+03 5.035117600596789089e+03
1.222329999999999944e-01 4.786285342736048733e+03 4.786186528643497695e+03
1.296229999999999882e-01 4.537669939746223463e+03 4.537620680585123409e+03
1.370129999999999959e-01 4.230561519780068011e+03 4.230514153027574139e+03
1.444030000000000036e-01 3.869558867344806004e+03 3.869486273303176404e+03
1.517930000000000113e-01 3.501814530121056578e+03 3.501758925308207381e+03
1.591829999999999912e-01 3.183976750739440831e+03 3.183891682037347891e+03
1.665719999999999978e-01 2.947053448461614153e+03 2.946977622327228346e+03
1.739620000000000055e-01 2.784043124680028995e+03 2.783961283205945620e+03
1.813520000000000132e-01 2.668055124718087882e+03 2.668007989082169388e+03
1.887419999999999931e-01 2.566962867450343310e+03 2.566857086683100988e+03
1.961320000000000008e-01 2.453605658616344499e+03 2.453520233327717506e+03
2.035220000000000085e-01 2.319502855467393601e+03 2.319427800461176048e+03
2.109119999999999884e-01 2.173538871465093052e+03 2.173451955091022683e+03
2.183019999999999960e-01 2.032453321500523998e+03 2.032381864820049032e+03
2.315280000000000116e-01 1.836573402852915251e+03 1.836498854191785995e+03
2.455559999999999965e-01 1.706763681555191624e+03 1.706689517462371214e+03
2.604339999999999988e-01 1.592250852195630159e+03 1.592179593645132400e+03
2.762129999999999863e-01 1.452247732678639068e+03 1.452176064958002826e+03
2.929479999999999862e-01 1.318007389307156927e+03 1.317936136712086409e+03
3.106970000000000010e-01 1.220350455481016525e+03 1.220279853586944910e+03
3.295219999999999816e-01 1.133709407761886951e+03 1.133638410706045988e+03
3.494869999999999921e-01 1.040507831734071942e+03 1.040439078003897066e+03
3.706619999999999915e-01 9.617392523486126947e+02 9.616727760617634431e+02
3.931189999999999962e-01 8.957368625079178628e+02 8.956686503593036832e+02
4.169379999999999753e-01 8.303714232446620827e+02 8.303059787826266529e+02
4.421990000000000087e-01 7.737363141197153027e+02 7.736733340561929708e+02
6.171389999999999931e-01 5.421421969794746474e+02 5.420856324763456087e+02
8.612859999999999960e-01 4.040537898376299495e+02 4.040103545545091492e+02
1.202020000000000088e+00 3.049635299249289915e+02 3.049323335205596663e+02
1.677559999999999940e+00 2.184732891118267446e+02 2.184532379263501696e+02
2.341219999999999857e+00 1.416521544133767350e+02 1.416406789547567939e+02
3.267430000000000057e+00 8.293835640659261799e+01 8.293230840249917435e+01
4.560069999999999624e+00 4.534954979951132970e+01 4.534653116659661976e+01
6.364090000000000025e+00 2.373452198675415303e+01 2.373307248834844074e+01
